   3.1287448930709218e+01    2.1500574097721031e-01
   3.1468730488211108e+01    3.8675863222844126e-01
   3.1925770299722572e+01    4.4384351487994628e-01
   2.9655593138427626e+01    1.7863296967225389e-01
   2.9996375274297556e+01    2.7434645507395733e-01
   3.0294786924936460e+01    4.6404086364785141e-01
   3.0656221562244795e+01    5.3154513041872442e-01
   3.1087174051223954e+01    6.1119811672675473e-01
   3.1516282453559427e+01    7.0858791722271719e-01
   3.1758034100197222e+01    9.0019536288069513e-01
   2.8031459487291720e+01    1.8602208753273186e-01
   2.8272031444194077e+01    4.4407628039977870e-01
   2.8620330419845828e+01    4.9168421642897869e-01
   2.9102651304162613e+01    5.0214080858802390e-01
   2.9539917829789566e+01    5.5258344433188078e-01
   2.9839607515408858e+01    7.3178946396154365e-01
   3.0181142876150211e+01    8.5356834135913795e-01
   3.0656234705157715e+01    8.4535451930911665e-01
   3.0932631976657490e+01    1.0169841028449347e+00
   3.1367317506109501e+01    1.0676717406137557e+00
   3.1666677259294147e+01    1.2015828862471638e+00
   3.1987603626170895e+01    1.2957556189033084e+00
   2.6370740951832474e+01    1.3741618746540624e-01
   2.6673327063536753e+01    4.1103137169054643e-01
   2.7052786072903608e+01    4.9452752701761699e-01
   2.7506079247825404e+01    4.8458228481189508e-01
   2.7835614675867916e+01    6.6345814540495762e-01
   2.8259379804296017e+01    6.7315049983796427e-01
   2.8664351926861798e+01    7.5188398076595586e-01
   2.9037458377249891e+01    8.4042638016842774e-01
   2.9294453990058017e+01    1.1327013328431701e+00
   2.9711121492306027e+01    1.1136190016150698e+00
   3.0086505745464137e+01    1.2428784624829796e+00
   3.0583342750497884e+01    1.2784595001816634e+00
   3.0951124961542149e+01    1.3354569598020631e+00
   3.1262123897126202e+01    1.5421423630440927e+00
   3.1732184709709131e+01    1.5140131756888604e+00
   3.1981775424097208e+01    1.6947227445564441e+00
   2.4771678993302977e+01    1.7682999768580737e-01
   2.5070841602793834e+01    3.5399274302843814e-01
   2.5494310335875419e+01    4.2355162777980399e-01
   2.5863981953952745e+01    5.3868155085212255e-01
   2.6223863461517183e+01    6.3239468943961030e-01
   2.6670647268912980e+01    7.1512583659402285e-01
   2.7014726009906084e+01    7.3328616982066863e-01
   2.7478586086814666e+01    8.8926757463331296e-01
   2.7790433420087830e+01    9.4815503045183802e-01
   2.8064780397172257e+01    1.1116121241327452e+00
   2.8524496377676343e+01    1.1484774057051617e+00
   2.8820721772731780e+01    1.3243985128721114e+00
   2.9189840935262616e+01    1.4542802680065359e+00
   2.9621849842518117e+01    1.5330971837713676e+00
   2.9962511879356200e+01    1.6344122738319184e+00
   3.0463823819636886e+01    1.5852953501180729e+00
   3.0887426701071028e+01    1.7448664470119803e+00
   3.1126423321238690e+01    1.9567894823337439e+00
   3.1495473596777678e+01    2.0066760368999641e+00
   3.1911091025603859e+01    2.1355974983039117e+00
   2.3135567163255132e+01    2.2757138543642741e-01
   2.3506577545634613e+01    3.2430036480286700e-01
   2.3981249707836504e+01    4.2227526965382250e-01
   2.4140140726967445e+01    6.0242621940196384e-01
   2.4701974874831819e+01    5.9517423197565822e-01
   2.5073254460324186e+01    7.1276378322016265e-01
   2.5405823182027596e+01    7.7181878851820884e-01
   2.5730211573448742e+01    9.3738173941183689e-01
   2.6090733004911158e+01    1.0878260350117541e+00
   2.6489373415877289e+01    1.1245027837643684e+00
   2.6867062210835130e+01    1.2843272216348849e+00
   2.7295209820915844e+01    1.2895343077721799e+00
   2.7675978589535646e+01    1.3608476173088933e+00
   2.8000662469895516e+01    1.5380980621370044e+00
   2.8384386127902602e+01    1.6123739202068028e+00
   2.8814322533751962e+01    1.6276819240873246e+00
   2.9198880540127448e+01    1.7616893755481557e+00
   2.9496746533278277e+01    1.8886093072757251e+00
   2.9885327630618626e+01    2.0176201858079108e+00
   3.0314557038393730e+01    2.1295972600321567e+00
   3.0726681624810738e+01    2.1046338378359692e+00
   3.1103511598389922e+01    2.2176809264533701e+00
   3.1359426319911449e+01    2.3487651674790935e+00
   3.1717544411125282e+01    2.5554825669160226e+00
   2.1630311612674461e+01    1.4961707530277374e-01
   2.1903023430110224e+01    3.2197108260256418e-01
   2.2186932102945086e+01    5.3495195472885748e-01
   2.2670777565160463e+01    5.3268996877473829e-01
   2.2998293063448514e+01    6.3531975801068208e-01
   2.3484725866693331e+01    7.1988157697352750e-01
   2.3763877711459351e+01    8.7303032148903670e-01
   2.4131849361731206e+01    9.5862100393148397e-01
   2.4530290816187971e+01    1.0344235246377849e+00
   2.4948966918093099e+01    1.0569325758269541e+00
   2.5318438673253276e+01    1.1836776161719234e+00
   2.5675003181519322e+01    1.3066889815585836e+00
   2.5960350776716858e+01    1.4399541756822234e+00
   2.6416404416555523e+01    1.5298885002035845e+00
   2.6795059442214850e+01    1.5758872904876184e+00
   2.7258310413090221e+01    1.6238591492435035e+00
   2.7557618047827091e+01    1.7836802787255952e+00
   2.8043647499606472e+01    1.7504355070992172e+00
   2.8360238518035558e+01    1.9035441883905186e+00
   2.8697224164887508e+01    2.0987970702086916e+00
   2.9089902225427394e+01    2.1658291891630510e+00
   2.9485103272043823e+01    2.2102155253134952e+00
   2.9912443272785858e+01    2.2570442225677727e+00
   3.0271210805179450e+01    2.3461280646621137e+00
   3.0562737835468326e+01    2.5832555813311529e+00
   3.1021609497118355e+01    2.5640911748778938e+00
   3.1337798070489789e+01    2.7618443825779107e+00
   3.1813173151930890e+01    2.7660036159924561e+00
   3.2075042066208567e+01    3.0435474480230371e+00
   1.9969235952546931e+01    2.0990145961117468e-01
   2.0290251147386861e+01    3.3976808679962561e-01
   2.0678215887431698e+01    3.9116871399817915e-01
   2.1073636737936596e+01    5.0753407088487335e-01
   2.1435883063418643e+01    6.2784352529774656e-01
   2.1740325045067848e+01    7.3953267908829001e-01
   2.2179574790933870e+01    7.8518436051009766e-01
   2.2552354028110670e+01    8.8381149827678918e-01
   2.2937320824398327e+01    9.9989310420560340e-01
   2.3341055700334145e+01    1.0217351299039443e+00
   2.3672794152504203e+01    1.2064915376204213e+00
   2.4065705613049381e+01    1.2960016179768383e+00
   2.4484143329706399e+01    1.3602269092560064e+00
   2.4842156277616880e+01    1.4805719854949291e+00
   2.5226992551183137e+01    1.5253012610317778e+00
   2.5531400995744207e+01    1.7073626917940423e+00
   2.6017809325978760e+01    1.7064537007443383e+00
   2.6296756322584798e+01    1.9062880207244779e+00
   2.6581952547681816e+01    2.1047056253327399e+00
   2.7038158464028776e+01    2.1020050739706342e+00
   2.7371116034673037e+01    2.1761901553005139e+00
   2.7873972040619748e+01    2.2343848889674347e+00
   2.8226495782969067e+01    2.3668434708009700e+00
   2.8664109462778640e+01    2.3859699440883220e+00
   2.8940595562241583e+01    2.5689445806965021e+00
   2.9402610646098694e+01    2.5164230533716028e+00
   2.9794144366806854e+01    2.6776926224981348e+00
   3.0140519038725714e+01    2.7866284719933399e+00
   3.0472216702545332e+01    2.9370832819235919e+00
   3.0908858713206691e+01    2.9111199559766137e+00
   3.1263148591129983e+01    3.1038322220867869e+00
   3.1676452414078540e+01    3.1730862184506679e+00
   1.8278620462624467e+01    2.5900063132850193e-01
   1.8689390422603047e+01    2.4572551883380656e-01
   1.9023433416572843e+01    4.4793816673963088e-01
   1.9309399635085356e+01    5.6996612499723276e-01
   1.9762054245720854e+01    7.1301463157535594e-01
   2.0268110777565262e+01    6.9247321041131227e-01
   2.0557391276152792e+01    8.1302472102383994e-01
   2.0896221462852324e+01    9.6227600269383728e-01
   2.1294515172839731e+01    1.0521474225147449e+00
   2.1741191570912704e+01    1.0543910537111669e+00
   2.2148043130025883e+01    1.1351167736357148e+00
   2.2396333149238885e+01    1.3521267054221497e+00
   2.2781282723778574e+01    1.4380244335026158e+00
   2.3210816684570275e+01    1.4309626557505188e+00
   2.3606531211198323e+01    1.5558523246748459e+00
   2.3972888549200626e+01    1.6731845920688655e+00
   2.4461773638714554e+01    1.6681134670996971e+00
   2.4722757445787728e+01    1.9222040882692497e+00
   2.5111875589742176e+01    1.9217544646862559e+00
   2.5529251449676124e+01    2.0424524507972457e+00
   2.5846480125983732e+01    2.1705630397944868e+00
   2.6245546548609987e+01    2.2377098646543558e+00
   2.6601392728704432e+01    2.3499155802430010e+00
   2.7059733688594868e+01    2.3702158969355671e+00
   2.7400257045041464e+01    2.5174087718405196e+00
   2.7779407422556666e+01    2.5906376835953555e+00
   2.8063394952869047e+01    2.7175211777298669e+00
   2.8533516494773743e+01    2.7852568050885020e+00
   2.9009027537382977e+01    2.8051101267806575e+00
   2.9314448439442693e+01    2.9559682881763516e+00
   2.9583544143010180e+01    3.1329679299696584e+00
   3.0032390934530348e+01    3.2365864288202180e+00
   3.0463637552836559e+01    3.2563741265885580e+00
   3.0853781750406469e+01    3.2545100989735447e+00
   3.1094262160122277e+01    3.5859447685736163e+00
   3.1540922696058978e+01    3.5661664974462659e+00
   3.1952762670430708e+01    3.6119284433754242e+00
   1.6681683123948893e+01    1.9550256461336935e-01
   1.7037376121127252e+01    3.5795834054733716e-01
   1.7401043694020110e+01    4.6183661586979657e-01
   1.7750100879786110e+01    5.6402643476568326e-01
   1.8203549956847361e+01    5.9111583642747412e-01
   1.8598098389856780e+01    6.9814931725825380e-01
   1.8974888028289413e+01    8.0035069285343141e-01
   1.9382524536546576e+01    8.4721319911818349e-01
   1.9723557294169751e+01    9.8288517783999718e-01
   2.0012977832760463e+01    1.1082910006789211e+00
   2.0467068193331372e+01    1.1548784575005535e+00
   2.0848049967781236e+01    1.2877108419056575e+00
   2.1111815087150383e+01    1.4612472808244488e+00
   2.1600810305210501e+01    1.4044726162382188e+00
   2.1847069970979476e+01    1.5836679402559890e+00
   2.2286039636839156e+01    1.7723715726055125e+00
   2.2758269483257600e+01    1.7488194273344773e+00
   2.3126361685765190e+01    1.8399962556509561e+00
   2.3490429890900131e+01    1.9906669719161931e+00
   2.3918832201569131e+01    2.0004594844097197e+00
   2.4232620607119244e+01    2.2151152032496562e+00
   2.4641745436963497e+01    2.2386651731420013e+00
   2.4950220026859334e+01    2.3508378048464023e+00
   2.5361251032280713e+01    2.4332215258958625e+00
   2.5749920957584237e+01    2.5470169447826310e+00
   2.6158185153234250e+01    2.6053720673075516e+00
   2.6509186130500559e+01    2.7737125235844449e+00
   2.6923586253668113e+01    2.7920207372416228e+00
   2.7298909324300560e+01    2.8646616169443120e+00
   2.7676941194605980e+01    2.9947945376766554e+00
   2.8033354785975405e+01    3.0949991422363388e+00
   2.8351691999007137e+01    3.2086596423239366e+00
   2.8699855466694643e+01    3.3765475291925267e+00
   2.9129744739339060e+01    3.4320388563128112e+00
   2.9632749396162922e+01    3.3968030240200000e+00
   2.9945562053729773e+01    3.5653887542441938e+00
   3.0264611250078588e+01    3.7764634825176269e+00
   3.0659130224834918e+01    3.7760205663522606e+00
   3.1087884221725467e+01    3.8230697473008499e+00
   3.1470145843971302e+01    3.8847604504838054e+00
   3.1847418144550787e+01    3.9290320354083517e+00
   1.4961418128889209e+01    3.5497625892643098e-01
   1.5511313073376508e+01    2.9592164338373345e-01
   1.5824705378723479e+01    3.9968681714246740e-01
   1.6154692197844170e+01    5.4705875290584249e-01
   1.6533727008366469e+01    6.8196232442579507e-01
   1.6966698067488416e+01    7.0993579092313319e-01
   1.7406920388910429e+01    7.4080686183558142e-01
   1.7724508455905784e+01    8.8168841931610564e-01
   1.8075309117051056e+01    1.0211647728036541e+00
   1.8495854685017925e+01    1.0552201449144019e+00
   1.8803682552957369e+01    1.2436144656064376e+00
   1.9300970042661518e+01    1.1935190293655860e+00
   1.9678824710244477e+01    1.3222994083974078e+00
   1.9986740046535424e+01    1.4882387904451886e+00
   2.0356980888703305e+01    1.5888890757139906e+00
   2.0668092218853005e+01    1.7918409852792687e+00
   2.1138043356093654e+01    1.6841095251317171e+00
   2.1511449827459408e+01    1.8578872044831538e+00
   2.1891677017426183e+01    1.9552213515409631e+00
   2.2204599803539217e+01    2.1059488542540881e+00
   2.2669058562791449e+01    2.1166493607487520e+00
   2.3115133106093523e+01    2.2107693404716633e+00
   2.3545598854090791e+01    2.3184805877255532e+00
   2.3747508893224712e+01    2.4518265881034496e+00
   2.4139677552588026e+01    2.5269764498823544e+00
   2.4535199920765123e+01    2.6926139981368942e+00
   2.4898647689769511e+01    2.7459982443939452e+00
   2.5294040894836890e+01    2.8091182620170243e+00
   2.5762890746615710e+01    2.8106904716448486e+00
   2.5996747128220406e+01    3.0631648770884938e+00
   2.6504360868643758e+01    3.0751834817877541e+00
   2.6895122783120847e+01    3.1478279871215933e+00
   2.7225835181675443e+01    3.2718844860076417e+00
   2.7491798793133192e+01    3.4363458341967199e+00
   2.7945604088454935e+01    3.4756344423094321e+00
   2.8409456914101220e+01    3.5089204101697522e+00
   2.8755720551066112e+01    3.6081278755223969e+00
   2.9171965214081247e+01    3.6808419929743166e+00
   2.9526085140544382e+01    3.7823664632337826e+00
   2.9801992951838898e+01    4.0111909220061195e+00
   3.0261427945928858e+01    4.0366386378831729e+00
   3.0634224858057514e+01    4.0315445354765913e+00
   3.0964277844946700e+01    4.3438594845273268e+00
   3.1326674634121474e+01    4.3974829317995017e+00
   3.1824775171611016e+01    4.3200876260085996e+00
   3.2041126552819435e+01    4.5993427106216096e+00
   1.3462405008741113e+01    2.0593773835639584e-01
   1.3916614561936084e+01    3.0959373076508540e-01
   1.4104328442302036e+01    5.1665434604279337e-01
   1.4600751672180790e+01    4.2336214323182514e-01
   1.4958645880671112e+01    6.4833232948972541e-01
   1.5349790752438430e+01    7.0547676313286978e-01
   1.5695447096185694e+01    8.6209047801808059e-01
   1.6098776354636605e+01    9.2928697402470473e-01
   1.6562245316584878e+01    1.0118594544959139e+00
   1.6829649210016981e+01    1.1236422855312964e+00
   1.7228486311472999e+01    1.2089641727443576e+00
   1.7647147910853533e+01    1.2546470345940557e+00
   1.7987055816412408e+01    1.5209291577483364e+00
   1.8240225028745570e+01    1.5301654984234472e+00
   1.8730403108968382e+01    1.5972771546611604e+00
   1.9186146757343714e+01    1.6070976751553210e+00
   1.9522433110587599e+01    1.7709720336612085e+00
   1.9892375291389492e+01    1.9326537917291102e+00
   2.0275537429772214e+01    1.9058121566360351e+00
   2.0620483603017966e+01    2.0875195445164985e+00
   2.1008803201711615e+01    2.1729643406255463e+00
   2.1489854661921996e+01    2.2214505858008429e+00
   2.1905068286078844e+01    2.2775545086243159e+00
   2.2086648051742827e+01    2.5041739944923682e+00
   2.2546960448571092e+01    2.5466017646955623e+00
   2.2899440683346619e+01    2.6364809343030533e+00
   2.3301513207400156e+01    2.7462103891366114e+00
   2.3713241240410134e+01    2.7451330781607672e+00
   2.4098596432434739e+01    2.9007072339544835e+00
   2.4497736727295674e+01    2.9893025222513567e+00
   2.4900154592716248e+01    3.0386514863588050e+00
   2.5186933859014154e+01    3.2249691361688777e+00
   2.5569295186116612e+01    3.2939667550900618e+00
   2.5969985438294188e+01    3.3392251461728688e+00
   2.6344370376866564e+01    3.4568577064668906e+00
   2.6690988872480268e+01    3.6873777822873217e+00
   2.7138613373098984e+01    3.5897748400001266e+00
   2.7417029214741540e+01    3.8141105408067704e+00
   2.7842806568457917e+01    3.8655024121060970e+00
   2.8167490448817780e+01    4.0249225921033833e+00
   2.8616951784817886e+01    4.0435625963311788e+00
   2.8942530742867916e+01    4.1794654371164714e+00
   2.9373132452033310e+01    4.2578536673182006e+00
   2.9766585491231524e+01    4.2587554524259934e+00
   3.0137761293032220e+01    4.4070222845979767e+00
   3.0608388610482351e+01    4.5119133346618101e+00
   3.0931354848084887e+01    4.5821921156702485e+00
   3.1171955810036444e+01    4.7212717797895944e+00
   3.1615696353285678e+01    4.8166689334054960e+00
   3.2051482714995622e+01    4.8824949861577949e+00
   1.1869172611896984e+01    1.9320962483330667e-01
   1.2260207808322013e+01    3.2395637851546827e-01
   1.2617582645150092e+01    4.0428602089706916e-01
   1.2881913362978644e+01    5.9614658092970907e-01
   1.3339440368675898e+01    6.5402021963790480e-01
   1.3730508195781280e+01    7.3020089367315455e-01
   1.4080632676717070e+01    8.2898062519087334e-01
   1.4473311190460855e+01    9.3956160482040763e-01
   1.4967676421458068e+01    9.5835007864379751e-01
   1.5271105492404732e+01    1.0843946017301900e+00
   1.5626589109384176e+01    1.1877632039537327e+00
   1.5979388399700904e+01    1.3241114988461966e+00
   1.6312728474431488e+01    1.4864823081141634e+00
   1.6748067523898300e+01    1.5218887263525833e+00
   1.7075784697919069e+01    1.6236340881898648e+00
   1.7449921733961560e+01    1.7326095930257732e+00
   1.7884540189237299e+01    1.8014812665848829e+00
   1.8280920472385276e+01    1.8693477792280342e+00
   1.8568290716560632e+01    2.0454992499341800e+00
   1.9077216482256404e+01    2.0289304781416218e+00
   1.9465763589304714e+01    2.0650871754261528e+00
   1.9803066025678397e+01    2.2388579207580150e+00
   2.0281569573598091e+01    2.2031991585915525e+00
   2.0511092872774597e+01    2.4375746399361558e+00
   2.1015414540113710e+01    2.4464663643704552e+00
   2.1232941532222533e+01    2.6629134622412360e+00
   2.1621909212484248e+01    2.7219320299462240e+00
   2.2067846888210411e+01    2.8807169087252458e+00
   2.2456206822050603e+01    2.8969400672284262e+00
   2.2831233950540430e+01    3.0076350729576293e+00
   2.3173469058093737e+01    3.1040114642267667e+00
   2.3701971872388029e+01    3.0954556091981287e+00
   2.3984418509461641e+01    3.2728571522044176e+00
   2.4302193296461219e+01    3.4080358184878792e+00
   2.4759653227982191e+01    3.3843970206323584e+00
   2.5153882605450406e+01    3.5294870747906786e+00
   2.5487855806020569e+01    3.6640301226131493e+00
   2.5865823321373071e+01    3.7589048681007196e+00
   2.6248600236446102e+01    3.8440216352314676e+00
   2.6551897425059686e+01    4.0443708854756908e+00
   2.7020672044992146e+01    4.0264622616916359e+00
   2.7382294308712495e+01    4.1883957745225189e+00
   2.7778965095556366e+01    4.1824524133394299e+00
   2.8108940584579713e+01    4.3872300094703096e+00
   2.8479007396452396e+01    4.5144272566604675e+00
   2.8892589486591717e+01    4.6281102809815851e+00
   2.9219027719224314e+01    4.6663103839822764e+00
   2.9581010733244092e+01    4.7261641158226766e+00
   2.9978144241263486e+01    4.8797182059007591e+00
   3.0416691974298075e+01    4.9225695404630567e+00
   3.0775290914843190e+01    5.0243219722810810e+00
   1.0296688795716733e+01    1.6762206836279608e-01
   1.0572108506417678e+01    3.6281836314279464e-01
   1.0929228189453571e+01    5.4021804801311923e-01
   1.1295998849406974e+01    6.4051510616712892e-01
   1.1731477485673059e+01    6.4745651296504436e-01
   1.2103732819148682e+01    7.8155968108823670e-01
   1.2538374841026897e+01    7.9248710677250378e-01
   1.3007919454374846e+01    7.9773266992037850e-01
   1.3230240437271803e+01    1.0915147521438024e+00
   1.3526745005925791e+01    1.1665794115906813e+00
   1.4083545418142231e+01    1.1418353400790713e+00
   1.4347451030718441e+01    1.4121253265473825e+00
   1.4735158350951629e+01    1.4403705340994160e+00
   1.5212985718661841e+01    1.4863444434896829e+00
   1.5512877533217750e+01    1.6883344731108563e+00
   1.5885890170399835e+01    1.6835191817397122e+00
   1.6307313141105013e+01    1.7147155170867083e+00
   1.6659134417419018e+01    1.9023896061507888e+00
   1.7026041491744444e+01    2.0935670972747618e+00
   1.7489620129035004e+01    2.0175020808731983e+00
   1.7756646956827502e+01    2.1936665132107049e+00
   1.8177421845964616e+01    2.2478131390578300e+00
   1.8628832411911752e+01    2.2498904897456331e+00
   1.8929887600862934e+01    2.4647829622996671e+00
   1.9422518873762641e+01    2.4548114795884972e+00
   1.9757564807949315e+01    2.5553591141753640e+00
   2.0091417456283736e+01    2.6852703728832719e+00
   2.0416074597613878e+01    2.8354610102638538e+00
   2.0892490235195041e+01    2.8890024276312589e+00
   2.1212952521284585e+01    3.0037888674725011e+00
   2.1534585886235590e+01    3.1822093034727295e+00
   2.2003000662276406e+01    3.1790537807216830e+00
   2.2275377108830789e+01    3.3616260629129879e+00
   2.2694095811901931e+01    3.4088431559042141e+00
   2.3108368131571446e+01    3.4892309670055783e+00
   2.3357884520520948e+01    3.6583127742118755e+00
   2.3861792412705057e+01    3.6727169988874713e+00
   2.4361564819358662e+01    3.6933458884030097e+00
   2.4683792787818270e+01    3.8477555367917233e+00
   2.4956553098070664e+01    4.0876873885145368e+00
   2.5420816073240793e+01    4.0314711617661922e+00
   2.5752836418232761e+01    4.1676106203044139e+00
   2.6208265996309720e+01    4.1807474149707353e+00
   2.6588732477932389e+01    4.3249422101573325e+00
   2.6932465877558457e+01    4.3998362836586020e+00
   2.7294537266337514e+01    4.4921844627588792e+00
   2.7630795067736088e+01    4.6569671325086288e+00
   2.8034924684263373e+01    4.7621013717818510e+00
   2.8422077736134497e+01    4.8256568730264391e+00
   2.8799895694202064e+01    4.9049507858894481e+00
   2.9216123135469239e+01    4.9315497756178077e+00
   8.5849091371598174e+00    3.3771092181324996e-01
   9.0443554613471235e+00    3.2323858512446163e-01
   9.3323180430116217e+00    4.8543394556903902e-01
   9.7502359348025021e+00    6.5417788927254195e-01
   1.0149744231225171e+01    6.2424531298328090e-01
   1.0499711450409826e+01    8.0144731031514982e-01
   1.0799955404391186e+01    8.7761126112672005e-01
   1.1295392009393234e+01    8.4444049769619212e-01
   1.1580697909832544e+01    1.0235532026441307e+00
   1.2041228750937606e+01    1.0954178800379863e+00
   1.2419625450377497e+01    1.1728211622174183e+00
   1.2703082732134179e+01    1.3492688469885217e+00
   1.3182849359305765e+01    1.3856394111905155e+00
   1.3570050903993524e+01    1.4679517526267094e+00
   1.3901764429949422e+01    1.6488975766841072e+00
   1.4329873064495269e+01    1.6661440695793859e+00
   1.4677029059926967e+01    1.7769094578732891e+00
   1.4955731326430376e+01    1.9149835078727813e+00
   1.5417888263106230e+01    2.0137392195841315e+00
   1.5865493275957510e+01    2.0476460314585063e+00
   1.6250916448566173e+01    2.1043227586832960e+00
   1.6581856808679326e+01    2.2122612423695145e+00
   1.6894325484490828e+01    2.4713792090120990e+00
   1.7300323207468168e+01    2.4588029369215736e+00
   1.7750533236300754e+01    2.5218038978817638e+00
   1.8102136521541865e+01    2.5307567142009413e+00
   1.8404209606438421e+01    2.7468511741219914e+00
   1.8827598575634703e+01    2.8273307590118413e+00
   1.9269470559229987e+01    2.9041676269648584e+00
   1.9593117962284843e+01    3.0494505647003605e+00
   1.9971075960355577e+01    3.1255996504242156e+00
   2.0322610811808730e+01    3.2037480904457589e+00
   2.0664637898774807e+01    3.3592277985480168e+00
   2.1164446108536012e+01    3.3742858604811325e+00
   2.1545775490372392e+01    3.4174857994785057e+00
   2.1907701400701555e+01    3.5591993939875750e+00
   2.2309106808623483e+01    3.6311230785283972e+00
   2.2638702965987761e+01    3.7640200898087506e+00
   2.3033550513567057e+01    3.8518323777383832e+00
   2.3336098102940369e+01    3.9657372453654935e+00
   2.3862877382826710e+01    3.9599976446530367e+00
   2.4046742655726895e+01    4.1756802781958315e+00
   2.4580011362167909e+01    4.2200360684038367e+00
   2.4915967782977134e+01    4.3280547238588607e+00
   2.5286812292731497e+01    4.4217875314953377e+00
   2.5734548734711971e+01    4.4966136244125439e+00
   2.5967935143878847e+01    4.6596383162584196e+00
   2.6436024066320051e+01    4.7204206628771228e+00
   2.6813033961845058e+01    4.8025887948343238e+00
   2.7300382236955265e+01    4.8712800026029406e+00
   2.7566163207243832e+01    4.9890622561430700e+00
   6.9644124472712985e+00    2.9208176009292303e-01
   7.3865918152751533e+00    3.4562050355735480e-01
   7.7108283833918856e+00    4.9705817223995402e-01
   8.1563500179435788e+00    5.4218051151385604e-01
   8.6568239842247117e+00    5.2348553365374784e-01
   8.9640740171996249e+00    7.1094072523714480e-01
   9.2140553933441129e+00    8.5813727109363691e-01
   9.6615924256113335e+00    9.2114910894727675e-01
   1.0014884348560575e+01    1.0260343126808804e+00
   1.0481332219702498e+01    1.0382363743163328e+00
   1.0826856681116677e+01    1.1828668797263855e+00
   1.1144080372181451e+01    1.3243190662295365e+00
   1.1477832862455351e+01    1.4632746431227710e+00
   1.1822556059385372e+01    1.6133639441127101e+00
   1.2215274455071807e+01    1.6395142619862517e+00
   1.2588364136915832e+01    1.6917615103146506e+00
   1.3155476297326874e+01    1.6799191566096716e+00
   1.3397305895034398e+01    1.9160778139946417e+00
   1.3822791385443193e+01    1.9681944036404710e+00
   1.4300965000928230e+01    2.0304038440002183e+00
   1.4584893161530525e+01    2.0413631752386059e+00
   1.4931032620628530e+01    2.3315852955561969e+00
   1.5350049985065658e+01    2.2638279144106619e+00
   1.5598940952641772e+01    2.4536400381639201e+00
   1.6125504054270792e+01    2.5288107020015480e+00
   1.6569298075579489e+01    2.5918064057965702e+00
   1.6849474614349283e+01    2.7322660757723982e+00
   1.7260238682677240e+01    2.7899837217003638e+00
   1.7590034249754773e+01    2.9428724631420251e+00
   1.8027864561025552e+01    2.9572964928277781e+00
   1.8442027205352780e+01    3.0679379751771290e+00
   1.8807198508765126e+01    3.1453358642302254e+00
   1.9143180308992399e+01    3.2819599790124285e+00
   1.9501475602928693e+01    3.3888549607332767e+00
   1.9935847968490130e+01    3.4605744769199629e+00
   2.0263941754946607e+01    3.6237407949826368e+00
   2.0728763077313843e+01    3.5847801252074452e+00
   2.1077161304618322e+01    3.6895744162399615e+00
   2.1359637399945029e+01    3.9004505505671516e+00
   2.1770508424391913e+01    4.0321176118002438e+00
   2.2149284002286983e+01    4.0731634726906005e+00
   2.2661276145527893e+01    4.1120212651819106e+00
   2.2881479759833226e+01    4.2755135274849723e+00
   2.3350813180166689e+01    4.2876355533127883e+00
   2.3596406183007950e+01    4.4787551249791386e+00
   2.4076303786104830e+01    4.5128025207013565e+00
   2.4474520451430301e+01    4.5456779311543247e+00
   2.4771362203781237e+01    4.7644263077568123e+00
   2.5146943147429234e+01    4.8035291929138646e+00
   2.5670893528610762e+01    4.8911208158676285e+00
   2.6021490248003843e+01    4.9400119987219950e+00
   5.4692805652693179e+00    1.3249751575405785e-01
   5.8543475196174910e+00    2.9975653236763461e-01
   6.1472527429472787e+00    3.7745417500809925e-01
   6.5220274368682833e+00    5.6275923135835570e-01
   6.9492999102301534e+00    6.1021951355897031e-01
   7.3396430643094197e+00    6.7053596657489334e-01
   7.6037721064052510e+00    8.9470842333900658e-01
   8.0823903149100627e+00    9.1670055016695917e-01
   8.3899430880860031e+00    1.0461853440108440e+00
   8.7755983010882694e+00    1.1194683683105942e+00
   9.1732906095086637e+00    1.2358923697811401e+00
   9.5690654122545808e+00    1.2992873462065604e+00
   9.9568230381199765e+00    1.3305002234956784e+00
   1.0292185308624493e+01    1.5060540995475187e+00
   1.0833884060693238e+01    1.5476160237116943e+00
   1.1074964512364385e+01    1.7047782512695164e+00
   1.1432272275016189e+01    1.8205834934639191e+00
   1.1727674198596670e+01    1.8763914741447700e+00
   1.2301762526544278e+01    1.9431246598108090e+00
   1.2599424577942916e+01    2.0578738916123740e+00
   1.3015580412994877e+01    2.1547659382718254e+00
   1.3349435780552659e+01    2.2871372783558126e+00
   1.3729963897904879e+01    2.2954033094943944e+00
   1.4094105522070610e+01    2.4442515569416758e+00
   1.4433273345670985e+01    2.5872027153234201e+00
   1.4745647301868690e+01    2.6910295066835492e+00
   1.5287205107526477e+01    2.7012215184094206e+00
   1.5637744270025053e+01    2.7983428862391118e+00
   1.5961404362788931e+01    3.0010701426342559e+00
   1.6392011057197152e+01    2.9582629954515998e+00
   1.6811548699704311e+01    3.0703288069982428e+00
   1.7114972332204253e+01    3.2863395148397267e+00
   1.7458352685997077e+01    3.3006796111643566e+00
   1.7832261307277115e+01    3.3937429006885895e+00
   1.8280734658788838e+01    3.5393608920627448e+00
   1.8677779338845049e+01    3.5729142048999907e+00
   1.8904592025533013e+01    3.6707763344940241e+00
   1.9471021660880062e+01    3.7343423047485582e+00
   1.9778272600262760e+01    3.9531609279545790e+00
   2.0153638272061215e+01    3.9698811604884292e+00
   2.0525572283976167e+01    4.0839057645842693e+00
   2.0993118268152656e+01    4.1122084837104200e+00
   2.1306848663604370e+01    4.2943113373085744e+00
   2.1733919914437408e+01    4.2984505391110144e+00
   2.2184532388327654e+01    4.2938306692588570e+00
   2.2457685173152029e+01    4.4512474614438018e+00
   2.2735892087799563e+01    4.7272214405068063e+00
   2.3166376417156478e+01    4.7622255496487398e+00
   2.3630931255634188e+01    4.7758710656858012e+00
   2.3948972073319403e+01    4.9183579166783939e+00
   2.4287806338853969e+01    4.9928410702091961e+00
   3.8281047255534424e+00    2.4088415464265484e-01
   4.1591261185227983e+00    3.3651924936685557e-01
   4.6380697274233258e+00    3.2518779241130608e-01
   4.8933137071820960e+00    6.0174428350303122e-01
   5.3280558871208319e+00    6.1456188666698108e-01
   5.7103750662611708e+00    6.0728859865766904e-01
   6.1553732503155763e+00    7.0231942756624866e-01
   6.4123126658408820e+00    9.2988339034888612e-01
   6.7480995883938482e+00    1.0895294471668204e+00
   7.1898528325689695e+00    1.0786759843580140e+00
   7.6035042629040408e+00    1.1978280919874060e+00
   7.9033018110500510e+00    1.3147490768478434e+00
   8.3722019684610807e+00    1.3950124834803721e+00
   8.7257417939402053e+00    1.3984270575770883e+00
   8.9954280221812564e+00    1.6453883736143751e+00
   9.3835962507743957e+00    1.7930094808785362e+00
   9.9072425321432096e+00    1.7240435409095258e+00
   1.0328122564583667e+01    1.8276211154484787e+00
   1.0602912321872292e+01    1.9642104241716412e+00
   1.0969692499107461e+01    2.1552560782829211e+00
   1.1321499726100765e+01    2.1853353113522012e+00
   1.1632822702468850e+01    2.2684516818163050e+00
   1.2118470103365798e+01    2.3238689554203500e+00
   1.2493102944468056e+01    2.4932928862460426e+00
   1.2898823759866314e+01    2.4942955545405860e+00
   1.3186220289867514e+01    2.6431401310363274e+00
   1.3572961832603111e+01    2.8346909715279756e+00
   1.4159862687831058e+01    2.7829515381625285e+00
   1.4322865625890035e+01    3.0074491234000216e+00
   1.4770667782435099e+01    3.0069333320485394e+00
   1.5063379034498361e+01    3.1114869718134721e+00
   1.5433424545788034e+01    3.2254352110532150e+00
   1.5963959073138026e+01    3.2037456431447326e+00
   1.6318698529323918e+01    3.3384763173792176e+00
   1.6688871844111631e+01    3.4593029680756442e+00
   1.7111230227653522e+01    3.5555404976717351e+00
   1.7518835464842013e+01    3.6437003023470993e+00
   1.7768932407979406e+01    3.7941367575196545e+00
   1.8136387859016274e+01    3.8981554354083991e+00
   1.8522849774949428e+01    4.0195523525643369e+00
   1.8987742703531872e+01    4.0226900644023580e+00
   1.9328859303875397e+01    4.0806655380254808e+00
   1.9606041524519149e+01    4.3414304476179701e+00
   2.0088942509819944e+01    4.3281929057260671e+00
   2.0393221791271294e+01    4.5168020450637423e+00
   2.0919165363177548e+01    4.5117877971832394e+00
   2.1248205892568080e+01    4.5863149114917361e+00
   2.1580485016983388e+01    4.7463674922023680e+00
   2.1947258396160152e+01    4.8314012323797799e+00
   2.2372441599571815e+01    4.8254887343818567e+00
   2.2735694490901892e+01    5.0255850515329747e+00
   2.2405372414200793e+00    2.4072203001374193e-01
   2.5345990864071175e+00    3.8784763586474452e-01
   3.0497754402055488e+00    3.6254444670940927e-01
   3.3202009346380930e+00    5.0804537551780737e-01
   3.6701046146368461e+00    6.6165530031560127e-01
   3.9842166077670988e+00    7.5148493473750477e-01
   4.4421315559974071e+00    7.1443592430656000e-01
   4.9201488161391014e+00    8.9211532662011017e-01
   5.2362589852369181e+00    9.9151803221018420e-01
   5.5013515388108711e+00    1.2091717401276976e+00
   5.9078278451000177e+00    1.2738859024470588e+00
   6.3345759615568147e+00    1.3231394218144823e+00
   6.8384820409253537e+00    1.3763296968050058e+00
   7.0011296671316243e+00    1.5009024855668194e+00
   7.4506204613848208e+00    1.6213597750898356e+00
   7.7785429367694610e+00    1.7315687196429868e+00
   8.2418437600731504e+00    1.7541603899019873e+00
   8.6037048622455075e+00    1.8750107884824463e+00
   9.0262880349186982e+00    1.9523633571461672e+00
   9.3527076861916481e+00    2.0803355829946457e+00
   9.7164563825814927e+00    2.1853634099936139e+00
   1.0249567374067480e+01    2.1810002348268798e+00
   1.0500442921494347e+01    2.3651971170161272e+00
   1.0892048701621615e+01    2.4182455845082949e+00
   1.1262149503786326e+01    2.5367390509188930e+00
   1.1550648678861030e+01    2.6517091289778842e+00
   1.1994521557647243e+01    2.7521990253886868e+00
   1.2420244526896365e+01    2.8036018189018521e+00
   1.2737774583793316e+01    2.9212151180303896e+00
   1.3176867067908203e+01    2.9273453804992626e+00
   1.3494187291402346e+01    3.1234951075027872e+00
   1.3980622360666640e+01    3.1647188962418320e+00
   1.4277937257882659e+01    3.2932036050533680e+00
   1.4648320406073180e+01    3.4252189987992008e+00
   1.5127457986240234e+01    3.4333714570420075e+00
   1.5484241391986965e+01    3.5552251130820713e+00
   1.5844398900722696e+01    3.6587184370171753e+00
   1.6227717847652656e+01    3.6828504566702693e+00
   1.6610811099043531e+01    3.8060277853228230e+00
   1.7005379473024270e+01    3.8726236955294433e+00
   1.7371880023456995e+01    3.9642820983034261e+00
   1.7730959360129482e+01    4.0541590018914473e+00
   1.8095075151673271e+01    4.2341015684892414e+00
   1.8441258118345075e+01    4.3391405896243844e+00
   1.8907257317632187e+01    4.3861125899498674e+00
   1.9206585346544266e+01    4.5423296607872645e+00
   1.9701111011719867e+01    4.5651049692640147e+00
   1.9950817293100847e+01    4.7397049417602801e+00
   2.0422792892134900e+01    4.7420412078325853e+00
   2.0680380842432164e+01    4.9989688400566541e+00
   2.1176868880467723e+01    4.9529296693056866e+00
   2.3672127829479406e-01    1.5202100924845591e-01
   5.9768355024874487e-01    2.3978229814392471e-01
   1.0101379331392426e+00    3.2901766896014234e-01
   1.3105143586187447e+00    4.1551373948133824e-01
   1.6024144663529625e+00    5.6840261688416838e-01
   2.0758677366825991e+00    6.0864014330962446e-01
   2.5021573920804734e+00    6.3023490096353274e-01
   2.8300607875811865e+00    8.2609965335866387e-01
   3.2143300124355729e+00    9.2047256617467976e-01
   3.5483034849280686e+00    1.0636908882517926e+00
   3.9648683818145321e+00    1.1185584255327135e+00
   4.2622208043129559e+00    1.3172825319343215e+00
   4.6721030738248377e+00    1.3141334446785669e+00
   5.1067709283249982e+00    1.3723387833166016e+00
   5.4374910313457860e+00    1.5482598451631622e+00
   5.9116252405257885e+00    1.5598041266672189e+00
   6.3222152785585486e+00    1.5843910723888641e+00
   6.6226527506025388e+00    1.7780549307147542e+00
   7.1408787134020457e+00    1.7885334126218677e+00
   7.4429114631520532e+00    1.9255430679564880e+00
   7.8032792584944879e+00    1.9612435248811761e+00
   8.0612148161782660e+00    2.1710725316118462e+00
   8.6369881562028556e+00    2.1767835804789963e+00
   8.9878586107477663e+00    2.2701135804947037e+00
   9.2773194844850178e+00    2.4427300155091727e+00
   9.6589198822498616e+00    2.5346994521154396e+00
   1.0006287070696049e+01    2.6693826305818589e+00
   1.0492824564040330e+01    2.6962907053657585e+00
   1.0791446048082046e+01    2.8571830728915182e+00
   1.1146465584274281e+01    3.0340829645078102e+00
   1.1567391390308012e+01    2.9943230243455932e+00
   1.1929328630734519e+01    3.1026128316902502e+00
   1.2306006781009293e+01    3.2116279465464728e+00
   1.2671514814914692e+01    3.3769134006959547e+00
   1.3124170331957977e+01    3.2777577818687558e+00
   1.3396537261230588e+01    3.5000576454642638e+00
   1.3780329353025630e+01    3.6221616513352379e+00
   1.4288925186286743e+01    3.5610781507291347e+00
   1.4600217797993947e+01    3.7319517901701702e+00
   1.4979355032596233e+01    3.8483357737368973e+00
   1.5297420323291709e+01    3.9939553513246806e+00
   1.5644866369215407e+01    4.1333706129273500e+00
   1.6081967022217242e+01    4.1467166971518079e+00
   1.6458192875006048e+01    4.2607482805876113e+00
   1.6727868226353650e+01    4.4310056080535301e+00
   1.7264137595775217e+01    4.4267637102487649e+00
   1.7628499477033309e+01    4.5221435061555351e+00
   1.8008517286801165e+01    4.6164049308136876e+00
   1.8240826883516476e+01    4.7718624772455405e+00
   1.8637016821029071e+01    4.8695582810105655e+00
   1.9122572674739480e+01    4.9276313747524032e+00
   1.9496807602823026e+01    5.0101344243870898e+00
   5.0912651236050466e-01    5.8740160391620722e-01
   8.2900162748529960e-01    8.4608988794712303e-01
   1.0933205166922242e+00    9.1920200905853844e-01
   1.5021157766649358e+00    1.0001984729892153e+00
   1.9273137545235333e+00    1.1077252209379578e+00
   2.2800473755960589e+00    1.1218071270043153e+00
   2.6680232191362974e+00    1.2410248585575228e+00
   3.0956562615160390e+00    1.3578046250846663e+00
   3.4264652831407818e+00    1.4242097817724053e+00
   3.9616829476064988e+00    1.4113072481987659e+00
   4.2637689034936326e+00    1.5060858691404708e+00
   4.6422237943134821e+00    1.6336796244172747e+00
   5.0153891612077635e+00    1.7788543823833374e+00
   5.4231453152928735e+00    1.8569868696278207e+00
   5.8513296348889785e+00    1.9606582573727811e+00
   6.0202287556057037e+00    2.1938805160893358e+00
   6.5589930124623868e+00    2.1506749120432906e+00
   6.9387375402823057e+00    2.1895695046907728e+00
   7.3669032785187669e+00    2.3423909906746014e+00
   7.6937367049467138e+00    2.4384040030617267e+00
   8.0807016772019331e+00    2.4959093682858571e+00
   8.4604833677411388e+00    2.5992816867813286e+00
   8.7637914332481728e+00    2.7834275382121394e+00
   9.2491573945270993e+00    2.7092573672903639e+00
   9.5584069630812571e+00    2.9193800048237977e+00
   9.9245259158354386e+00    3.0149738489295888e+00
   1.0333277305671235e+01    3.0770449714609622e+00
   1.0695416221830461e+01    3.2028782562124758e+00
   1.1045289627809113e+01    3.2966859331322005e+00
   1.1460349162642082e+01    3.3877604280094693e+00
   1.1749813208806588e+01    3.5711579038505232e+00
   1.2213862271738867e+01    3.5844348744811829e+00
   1.2547916595806008e+01    3.7705283696454046e+00
   1.2976692799687358e+01    3.7487148051515913e+00
   1.3350518937858734e+01    3.9633003227083852e+00
   1.3681580303411520e+01    4.0165243613889929e+00
   1.4091908389593687e+01    4.0884939554842532e+00
   1.4427227605728298e+01    4.2216364219934643e+00
   1.4922939305493859e+01    4.1897096126105140e+00
   1.5258442069205440e+01    4.2824133754858309e+00
   1.5670243974450099e+01    4.3881864056473008e+00
   1.5977101986056914e+01    4.5321062873519455e+00
   1.6426541115066222e+01    4.5733428564407950e+00
   1.6702520079372057e+01    4.7132197062092542e+00
   1.7256848717551961e+01    4.7673440344248057e+00
   1.7529169873231297e+01    4.9005619593823271e+00
   1.7885889377229006e+01    5.0214232801766263e+00
   3.1692953907753063e-01    1.0707808552860811e+00
   7.5589417437398998e-01    1.1054151953711004e+00
   1.0348422133489807e+00    1.3195723899279068e+00
   1.6264672659654285e+00    1.3074649572654706e+00
   1.8649742899666677e+00    1.4437442292049154e+00
   2.1946403766917504e+00    1.5640176992286248e+00
   2.7274271914325348e+00    1.5420470995856255e+00
   3.1146689806260586e+00    1.6401356045245894e+00
   3.3593342297764157e+00    1.8032134571872029e+00
   3.8078690810565150e+00    1.8438719193891784e+00
   4.1290394982300498e+00    2.0034902401288153e+00
   4.5211376843878819e+00    2.0722491565591588e+00
   4.8052629886839586e+00    2.2059721319358800e+00
   5.2871406395926543e+00    2.3094863485704864e+00
   5.6761327928646388e+00    2.3135195459821780e+00
   6.0796156874355365e+00    2.4088714245290932e+00
   6.3960693850848180e+00    2.5744919323172284e+00
   6.8037856572272792e+00    2.6524712819660117e+00
   7.3210476553447688e+00    2.5956718724471828e+00
   7.5071939034422241e+00    2.9380686378293936e+00
   7.9514869022379457e+00    2.8983949423681579e+00
   8.2117555535667748e+00    3.1378766266633056e+00
   8.7218483192889593e+00    3.0850790981671099e+00
   9.0833477647540999e+00    3.2280705463750090e+00
   9.4999318774856594e+00    3.2671559831821515e+00
   9.7525953142733872e+00    3.4049007805528309e+00
   1.0126100130884092e+01    3.5842074567672970e+00
   1.0638980100552867e+01    3.4755052338793226e+00
   1.0948633020572467e+01    3.7086616420701146e+00
   1.1360656542521173e+01    3.7749421223666819e+00
   1.1750078786288329e+01    3.7812608270145782e+00
   1.2145200522223346e+01    3.9439100394344782e+00
   1.2543202368903172e+01    4.0078755089213560e+00
   1.2893800901111831e+01    4.1256453446747967e+00
   1.3322382680522759e+01    4.2356188044847523e+00
   1.3663225998918346e+01    4.2147397010994725e+00
   1.4036670086207286e+01    4.4017304040121603e+00
   1.4395616180935011e+01    4.5228106222871425e+00
   1.4771510288473591e+01    4.6193539285503498e+00
   1.5207350581446894e+01    4.6176231428800998e+00
   1.5521906261189132e+01    4.8116891290209187e+00
   1.5897009981137002e+01    4.9323075325281645e+00
   1.6339626125525832e+01    4.9471649157771260e+00
   2.6119827221977548e-01    1.4392086099566075e+00
   6.4105679441508989e-01    1.4990312066895060e+00
   1.3756017343446132e+00    1.7496830979948057e+00
   1.8526081685216762e+00    1.7486177516017565e+00
   2.1334836383364166e+00    1.8918548363200709e+00
   2.5227378340997695e+00    1.9724282344159276e+00
   2.8762202386455566e+00    2.1316504096320332e+00
   3.3071950705766775e+00    2.1396154680647728e+00
   3.5884539055651450e+00    2.2815930538419535e+00
   4.1205275586587167e+00    2.2879980938316105e+00
   4.4453588209248354e+00    2.4339824099130873e+00
   4.8471403880785768e+00    2.5047026115140443e+00
   5.1126462636036347e+00    2.6372324369996769e+00
   5.4856330681637759e+00    2.7521097895420064e+00
   5.9367368150748447e+00    2.8683667400573145e+00
   6.4134497544103120e+00    2.8542347096403078e+00
   6.7048258678025707e+00    3.0218970822513653e+00
   7.0868568092664814e+00    3.1240229087574538e+00
   7.4475364088878209e+00    3.2076086624943194e+00
   7.8596152217115645e+00    3.2545478961782841e+00
   8.1548209080060499e+00    3.4358805750793913e+00
   8.6787155451086413e+00    3.4112812115710573e+00
   8.9940783809856555e+00    3.5775427762669079e+00
   9.3301698565552265e+00    3.7733011163877856e+00
   9.6458077871957499e+00    3.8257228028948904e+00
   1.0211030993777623e+01    3.7905893946820681e+00
   1.0466377850820274e+01    3.9971641255332426e+00
   1.0870347033169168e+01    4.0718837155354164e+00
   1.1323272659733131e+01    4.0884540282212125e+00
   1.1676799342299338e+01    4.2118609952867319e+00
   1.2048738792661014e+01    4.2892875721463026e+00
   1.2407421575926469e+01    4.4224926714336306e+00
   1.2764632352945007e+01    4.5466817777789910e+00
   1.3224974208026374e+01    4.5458456165950132e+00
   1.3501918949829799e+01    4.7848893699676260e+00
   1.3902587901424374e+01    4.9267372034700250e+00
   1.4316198996612902e+01    4.8924301219166857e+00
   1.4699444977715970e+01    4.9831851080488585e+00
   1.0094086600936070e-01    1.8136518758701086e+00
   5.6204404924776685e-01    1.8427430338102246e+00
   9.2745681969470062e-01    2.0139190055687841e+00
   1.3002433534541920e+00    2.0806918012551368e+00
   1.6779155158291379e+00    2.1848816542545526e+00
   2.0251405795342432e+00    2.2995162707913868e+00
   2.3555584861986758e+00    2.3607130270505392e+00
   2.7397522072843623e+00    2.4662304502159302e+00
   3.2081814405293918e+00    2.5658822819864020e+00
   3.6420983361776003e+00    2.6067928615144726e+00
   4.0515444422621325e+00    2.6951636779227690e+00
   4.4167938327053680e+00    2.6756733272291213e+00
   4.8095312629553399e+00    2.9037500448971532e+00
   5.0511977072611121e+00    3.0941972432667297e+00
   5.4820835752678887e+00    3.0733321892021555e+00
   5.8877300652275704e+00    3.1297487320715405e+00
   6.2299805817132663e+00    3.2979316546749642e+00
   6.5529803564039435e+00    3.4654730218463889e+00
   6.9914279313780172e+00    3.5094669740656208e+00
   7.3287358061984245e+00    3.6658948300340026e+00
   7.7876917637726875e+00    3.6551636869561208e+00
   8.1374455239233878e+00    3.7715131363861438e+00
   8.4746944822376058e+00    3.8702088892223498e+00
   8.8875319583794941e+00    3.9683575796384045e+00
   9.1690984734914309e+00    4.1800434986829558e+00
   9.6502854416660462e+00    4.1530549802079140e+00
   1.0107965630279391e+01    4.1983667587094056e+00
   1.0469692130895302e+01    4.3017770103707846e+00
   1.0804957868970449e+01    4.4214205269821747e+00
   1.1174835241615540e+01    4.5067490762924747e+00
   1.1509137468212565e+01    4.6220205802612027e+00
   1.1917560738429282e+01    4.7173932608668405e+00
   1.2364728409523092e+01    4.7617959123574609e+00
   1.2690563427773098e+01    4.9042206744166092e+00
   1.3054647041840429e+01    5.0212170724049665e+00
   4.2162426121458929e-01    2.2700810857755216e+00
   8.0604236354807435e-01    2.4162832116483370e+00
   1.2308282884264701e+00    2.4065154894077989e+00
   1.5793359191509011e+00    2.5633687678712485e+00
   1.9271854525012113e+00    2.6596970742072585e+00
   2.3504167973832493e+00    2.8065224913951545e+00
   2.7370182094748978e+00    2.8248220941783511e+00
   3.1141422670607368e+00    2.9195552134491236e+00
   3.4412928002531444e+00    3.0879421231251265e+00
   3.9941744490410667e+00    2.9881236029625327e+00
   4.3699937326167859e+00    3.1482388617716710e+00
   4.6233877340812484e+00    3.3028586154855297e+00
   5.0339496734725939e+00    3.3862374816448964e+00
   5.3886637502404389e+00    3.4285527213212710e+00
   5.7093675940053545e+00    3.6181304027002894e+00
   6.1212161792510695e+00    3.7330596017680642e+00
   6.4870505199599737e+00    3.8871939287913220e+00
   6.9275565470194822e+00    3.8538452375121057e+00
   7.3709472168627403e+00    3.8701258169486246e+00
   7.5855673591970172e+00    4.0702678623726234e+00
   8.1717924874193777e+00    4.1414015672062421e+00
   8.4393690515349995e+00    4.1996885278655416e+00
   8.8022398919826426e+00    4.3564198491611821e+00
   9.2154802663860771e+00    4.3845680257595623e+00
   9.6167723733345660e+00    4.4921468468356975e+00
   9.8653275168254098e+00    4.6436148393908274e+00
   1.0333776283158258e+01    4.6914718109596460e+00
   1.0730569888257337e+01    4.7569738229279102e+00
   1.1120450321161080e+01    4.8058178725773262e+00
   1.1435139242848081e+01    5.0151794901323674e+00
   3.6917248196893893e-01    2.6145555644086502e+00
   7.4713134112707413e-01    2.7265762821678652e+00
   1.1421188380687601e+00    2.8197929358897444e+00
   1.4603218574275469e+00    2.9301276445234126e+00
   1.9227196266525417e+00    2.9755691752996860e+00
   2.2027748427399754e+00    3.1123641932702242e+00
   2.6579854780158603e+00    3.1546343391591698e+00
   2.9811406110013152e+00    3.3419554277104049e+00
   3.4424771579886939e+00    3.2968253386499193e+00
   3.7649389343370943e+00    3.5674997779813027e+00
   4.2714526129491288e+00    3.4821364679323525e+00
   4.5362851181288457e+00    3.6772704290488041e+00
   4.8848677994180827e+00    3.8145830965067886e+00
   5.3205988702529918e+00    3.8424721311187202e+00
   5.6746952301136480e+00    4.0122107214078460e+00
   6.0628194979290919e+00    4.0405246346701729e+00
   6.4075023597125691e+00    4.2142181993789292e+00
   6.8081518235397116e+00    4.2434912733619976e+00
   7.1973760172052978e+00    4.2667019294990896e+00
   7.5889731864585839e+00    4.3566624492055084e+00
   7.9213506561188325e+00    4.5868125293670792e+00
   8.4154421519642177e+00    4.5901666913847574e+00
   8.6688216509040803e+00    4.7364631743082528e+00
   9.1951540717511797e+00    4.7105362859543325e+00
   9.4124105011354260e+00    4.9975448734224770e+00
   9.8027377930784123e+00    5.0462298485051837e+00
   3.2804169066889222e-01    2.9337791536157836e+00
   7.2916457128345102e-01    3.0279131373390125e+00
   1.0565833558605719e+00    3.2008669826523817e+00
   1.3884654736649473e+00    3.3361784376767134e+00
   1.6541198641059882e+00    3.4196095129246404e+00
   2.1859266707469174e+00    3.4346908242175060e+00
   2.5941584623185237e+00    3.4566350473938887e+00
   2.9104230833033324e+00    3.7229774466660390e+00
   3.3082572898628597e+00    3.7611925960360040e+00
   3.6943908142545960e+00    3.8509042161639737e+00
   4.1023045020131752e+00    3.8654047013466033e+00
   4.4521265146702742e+00    4.0205377537905269e+00
   4.7722901393938333e+00    4.1983797203407676e+00
   5.2023987627228205e+00    4.1889351324764768e+00
   5.5477890757844497e+00    4.3943664299037080e+00
   6.0451631274323017e+00    4.4107790276344776e+00
   6.3375589495855076e+00    4.5270965715103806e+00
   6.6312636245838785e+00    4.6781226902691007e+00
   7.0806370390285922e+00    4.7289979997703249e+00
   7.5598158607499792e+00    4.7468959279424867e+00
   7.8278605844878504e+00    4.9896233225635376e+00
   8.2738585363318791e+00    4.9472845616050778e+00
   1.7516357685853878e-01    3.3905820754519866e+00
   5.5368683348576153e-01    3.4861921895775634e+00
   9.3133755931653295e-01    3.5920961956643276e+00
   1.2784956394861413e+00    3.7177905281020158e+00
   1.6776799857655535e+00    3.7999940552833196e+00
   2.0010454506781006e+00    3.9260961805846084e+00
   2.4240628833222861e+00    4.0516351094071270e+00
   2.8806643560277152e+00    4.0337808247699343e+00
   3.2504209045147308e+00    4.1223351434348121e+00
   3.5836990715934278e+00    4.2494232138069643e+00
   4.0239002737139966e+00    4.3196347846779597e+00
   4.3590973513992406e+00    4.4228191141983020e+00
   4.7390843433023182e+00    4.5121689416578876e+00
   5.0781637921434122e+00    4.6397322416330304e+00
   5.3684372604621657e+00    4.8188017109295052e+00
   5.8624394751404827e+00    4.8725498799132412e+00
   6.1963202221163165e+00    4.9504021511902163e+00
   6.6239951405358406e+00    4.9972552761343669e+00
   5.5684285476109063e-01    3.7694740361069732e+00
   8.2875798507201703e-01    3.9661048843641074e+00
   1.2132041407265257e+00    4.0883898998702470e+00
   1.5728410994698916e+00    4.1730849154574665e+00
   2.0155452107345000e+00    4.2312814166195727e+00
   2.3499124720902791e+00    4.3901842190517497e+00
   2.7379088004465153e+00    4.4227031393218903e+00
   3.2242064582902228e+00    4.4793705758668576e+00
   3.5814720729799063e+00    4.5908279158657459e+00
   3.7242467537654229e+00    4.8403950636513429e+00
   4.3197628790524805e+00    4.7446566475034446e+00
   4.6688255032652046e+00    4.8745512283080625e+00
   5.0532194498311522e+00    4.9079351335298229e+00
   3.1463206725853043e-01    4.2838466781202200e+00
   7.6370464495856949e-01    4.2532899494284795e+00
   1.1474868569087273e+00    4.3623788458786050e+00
   1.4843953684579576e+00    4.5997084461638691e+00
   1.8444826305901580e+00    4.6596043259663880e+00
   2.3820097314576705e+00    4.6651071276443581e+00
   2.6128280154401926e+00    4.8569483358707348e+00
   2.9758286081626162e+00    4.9565054480274116e+00
   3.4567201327188921e+00    4.9979804023643748e+00
   3.6433570873323085e-01    4.5450022041487363e+00
   7.1092184558892069e-01    4.6577806334979197e+00
   1.0221214598571262e+00    4.8331977326146243e+00
   1.4109326941347231e+00    4.9058109668797947e+00
   1.7890704781901126e+00    5.0016685756517507e+00
