   6.3892494087684186e+00    3.6363794524285971e+00
   4.8161986538111687e+00    2.1386857285792247e+00
   5.1290751318901213e+00    2.8954990449336000e+00
   7.2632545024558848e-01    3.9695895306530833e+00
   1.9342321629979988e+01    8.6453440967800610e-01
   1.1397280698562852e+01    1.9969487083863924e+00
   2.1818913225395669e+01    2.9894270420229212e+00
   1.5327174094960885e+01    3.7017533290885933e+00
   3.8591584500636705e-01    3.5299223667454975e+00
   1.0915541568128068e+01    1.7787379388757505e+00
   2.9930482444969981e+00    8.6745200109150433e-01
   1.3765440058213571e+01    1.8728621884664363e+00
   4.4734029470620333e+00    1.0986668819356011e+00
   7.3678137165726749e+00    5.4613654902674180e-01
   1.4069478260869564e+01    1.5922001546297979e+00
   6.7626192468619237e+00    4.4288815080953245e+00
   2.0718172457704199e+01    4.2756921320720389e+00
   1.5314646534473348e+00    1.0196719756230670e+00
   6.9961066036019641e+00    3.0641082499545202e+00
   9.1574698926687281e-01    1.5187749408768418e+00
   7.9740851373476431e+00    1.5198347189376022e+00
   1.7923707112970710e+01    1.0889759959978169e+00
   1.7696140804074950e+01    1.0128149990904127e+00
   2.5588900491177004e+01    8.0391479898126250e-01
   8.0923150809532463e-01    5.2093237584136798e-01
   1.2232423503729306e+01    3.4045207022012003e-01
   1.5460055666727303e+01    4.6452533472803346e+00
   1.4261532836092412e+01    3.7325804711660902e+00
   2.2784060396579950e+01    4.0809011551755496e+00
   1.5464084045843185e+00    2.9485360560305618e-01
   5.4852148444606144e+00    3.2462393760232851e+00
   4.4317096598144436e+00    2.0272635346552663e+00
   2.3938907767873385e+01    1.7559995361106058e+00
   3.7244664362379476e+00    3.0114405402947062e+00
   2.4909800254684370e+01    4.1059122521375286e+00
   1.3237330907767872e+00    3.9874145261051481e+00
   1.0028672002910678e+01    2.2582836547207568e+00
   1.0172782244860834e+00    3.4148888211751864e+00
   2.1983950882299432e+01    1.9081004275059124e+00
   3.6678933963980351e+00    4.2374723758413673e+00
   5.4714527924322354e-01    2.0805971711842823e+00
   1.8758637438602872e+01    2.9895942968892122e+00
   1.2041803893032563e+01    4.9604157995270146e+00
   2.6679789703474622e+01    9.6193564671639065e-01
   2.7087926869201379e+01    3.0714513461888302e+00
   1.6280789885392029e+01    9.6017745133709287e-01
   2.3349996725486630e+01    1.5188546934691649e+00
   2.2111501182463158e+01    1.3193047207567763e+00
   4.9890067309441504e+00    4.8502528015281063e+00
   1.7570508641076948e+01    4.1043011915590313e+00
   1.0823465162816081e+01    1.0579356830998725e+00
   1.7625648535564853e+01    3.5315638439148622e+00
   2.8030439512461339e+01    1.4713577678733853e+00
   1.0603137711478986e+01    2.7399149081317082e+00
   2.3327546661815536e+01    3.8614874113152631e-01
   1.3974620702201200e+01    7.1072193014371476e-01
   1.1296986720029105e+01    3.1113673731126066e+00
   1.1742333272694195e+01    4.3454479989084955e+00
   3.2950684009459703e+00    1.2790327542295798e+00
   1.5154141167909769e+01    7.9818414589776232e-01
   1.9547802437693285e+00    3.5992144897216662e+00
   2.3923842823358193e+01    3.7493655903219936e+00
   2.7958369292341274e+01    3.8571867291249768e+00
   2.7550297980716753e+01    9.6106368018919408e-01
   2.4733525195561214e+01    3.1075861833727485e+00
   1.8617155175550302e+01    7.9327059305075487e-01
   2.5164010915044567e+01    3.5332471620884118e+00
   3.4841190831362558e+00    3.2163339003092593e+00
   2.4712687283973076e+00    2.9354270056394394e+00
   1.4736611970165544e+01    3.1517313625613969e-01
   1.6493640895033653e+01    1.4110896216117881e+00
   1.8126624704384206e+01    5.9093534109514279e-01
   8.9546905584864458e+00    2.8254026287065672e+00
   1.9954975441149717e+01    2.0912839094051301e+00
   1.2489011824631616e+01    2.4296757958886666e+00
   3.0048334728033468e+00    3.8939599144988173e+00
   2.0500523922139347e+01    4.8214305348371838e+00
   2.2539880298344553e+01    8.3677334000363834e-01
   1.2155797344005821e+01    2.7539405948699289e+00
   4.1799155903219933e+00    2.9421712661451700e+00
   1.3168687647807893e+01    7.8485403856649083e-01
   1.5469215572130251e+01    2.9561574040385663e+00
   1.5523758777515008e+01    1.4467460887756958e+00
   1.2158007276696379e+01    2.2227175277424047e+00
   1.0375625977806076e+01    3.4204984991813716e+00
   7.3934709841731845e+00    4.3166690285610327e+00
   9.5359781699108606e+00    3.1828787793341822e+00
   9.0175517555029998e+00    4.9226650263780236e+00
   1.7192960160087317e+01    1.3402265690376569e+00
   2.0645246134255046e+01    2.3515273876659992e+00
   2.7137215935965070e+01    7.8336038748408221e-01
   1.6226583954884479e+01    2.3446860196470802e+00
   2.7502260505730397e-01    1.6690410860469347e+00
   1.5819846461706383e+01    4.3985855739494267e-01
   2.6533689648899397e+01    4.3741032654175003e+00
   2.4724418046207020e+01    2.4230409768964889e+00
   2.4640469710751319e+01    1.3128482535928687e+00
   1.4271152264871747e+01    4.9097339730762224e+00
   1.4340162634164088e+01    2.5259004275059125e+00
   2.8205426232490449e+01    4.3124016099690738e+00
   1.8141032563216296e+01    2.0347361924686189e+00
   2.3978395488448243e+01    3.1726875477533198e+00
   2.6939321448062579e+01    4.4090368655630341e+00
   1.2660140804074949e+01    1.2007309532472257e+00
   1.9258841186101506e+01    3.5007923685646714e+00
   1.3168615972348553e+01    1.4834493087138438e+00
   1.1183379297798798e+01    2.6038342459523371e+00
   4.8388128069856275e+00    6.2117133891213383e-01
   1.4390318355466617e+01    4.3368262052028372e+00
   1.0347491722757868e+01    2.2101332090231032e+00
   1.1179742768782972e+01    3.9308422139348735e+00
   2.7285533199927229e+01    1.2577278606512643e+00
   2.3412338366381661e+01    9.6642937056576295e-01
   9.4615637620520285e+00    5.7609289976350730e-01
   2.8246736765508459e+01    3.3919793432781518e+00
   2.7790809532472256e+00    4.1634330816809166e+00
   1.9580582499545205e+01    2.5000159086774603e+00
   1.1890709841731853e+01    1.4511214571584499e+00
   1.3385841731853736e+01    3.5974931871930140e+00
   1.0855116972894305e+00    2.9428256958340913e+00
   3.2957724940876840e+00    4.8809218937602328e+00
   1.7145970529379660e+01    1.6541110150991449e+00
   2.2045837002001090e+01    4.9049262597780610e+00
   2.1435021284336909e+01    4.9683375750409313e+00
   1.9193703110787703e+00    2.8217652992541384e+00
   6.0649474258686551e+00    1.7975737402219392e+00
   2.3122832454065851e+01    1.7186833636529015e+00
   1.8100415499363287e+00    1.9612147807895215e+00
   2.7262685828633796e+01    4.0215251318901215e+00
   1.6357340731307985e+01    3.1053013007094776e+00
   2.1009562670547570e+01    2.9294567764235036e-01
   2.2466815717664176e+01    3.7836016099690739e+00
   1.4845511006003273e+01    3.0358819083136255e+00
   1.3186091322539566e+01    4.0262960978715663e+00
   1.0754614880844096e+01    4.4579278970347458e+00
   2.3980474440603963e+01    2.2102208204475167e+00
   7.3920811351646352e+00    9.5755620338366376e-01
   8.2297897034746226e-01    1.8768393032563215e+00
   9.9914757140258317e+00    2.8430748499181373e+00
   1.6912228124431508e+01    3.9073137438602870e+00
   1.9217751500818625e+01    3.0180402128433688e+00
   1.3554347462252137e+01    3.0654129616154262e+00
   6.5561811897398581e+00    4.5780283245406583e-01
   2.5206266690922320e+01    2.2879636256139713e+00
   1.3122449336001454e+01    2.6901395397489538e+00
   2.1936907040203746e+01    3.6774284245952336e+00
   6.1006545388393665e+00    2.6643234946334364e+00
   3.2493051846461705e+00    1.6036762324904492e+00
   1.3442770602146624e+01    2.1022307167545931e+00
   1.3864559941786428e+01    4.0800919865381111e+00
   2.5565452428597414e+01    1.8646029561579043e+00
   2.4127234855375658e+01    4.3227075950518454e+00
   1.1882081862834273e+01    3.7544403583772965e+00
   2.2483162452246678e+01    1.1581143987629614e+00
   8.9742892486810977e+00    4.3770888939421502e+00
   1.2222475168273602e+01    3.5765870565763143e+00
   3.4847751500818624e+00    4.5204761961069666e+00
   8.4863139894487905e+00    2.9784254047662362e+00
   1.7960557394942697e+01    3.1231984809896307e+00
   7.6255972348553742e+00    2.0868827815171911e+00
   9.9138770238311800e+00    4.7838463980352914e+00
   1.6987353829361467e+01    9.2617737857012905e-01
   1.2150697835182827e+00    4.7501225486629073e+00
   1.8042231398944878e+01    3.4753568219028561e+00
   1.1539899581589957e+01    8.9690042750591226e-01
   1.4858921957431326e+00    2.3493381571766419e+00
   1.4962993269055847e+01    4.9278947880662178e+00
   1.6639777696925595e+01    4.4242342459523369e+00
   2.3314241950154628e+01    1.9321210569401490e+00
   1.7978956885573950e+01    4.7321367382208468e+00
   1.4175465162816080e+01    2.0296928233581952e+00
   2.0435116609059484e+01    1.4015940785883207e+00
   1.4521980352919774e+01    1.7694377751500818e+00
   1.7279119519738039e+01    3.1198107422230303e+00
   7.7017733309077663e+00    2.3980353374567946e+00
   1.3705824631617245e+01    2.5894992614153173e-01
   1.3542139712570492e+01    4.6062164180462073e+00
   6.6083485537565938e+00    2.3731670092777879e+00
   5.3684478806621794e+00    4.6283775968710197e+00
   2.0237653629252318e+01    2.8907274240494814e+00
   8.2116325268328172e+00    3.1434060487538655e+00
   6.1030980534837180e+00    4.8485253138075315e+00
   3.3568747680553024e+00    2.2722733581953789e+00
   1.5359997089321448e+01    2.5333981535382937e+00
   2.5694977260323810e+01    3.3265941513552844e+00
   2.5376610150991450e+01    2.8766557485901401e+00
   1.1182273967618700e+01    4.9539631890121880e+00
   1.9356203383663814e+01    2.9652940331089683e-01
   5.3307200291067849e+00    1.4181279334182280e+00
   4.3800822266690920e-01    1.1818847462252136e+00
   2.7177744587957065e+01    2.1650959523376385e+00
   2.4108382754229577e+01    4.6522295160996903e+00
   1.0070928142623249e+01    4.3977226941968350e+00
   1.5661312716026924e+01    2.0921062488630162e+00
   2.0821950154629796e+01    3.3256427960705839e+00
   1.1002684373294522e+00    8.3126320720392943e-01
   1.9546243769328722e+01    1.9884284245952337e+00
   2.2548579952701473e+01    3.0919358286338001e+00
   2.5363628160814987e+01    1.1316821993814807e+00
   4.1833527378570121e+00    1.7261180007276695e+00
   2.4959547389485170e+01    4.5950968983081681e+00
   8.5072897944333263e+00    3.6943931326177912e+00
   5.8544180462070221e+00    1.4288748135346552e+00
   8.5265010005457516e+00    1.6217605330180098e+00
   1.1769794797162088e+01    2.1408624067673272e+00
   1.2112953611060577e+01    7.7737559577951609e-01
   1.8844279788975802e+00    4.1867967345824990e+00
   8.4387076587229384e+00    3.9621474076769148e-01
   3.6066094233218116e+00    1.7219530016372566e+00
   4.6891893760232843e+00    3.8312382481353460e+00
   2.6341630343823901e+01    1.5640876932872476e+00
   1.6875196652719662e+01    1.8715178188102601e+00
   1.4583877751500816e+01    2.1596685191922864e+00
   2.6117858832090228e+01    2.0360566581771873e+00
   2.3916142259414226e+01    8.8247714207749683e-01
   2.1925487720574857e+01    1.0028867109332362e+00
   1.0029525559396033e+01    3.5485191377114789e-01
   1.7292689830816808e+01    2.0520262052028375e+00
   2.1084039657995270e+01    2.7898910405675825e+00
   2.0250187738766598e+01    3.2532339185010004e+00
   6.3871966527196644e+00    8.0502442241222472e-01
   2.7569985446607237e+01    1.9429579134073129e+00
   5.0528510096416221e+00    9.1287801528106249e-01
   2.6753154811715479e+01    4.7507028651991989e+00
   2.4833107149354191e+01    3.6691756321629976e+00
   9.5184275059123156e+00    1.0962846370747679e+00
   9.6006272512279409e+00    2.1439344096780060e+00
   4.2048546479898130e+00    4.5305096689103150e+00
   1.5775003456430778e+01    9.1459073130798618e-01
   2.4426671639075856e+01    4.0766258140804074e-01
   3.4096737493178092e-01    4.5869102510460253e+00
   9.9089783518282690e+00    8.0770504820811362e-01
   1.7635672184828085e+01    2.7123397216663636e+00
   1.4881812625068218e+01    1.6811425595779517e+00
   1.1247815535746771e+01    3.4528792887029285e+00
   1.2700219028561033e+01    4.6840839821720932e+00
   2.7951325450245587e+01    1.9088514553392759e+00
   1.8229824267782426e+01    2.6102074313261774e+00
   2.6869681280698563e+00    2.4121489630707660e+00
   6.9630300163725662e+00    2.1145154175004546e+00
   2.1755278515553936e+01    2.1217365926869203e+00
   2.5286213934873563e+00    3.0071248863016187e-01
   5.2009157722394033e+00    3.5307617700563942e+00
   1.8964911770056393e+01    1.7908658268146262e+00
   3.8880363834818987e+00    3.6755877842459519e+00
   1.1688793159905401e+01    4.8034338093505546e+00
   2.5351768601055120e+01    4.7126257322175729e+00
   2.4179975986901944e+01    2.6305460887756955e+00
   6.1850030925959609e-01    2.4630598235401129e+00
   2.1298371111515369e+01    3.4227831999272329e+00
   2.6394080771329815e+01    2.8199233127160270e+00
   3.4646496634527923e+00    3.5987467163907583e-01
   2.4575427323994901e+00    4.2070339548844817e+00
   1.5948245224668002e+01    4.3486770329270508e+00
   2.5961106421684555e+01    4.0013552210296517e+00
   1.6836299799890849e+01    3.5834478897580500e+00
   2.3547658359104965e+01    4.8766723030744039e+00
   1.4545539748953974e+01    6.6021972894305980e-01
   1.6894369292341278e+01    2.5185987356740038e+00
   2.1424654902674185e+01    2.5549440058213568e-01
   1.4845721666363469e+01    2.4049251318901215e+00
   2.4965007094778969e+01    1.7105583136256139e+00
   1.6716832817900674e+01    4.8799820083682005e-01
   2.0718509732581406e+01    7.5914168637438606e-01
   1.4797259596143350e+01    4.2214188921229754e+00
   8.1815462979807148e+00    2.0642644442423137e+00
   2.1333703474622521e+01    1.0573413589230489e+00
   2.3418323085319262e+01    2.8064761597234855e+00
   1.2934399490631252e+01    2.0262851100600323e+00
   1.7975043842095687e+01    8.4637279425140988e-01
   6.1633571038748407e+00    4.1224543660178279e+00
   2.1957346916499908e+01    4.4126042659632523e+00
   3.1894665090049115e+00    3.3696749226851006e+00
   2.2839190831362558e+01    2.8767308895761323e-01
   2.6897917409496088e+01    3.4167371839185007e-01
   1.9323567036565400e+01    4.5834520010915041e+00
   2.1294626159723485e+01    4.6675047571402581e+00
   1.8876536292523195e+01    4.8864379934509730e+00
   2.1454621429870837e+00    2.2654613152628702e+00
   1.2462772421320720e+01    2.0236583682008367e+00
   7.9495404766236124e+00    4.5337976441695460e+00
   1.4686455885028195e+01    3.7649491086046933e+00
   8.5752293978533736e+00    4.1646781244315081e+00
   2.6493015826814624e+01    3.8957783609241403e+00
   5.7737387665999629e+00    4.8629157085683099e+00
   1.4916370747680553e+01    1.1796660087320356e+00
   1.9190948517373112e+01    4.0642364289612507e+00
   1.7226398399126793e+01    4.6772158722939778e+00
   1.3572178642896123e+01    2.5200419956339819e+00
   7.6490733127160260e+00    3.0708543296343458e+00
   3.9656088775695828e+00    1.4549308440967799e+00
   1.0737612515917773e+01    4.6293777515008183e-01
   3.3850545024558851e+00    7.8322635073676561e-01
   1.0411436419865380e+01    4.9311485628524645e+00
   1.9680800436601782e+01    4.1395815262870652e+00
   2.7651588866654539e+01    3.4322573494633435e+00
   1.1745337456794616e+01    2.6047159996361646e+00
   1.9870448244496998e+01    1.2380422139348735e+00
   1.4680280880480261e+01    2.7629000272876114e+00
   9.1550616700018193e+00    7.6775303802073847e-01
   8.9394913589230480e+00    3.4305354284154990e+00
   3.7481080589412406e+00    4.6040563307258502e+00
   3.1583058031653626e+00    4.4142498908495540e+00
   8.9884009459705290e+00    1.7648479261415317e+00
   9.4645421138802970e+00    3.7783181462615971e+00
   4.5065002728761137e+00    4.8862393396398032e+00
   8.0249452428597401e+00    1.0253908768419138e+00
   2.4245598326359829e+01    1.1663366290704020e+00
   6.7534436965617601e+00    4.0035083954884474e+00
   1.7526169183190831e+01    4.1794084591595415e-01
   9.3992304893578300e+00    4.3153093778424596e+00
   7.1961346188830264e+00    1.6934948608331817e+00
   9.9426265235583031e+00    1.4208433418228124e+00
   2.5979591777333088e+01    4.4441065399308712e+00
   2.2643826450791341e+01    2.0236476714571583e+00
   2.0227119519738036e+01    9.2424497907949776e-01
   9.4112170274695277e+00    2.8845685373840277e+00
   2.3327440422048387e+01    4.5980472348553754e+00
   5.2341197016554482e+00    2.0182394851737309e+00
   1.9203170820447514e+01    2.2039411042386754e+00
   8.4278140804074937e+00    4.4432769965435686e+00
   1.8164784791704565e+00    4.6325536929234126e+00
   1.5792810623976715e+01    3.4987375022739671e+00
   1.8529916317991631e+01    1.8906371566308895e+00
   2.5395634346006911e+01    4.2976586592686923e+00
   1.2746368200836820e+01    8.1971348917591413e-01
   1.1294043660178277e+00    2.0833678097143893e+00
   2.7355898853920317e+00    1.8253518009823539e+00
   1.6281696925595778e+01    4.5859105148262691e-01
   1.9938577042022921e+01    3.0513033745679459e+00
   2.3067441877387665e+01    2.4720101600873199e+00
   1.5917044933600144e+01    2.7888858013461886e+00
   7.9191577223940328e+00    3.4745467436783697e+00
   2.3194688375477529e+01    4.1358733218118964e+00
   1.1283498635619429e+01    1.3293539839912678e+00
   2.8364684009459705e+01    2.7010758686556300e+00
   2.4454763325450244e+01    4.4445697016554488e+00
   1.5937941058759321e+01    3.9518624067673271e+00
   1.2016790613061669e+01    3.1857901127887938e+00
   2.0984394760778606e+01    1.0758929325086410e+00
   2.4780000363834816e+01    8.6908118064398754e-01
   5.0820174640713116e+00    2.4864125613971257e+00
   5.0860207385846827e+00    4.0471976805530279e+00
   2.4904382026559939e+00    1.4649243314535201e+00
   1.8938010187374932e+01    4.5093181098781150e+00
   4.5628106239767146e+00    2.5610412679643444e+00
   1.0515263962161178e+01    1.7230100873203567e+00
   2.3271268328179005e+01    3.4246596780061851e+00
   2.7558881207931599e+01    2.8910065945060941e+00
   6.4279854466072397e+00    4.5435800709477894e+00
   9.3105788611970164e-01    4.3684918410041842e+00
   2.2802178642896124e+01    3.3082052483172641e+00
   2.7626882663270873e+01    3.9809419046752774e+00
   2.2324043296343458e+01    3.4072136529015826e+00
   1.6041497907949790e+01    1.3471559486992906e+00
   2.4797858832090228e+01    4.9620919865381117e+00
   1.8476057485901400e+01    1.1214708841186101e+00
   2.7992281971984717e+01    2.8725326268873927e+00
   2.7883496452610515e+01    4.5085995452064764e-01
   2.5585090412952518e+01    4.0897533745679460e-01
   2.6236251409859921e+01    3.7252179552483172e-01
   1.2847074768055302e+00    1.3481666818264508e+00
   6.7695313807531381e+00    1.2873731580862289e+00
   7.0216707294888110e+00    3.5714227851555393e+00
   2.8277702383118065e+01    7.5763959432417671e-01
   1.9759944333272694e+00    6.4470010005457523e-01
   5.4239476077860642e+00    7.7303941240676721e-01
   2.2851521193378204e+01    2.9931953520101868e+00
   1.8761026014189557e+01    1.4754260232854284e+00
   1.7999376750955065e+01    3.8966737584136797e+00
   1.8840569037656902e+01    3.1680995997816991e-01
   1.5465401855557577e+00    4.3925031198835729e+00
   1.2803378570129160e+01    2.3113804711660904e+00
   2.2257524104056756e+01    4.5896193651082413e+00
   2.6847494269601601e+01    3.6124713934873562e+00
   1.8351657995270145e+01    1.4813175277424049e+00
   1.0155243587411315e+01    3.8621992086592685e+00
   2.1801686010551209e+00    4.7218889667091144e+00
   1.2846184100418411e+01    5.0876507367655077e-01
   1.9794671639075858e+01    4.9177448881207928e+00
   2.0044596689103148e+01    4.5930983536474432e+00
   2.3562583954884481e+01    4.2668593141713655e+00
   1.8959601237038385e+01    2.4822405766781883e+00
   2.5283979261415315e+01    3.1943557303983989e+00
   1.7595317809714388e+01    7.4241398035291972e-01
   1.7468008732035653e+01    4.9541520192832449e+00
   1.1392378388211752e+01    4.2959318992177549e+00
   2.2481194469710747e+01    2.6709635110060032e-01
   2.3060526468983081e+01    6.2334150445697656e-01
   1.5549905766781880e+00    3.2389273148990356e+00
   1.1844557031107877e+01    6.5509704384209566e-01
   2.2468554484264143e+01    2.4857385937784247e+00
   6.8582168455521189e-02    4.1166323994906306e-01
   9.7829918137165723e+00    3.5204297344005817e+00
   1.5011013643805711e+01    3.8881680280152806e+00
   1.0359892668728396e+01    3.0942320629434232e+00
   2.2921937784245952e+01    4.7188385755866831e+00
   2.6928186647262141e+01    1.5696810351100601e+00
   5.7811744587957064e+00    2.2682266781881024e+00
   1.3140017827906130e+01    2.1926872566854647e+00
   6.6656117882481345e+00    1.6068529470620339e+00
   2.1495803893032559e+01    3.7532636438057123e+00
   1.8037616154265962e+01    2.5357167000181918e-01
   1.7117224304165909e+01    4.3665584227760590e+00
   2.5980205930507548e+01    2.4559611879206842e+00
   6.3466883754775330e+00    1.2179418319083135e+00
   1.3160533745679460e+01    4.7198041931962882e+00
   2.2745656539930867e+01    1.6478909314171366e+00
   2.6418917591413496e+01    3.4160143441877384e+00
   2.1998245224668000e+01    4.1009000636710926e+00
   2.1804124795342911e+01    1.6938654629798071e+00
   1.3843544114971801e+01    2.2071991722757867e+00
   2.4903395670365653e+00    4.8199722848826632e+00
   1.6019542659632528e+01    1.6300141622703292e+00
   1.9743632526832815e+01    3.4410540021830087e+00
   2.6793263234491537e+01    3.9981312806985629e+00
   2.8062028015281058e+01    2.3148689557940694e+00
   4.0006239767145715e+00    4.1866046297980715e+00
   2.7224058577405856e+01    4.8229888393669276e+00
   4.1053319992723303e+00    2.3303672275786793e+00
   2.3576261233400036e+01    3.8276512734218664e+00
   3.6015954156812806e+00    1.2396183827542293e+00
   2.8322845915954154e+01    1.2812699017645988e+00
   1.8333282517736944e+01    3.8292495270147349e+00
   2.5385036929234126e+01    3.8313790885937782e+00
   2.4557341095142803e+01    3.4528193651082404e+00
   1.8686484264144079e+00    1.1185380844096779e+00
   1.0679575768601053e+01    3.8148451246134254e+00
   5.8832796070583946e+00    3.1143880753138076e+00
   6.6638511915590319e+00    4.8267206931053295e+00
   2.8262085865017280e+01    1.7365133800254684e+00
   7.1454527924322351e+00    2.5708573494633438e+00
   1.8026210296525378e+00    1.4567519828997633e+00
   2.0183724213207203e+01    3.9783237493178092e+00
   1.3976878297253046e+01    3.4171181462615974e+00
   1.6361216299799889e+01    4.0416088138984891e+00
   2.4449820993269054e+01    4.9378882390394754e+00
   7.5728098963070769e+00    3.8790827087502273e+00
   1.7917449517918865e+01    1.7105586410769511e+00
   2.1267996361651807e+01    4.2562098690194654e+00
   9.2664384209568844e+00    1.6697831271602692e+00
   2.6004655994178641e+01    1.0038680462070220e+00
   2.2261468073494633e+01    4.3208916954702561e+00
   5.9818282699654350e+00    3.5596338457340368e+00
   2.6814104420593051e+01    2.8219606785519371e+00
   1.0407171184282335e+01    4.0659006094233208e+00
   2.0046214662543207e+01    4.2626966800072763e+00
   4.8492133891213385e+00    1.6196995543023467e+00
   7.6826825541204291e-01    1.0318538566490811e+00
   7.0735182826996539e+00    1.1866559305075495e+00
   3.6102063671093321e+00    2.5676826723667454e+00
   1.1751285064580680e+01    3.3295061033290883e+00
   4.3537198471893754e+00    3.3815718482808803e+00
   2.5977323267236669e+00    1.0662468710205566e+00
   1.2576169547025650e+01    3.8984037929779878e+00
   1.4370633072585045e+01    4.7002229761688191e-01
   2.1343466618155357e+01    2.2129757049299617e+00
   1.4411604511551754e+01    1.0807166181553574e+00
   2.1025662725122793e+01    4.5325344096780062e+00
   4.1195080953247221e+00    8.4616238857558668e-01
   2.6704526832817898e+01    2.1615780698562852e+00
   1.3230338366381661e+01    3.1641702837911585e+00
   8.8190052756048747e+00    1.3523936783700201e+00
   2.1952425686738220e+01    2.4705198562852466e+00
   2.4433041659086776e+01    4.1561050845915943e+00
   4.7795073676550839e+00    1.2860544387847916e+00
   7.8878042568673825e+00    4.9461196379843546e+00
   7.2629346916499902e+00    4.8372500727669632e+00
   1.4014263052574131e+01    4.6647512552301249e+00
   1.2623223940331089e+01    3.2366605512097504e+00
   1.9564248135346549e+01    2.9325635528470073e+00
   1.2963626705475713e+01    3.5697050845915950e+00
   1.9599079134073129e+01    3.8094046297980717e+00
   5.7457114789885395e+00    4.4309644624340541e+00
   1.3601656176096052e+01    1.2268339912679642e+00
   2.5823337820629433e-01    2.6287076678188099e+00
   2.7727318901218847e+01    4.8116331908313619e+00
   2.3783786792796068e+01    3.4937617791522646e-01
   5.9672974349645251e+00    4.1294939603420044e-01
   3.1292671275241037e+00    3.0354043023467341e+00
   9.2293341822812440e+00    3.0716306076041477e+00
   8.3055430234673455e+00    4.9154880207385840e+00
   1.0442204475168273e+00    2.5219158904857193e+00
   1.9748040749499726e+01    4.3210417500454790e-01
   1.0914911770056395e+00    2.4575383299981807e-01
   1.2577076587229396e+01    3.2575073858468256e-01
   1.4745407313079861e+01    4.6386621156994723e+00
   1.1422456976532654e+01    3.9752368746589051e-01
   5.5906407131162448e+00    3.8842116881935596e+00
   1.2787836638166270e+01    1.6860336638166271e+00
   1.2285509550663997e+01    4.6868076496270694e+00
   2.4994047298526468e+01    2.7575179279607056e+00
   1.4687022375841366e-01    4.9574618246316176e+00
   9.2637143896670899e+00    2.3865940785883208e+00
   6.3915350191013278e+00    3.2454335910496632e+00
   5.0983008913953061e+00    4.3981480171002367e+00
   2.4399902492268506e+01    1.8753406312534109e+00
   1.0422981990176460e+01    1.2598359923594689e+00
   1.4407438602874294e+01    1.4244927142077497e+00
   2.1591260323812985e+01    1.5583005730398398e+00
   9.6921022375841357e+00    4.1584281699108594e+00
   1.9341257413134436e+01    1.6769432872475896e+00
   2.3809841368018918e+00    1.9579834182281244e+00
   2.1246799708932141e+01    3.0732511642714209e+00
   1.8993381116972893e-01    4.1323466709114056e+00
   2.5046302346734581e+01    1.1391483809350553e+00
   4.0824016736401667e+00    2.6797710569401489e-01
   4.4893978533745678e+00    1.5252035382936147e+00
   6.9262823358195371e+00    7.5281503547389472e-01
   4.5205181007822448e+00    4.2160599690740401e+00
   2.2161221757322174e+01    3.1102180916863742e+00
   1.5122777151173365e+01    2.2202704475168269e+00
   1.1030218300891393e+01    4.6270179461524465e+00
   1.8785400036383479e+01    1.0106604784427868e+00
   2.6064939421502636e+01    3.0205194924504273e+00
   1.2838278333636529e+01    3.0406928597416769e+00
   5.4333792977987985e+00    3.2336406221575403e-01
   8.1546567218482799e+00    2.6759598417318537e+00
   1.4504292523194469e+01    3.3376203110787701e+00
   2.3001750773148991e+01    1.2356541841004185e+00
   1.9473032563216297e+01    4.8906446516281603e+00
   7.8736241586319800e+00    3.9145140349281426e+00
   2.1637696925595780e+01    2.7028952246680009e+00
   1.9530941968346369e+01    7.2176711842823349e-01
   1.7294945606694558e+01    8.7741721848280863e-01
   1.3996993269055848e+01    1.2988398126250682e+00
   2.3823625977806074e+01    2.7965406676368927e+00
   2.6994192832454065e+00    3.3780929688921226e+00
   9.9514800800436589e+00    3.2376063762052025e+00
   5.4565530289248674e+00    2.5035671184282333e+00
   2.0693475714025833e+01    3.6986565854102236e+00
   2.0173440785883205e+01    2.4441751591777332e+00
   7.6358923048935772e+00    1.2189912770602145e+00
   2.1054726578133526e+01    3.6091480898672001e+00
   1.8790907040203745e+01    4.1187101418955789e+00
   1.9658292523194469e+01    4.4983514007640526e+00
   1.5158537747862468e+01    3.2554533836638164e+00
   6.9015000909587050e+00    3.7622892668728392e-01
   1.7755722030198289e+01    2.2450899490631251e+00
   2.1552308895761325e+01    4.1914258049845365e+00
   2.2280684737129341e+01    2.1066987538657451e+00
   2.0581108240858647e+01    2.8718355557576856e+00
   2.6816837547753316e+01    3.1941098872112059e+00
   8.5220691286156072e+00    2.4762059396034197e+00
   1.3869564489721665e+01    4.8795684282335818e+00
   4.4103998544660721e+00    4.3462228306348916e-01
   1.5391698380935054e+01    4.1284194378752046e+00
   1.0443725668546479e+01    3.1995391850100052e-01
   2.4161582317627797e+01    3.9496852192104783e+00
   2.7918814262324901e+01    3.2058761961069671e+00
   2.4319797344005821e+01    2.9682451973803889e+00
   9.5081378933963983e+00    4.7067952792432237e+00
   1.8817990176459887e+01    3.7466310805894119e+00
   2.6269005275604876e+01    4.9029204384209564e+00
   1.6452354738948515e+01    2.7338144897216665e+00
   1.7667050027287612e+01    1.4272604056758231e+00
   1.8284958340913224e+01    4.9365995361106050e+00
   3.8479945424777147e+00    7.8869922685100957e-01
   2.2595249772603236e+01    4.4561785792250319e+00
   2.1465289430598506e+01    1.8894255503001636e+00
   1.5189120247407676e+01    1.7246246770965981e+00
   8.8587840640349267e+00    2.1426867837002002e+00
   1.9046729124977258e+01    7.3566368018919404e-01
   2.5117824995452064e+01    3.4264484082226665e-01
   2.2167167545934142e+01    5.5149918319083135e-01
   2.2885850100054577e+00    8.9712829725304699e-01
   1.8774801528106238e+01    2.2609790522102964e+00
   1.2398968528288156e+01    9.3486884664362369e-01
   1.0841768601055120e+01    3.1767718846643622e+00
   4.7522786974713478e+00    2.8209937511369834e+00
   2.2531110423867560e+01    4.7415000272876107e+00
   1.4857937056576313e+01    2.0003059941786425e+00
   2.7121418955794066e+01    3.5306146352555938e+00
   2.8291083136256137e+01    3.1037934327815170e-01
   1.6920126250682188e+01    3.1956957704202287e+00
   2.1068445333818445e+01    4.8574141622703291e+00
   1.3945964708022558e+01    2.8382158722939783e+00
   2.3502627615062761e+00    3.6547341913771145e+00
   1.8275130798617429e+01    4.2166471984718932e+00
   2.0301165362925232e+01    4.4288971529925414e+00
   1.2245221393487355e+01    4.1186159086774596e+00
   2.0196511551755503e+01    3.5909150536656353e+00
   1.0792696379843550e+01    2.3741786156085136e+00
   1.0804074949972712e+01    4.8378056485355643e+00
   1.6581758777515006e+01    4.8991602055666723e+00
   6.0281237038384567e+00    4.4054199836274330e+00
   2.7828654902674181e+01    1.2728276969255958e+00
   1.6554653811169725e+01    1.9465901127887939e+00
   2.7328785519374204e+01    3.3017890940513004e+00
   5.0784107695106417e+00    2.6473818555575768e-01
   1.8999313079861743e-02    2.3465741404402398e+00
   2.7721595415681278e+01    2.3173840731307984e+00
   2.6303366927414952e+01    6.4959702565035471e-01
   2.0904468983081681e+01    1.7987892032017463e+00
   1.0609151173367290e-01    8.1652214844460613e-01
   1.9564953247225755e+01    1.0768059396034200e+00
   2.7822546116063304e+01    4.3986159086774608e+00
   2.1552504275059121e+01    6.7810712206658175e-01
   1.2126841186101510e+01    1.1325233490995088e+00
   2.5605688193560120e+01    2.5964089230489358e+00
   7.8772137529561572e+00    6.3318647444060394e-01
   8.7692312170274693e+00    7.5329154993632885e-01
   1.5169988721120612e+01    3.2842437511369837e-01
   5.4621433509186827e+00    2.8461046116063304e+00
   1.8619319265053665e+01    3.2775567491358921e+00
   1.2078144442423138e+01    1.8231087593232671e+00
   1.1025982899763505e+01    4.8068790067309441e-01
   1.4315477533199926e+01    2.7973394305985084e+00
   2.8026065126432599e+01    4.6876382845188278e+00
   2.2076193560123700e+00    4.3467818173549206e+00
   2.0072570492996178e+01    1.6068352646898307e+00
   1.1126749499727124e+01    8.3642576860105522e-01
   1.8253365835910497e+01    8.6135049117700557e-01
   1.0322544296889211e+01    6.9286109696197928e-01
   7.6069776241586311e+00    3.3549597689648896e+00
   1.5926010187374930e+01    4.8528789612515917e+00
   1.5343989084955428e+01    1.9808695743132616e+00
   1.7223961433509185e+01    3.4466987174822630e+00
   1.9888697107513188e+01    3.8825158541022371e+00
   2.0976357649627065e+01    2.1387654447880657e+00
   1.6905229034018557e+01    2.8995562033836633e+00
   6.2296310714935412e+00    2.3248664453338184e+00
   1.6484813898490085e+01    3.6816254047662360e+00
   2.1243214480625795e+01    1.4534004456976533e+00
   1.6632376569037657e+01    1.0181033745679462e+00
   8.4091093323631068e+00    8.2833870292887024e-01
   2.1107889758049843e+01    3.9435928051664542e+00
   2.1431862834273239e+00    3.9805242223030741e+00
   2.0498608331817351e+01    4.8111637802437690e-01
   5.8751064216845550e-01    3.1928677187556844e+00
   2.6592335819537929e+01    2.4699785792250317e+00
   1.0396322721484445e+01    4.3976572039294162e+00
   2.7441696561760960e+01    2.5478417409496084e+00
   2.0122108058941237e+01    2.5378398544660724e-01
   4.7154062215754040e+00    4.5452897307622333e+00
   8.9480440240130985e+00    1.0587769055848644e+00
   9.1827062033836615e+00    3.9613777787884299e+00
   1.2660940513007095e+01    3.5150114335091867e+00
   2.5240228852101149e-01    3.1310335910496634e+00
   1.3643274513370928e+01    3.3494949336001452e+00
   1.4420505366563578e+01    3.0715351737311258e+00
   3.6281682372203017e+00    2.1005749408768417e+00
   1.6113676914680735e+01    3.4886390849554298e+00
   9.2999563398217191e+00    3.5202083045297430e+00
   3.1949647080225572e+00    2.5328998089867198e+00
   4.8704391486265237e+00    3.4118151082408588e+00
   2.1714829543387300e+01    1.2286089594324174e+00
   9.1574455157358550e+00    2.4297001222484990e-01
   2.1107081317082041e+01    6.0729511551755500e-01
   3.0775935965071857e+00    2.1078891122430412e+00
   2.8257968710205564e+01    4.9239646443514635e+00
   2.2438045479352372e+01    4.0801807622339448e+00
   1.9117124977260321e+01    1.2622458158995815e+00
   1.4131382572312168e+01    4.1878249317809706e+00
   2.0519230489357831e+01    1.8279311715481172e+00
   2.7147338548299068e+01    2.5846941695470256e+00
   6.3973742041113324e+00    1.4775148353647445e+00
   1.5769915590321991e+01    2.4645902947062033e+00
   6.4918297253047106e+00    2.7004550573039836e+00
   1.4309540840458430e+00    1.7825965526650900e+00
   2.7353312352192102e+01    4.4771787611424410e+00
   2.5622201564489718e+01    4.5607290613061666e+00
   1.8444970711297071e+01    5.3306885028197204e-01
   2.7330850281971983e+01    1.5841813443696562e+00
   2.9112850281971983e+00    1.5115485992359468e+00
   1.2982644715299253e+01    4.4328553119883569e+00
   2.2997687829725301e+01    3.8558414134982715e+00
   1.7771111515372020e+01    4.2147653447334910e-01
   7.0685151901036924e-01    2.8860131435328360e+00
   1.7238129889030379e+01    2.9205097143896669e-01
   2.8511136619974531e+00    4.6576106330725846e+00
   1.3434708386392575e+01    6.0885291067855185e-01
   2.4692469346916496e+01    4.6086941331635440e+00
   1.6208523558304528e+01    4.5527214207749678e+00
   2.3663398581044206e+01    1.2961157449517917e+00
   2.3640955066399854e+01    7.6973659268692018e-01
   3.9796488993996717e+00    4.8590506912861553e+00
   2.1925795524831724e+01    3.9668200654902674e-01
   2.7633703838457336e+01    5.6975358377296703e-01
   1.2610522830634890e+01    4.4178896943787516e+00
   2.4571363289066760e+01    2.7711639530653080e+00
   1.8603138439148626e+01    4.4362691740949609e+00
   6.7210158268146252e+00    3.4249185828633797e+00
   1.1156137893396398e+01    2.3367894578861197e+00
   8.5019810805894114e+00    1.1897584227760596e+00
   2.2318463889394213e+01    1.6182286428961250e+00
   1.1803536474440603e+01    2.9695067946152447e+00
   3.6239256685464794e-01    4.0495442059305076e-01
   1.8310618883027104e+01    3.2002175459341458e+00
   1.3021723849372384e+01    2.5998727633254504e-01
   7.3538675641258857e+00    3.2744500727669634e+00
   2.5957343278151715e+01    4.9469440876841908e+00
   1.7619999636165179e+01    1.8096430507549572e+00
   1.3915249772603238e+00    6.8734510642168445e-01
   2.5921008913953063e+01    4.8135658177187557e-01
   1.5033020192832453e+01    4.5081130889576135e+00
   2.0168994360560301e+01    6.4463501000545742e-01
   8.1846126978351830e+00    4.2351543842095687e+00
   1.8989620884118608e+01    2.7870896943787522e+00
   7.3694535201018736e+00    3.5764711024195011e+00
   1.8472053483718391e+01    2.9786227123885753e+00
   2.2114189921775512e+01    2.7740712115699471e+00
   8.7654444242313989e+00    3.1111697016554483e+00
   1.5197958886665452e+01    1.3079498362743314e+00
   9.5264857194833539e+00    2.5748095051846458e+00
   1.4166563580134618e+01    2.4781311733672912e-01
   7.8110154629798056e-01    4.9000741586319805e+00
   4.4748208113516466e+00    7.4791345279243227e-01
   2.3109869383299980e+01    2.9776656085137345e+00
   4.3176343460069129e+00    3.9639868382754226e+00
   1.8674178642896123e+01    2.6971373931235219e+00
   2.0827815899581587e+01    1.4525857467709660e+00
   3.3886343823903946e+00    3.7272376659996356e+00
   2.0462916136074223e+00    2.4729401491722758e-01
   1.6876383118064396e+01    1.3004040476623613e+00
   2.7990084045843183e+01    2.5577049754411494e+00
   1.5671919228670181e+01    4.0708822357649623e+00
   2.3728672366745496e+01    4.5825882572312162e+00
   1.1387285792250317e+01    1.6121732308531926e+00
   2.6543805348371837e+01    5.5503911042386744e-01
   7.2263474622521376e-02    1.1752838730216482e+00
   3.5578579588866652e-03    4.5955840731307980e+00
   1.0275055484809895e+01    2.5900643350918684e+00
   1.5041936328906676e+01    2.7409122885210113e+00
   1.1515481171548117e+01    2.9217948426414404e+00
   3.0242889212297617e+00    2.7940827087502274e+00
   7.8207152992541378e+00    1.8647186192468619e+00
   1.7342710205566672e+01    2.4214683736583589e+00
   2.5986279061306168e+00    4.5018278424595231e+00
   5.6159803529197738e+00    1.8135699927233035e+00
   1.7066214298708385e+01    4.9332831817354919e+00
   7.9785464798981254e+00    2.9312065308350010e-01
   1.3991658359104965e+01    2.5439912770602144e+00
   7.1671795524831721e+00    3.9316804893578317e+00
   2.7413680553028922e+01    3.6749189921775516e-01
   1.2345700927778787e-01    2.0496207840640346e+00
   1.7243596871020557e+01    2.6945037384027648e+00
   1.0096744769874476e+01    1.7931926232490449e+00
   1.2489058395488447e+01    1.6157042477715118e+00
   7.8118300891395291e+00    2.8285488175368383e+00
   1.2731487720574858e+01    2.7181474349645258e+00
   6.5964289612515907e+00    2.0598306803711113e+00
   2.2040048026196104e+01    3.4161766872839729e+00
   1.3568820811351646e+01    1.6009851282517737e+00
   2.1825881026014187e+01    4.7130153993087136e+00
   2.6338888848462794e+01    2.2938384664362381e+00
   7.4782728761142430e+00    2.7113448153538293e+00
   4.2805370201928321e+00    2.5718953338184463e+00
   1.6063134073130798e+00    3.6874523649263233e+00
   2.7610020738584680e+01    1.4857177824267782e+00
   2.7082080407494995e+01    3.7740802710569401e+00
   2.5560506821902855e+01    1.4614187829725305e+00
   6.0497263962161174e-01    4.3599948426414405e+00
   2.4344498817536838e+01    3.6696125250136435e+00
   2.3613100600327449e+01    2.3939902583227215e+00
   2.8340165908677459e+01    3.7570652446789157e+00
   1.3432076769146807e+01    9.3073302710569394e-01
   6.1903478260869553e+00    3.0513134164089504e+00
   1.3226142987083863e+01    1.1343489630707657e+00
   2.5677797344005818e+01    4.7961491086046930e+00
   1.0062549026741859e+01    3.6004784154993632e+00
   4.8386396216117884e+00    3.0849085774058578e+00
   8.5134491540840447e+00    1.9759805803165362e+00
   2.1599250500272873e+01    3.3852859832635982e+00
   3.9427658722939785e+00    1.0496406858286338e+00
   2.3984230671275242e+01    1.4003671184282336e+00
   5.3608277242132072e+00    4.9628578588320895e+00
   2.3282233945788612e+01    3.7838020101873746e+00
   7.5936303438239037e+00    3.0342866472621427e-01
   2.7009138075313803e+01    1.2049439421502637e+00
   1.2259945424777150e+01    1.4699558759323266e+00
   1.3992830634891758e+01    4.4354512734218661e+00
   7.5702783336365274e+00    1.5017859650718572e+00
   6.6358606512643252e+00    3.0050223849372384e+00
   2.4409209023103511e+01    2.2128906039657994e+00
   2.3650129889030378e+01    3.4894419228670182e+00
   2.5735250864107694e+01    3.7953913498271783e+00
   1.3719360742223028e+01    3.7863052301255227e+00
   2.1154627978897580e+01    2.4638775059123157e+00
   2.3641373840276515e+01    2.0398407949790793e+00
   2.2588824449699834e+00    3.3544623340003636e+00
   1.9737871566308893e+01    1.6356987538657450e+00
   2.3606710569401489e+01    3.1580374113152629e+00
   5.9306592686920130e+00    4.1930117609605233e+00
   2.6445741313443694e+01    1.8738153265417499e+00
   1.5753914862652353e+01    3.1824354102237584e+00
   7.9345330180098230e+00    3.0887848008004366e+00
   1.6466801528106239e+00    2.6362466527196649e+00
   2.5850292159359650e+01    1.4704964980898672e+00
   1.2456847007458613e+01    5.9957169183190828e-01
   1.6032721484446061e+01    1.8925928779334182e+00
   8.6268648353647439e+00    4.6820268601055117e+00
   8.1001782790613053e+00    3.7585604602510458e+00
   8.8181400764053119e+00    3.9005256776423503e+00
   5.1081298890303794e-04    3.0187128342732397e+00
   1.0930974349645259e+01    1.5156099781699108e+00
   9.1610995088229927e+00    1.3179789430598510e+00
   8.3708521011460790e-01    4.6170812534109507e+00
   7.7561917409496077e+00    4.1716673913043474e+00
   1.8633870838639258e+01    3.5307837092959793e+00
   5.0134546116063303e+00    3.7595666454429684e+00
   9.7984766236128795e+00    2.5360813989448792e+00
   7.0246490813170812e+00    4.3275866199745314e+00
   1.3423177369474256e+01    1.7990817627796980e+00
   2.0459368018919410e+01    4.0046319174094958e+00
   7.3895230125523002e+00    2.2586699381480808e+00
   6.3014633436419860e+00    2.0066999909041292e+00
   5.5859625250136435e+00    1.1713918955794069e+00
   2.7959521193378205e+01    7.8421365290158263e-01
   4.7717358559214116e+00    2.5540720465708566e-01
   1.1893648171730034e+01    9.4431207022011998e-01
   1.6923650718573768e+01    4.6720195834091323e+00
   9.8123096234309628e+00    3.9146482899763502e+00
   2.1479480807713298e+01    4.4653359377842463e+00
   2.6152917591413495e+01    3.7186828906676364e+00
   2.9633889758049845e+00    2.4669105548480991e-01
   1.2787886483536473e+00    4.2559935783154446e-01
   2.0342583954884482e+01    2.0553511460796798e+00
   2.8693165362925233e+00    1.1945704657085681e+00
   2.5209345824995449e+01    1.4098690285610334e+00
   1.2479222484991812e+01    2.9132353738402763e+00
   2.4443134436965614e+01    1.6034056849190466e+00
   1.4998756048753863e+01    3.5103737766054208e+00
   1.9886026196106965e+01    2.6802203110787701e+00
   1.7200333636529013e+01    3.8085151991995634e+00
   6.0005872293978531e+00    9.6717665090049110e-01
   1.1561807167545934e+01    3.6876055757686008e+00
   2.8145395670365652e+01    1.0649208022557757e+00
   2.0640150991449877e+00    1.3259741040567581e+00
   1.1044445333818445e+01    4.3038634982717836e+00
   2.8236943787520463e+01    2.0921836729124976e+00
   3.2872989630707656e+00    4.1060093960342003e+00
   2.2725886119701652e+01    5.3853537020192832e-01
   2.1153508095324721e+01    1.9026027742404947e+00
   1.1772601782790613e+01    4.0911742223030745e-01
   1.5456615244678913e+01    4.9366846461706382e-01
   2.6019305803165363e+01    1.7547482354011279e+00
   2.3042506458068036e+01    2.1265377933418224e+00
   1.4855274513370929e+01    5.8635813534655257e-01
   2.0700101509914496e+01    2.6488208513734762e-01
   2.2861581953792975e+01    3.6285222212115698e+00
   9.8014276878297242e+00    4.4887992814262319e+00
   2.3923175550300162e+01    4.9615804347826078e+00
   2.8331926505366560e+01    3.0595817809714392e+00
   2.7917324722575949e+00    4.9530259505184642e+00
   2.2790025104602506e+01    1.0106552028379114e+00
   1.6872902310351101e+01    2.1428377023831180e+00
   1.4644579952701474e+01    8.9773757504093132e-01
   1.1455945424777150e+01    2.4031540931417137e+00
   1.7650769146807349e+01    4.6675404129525200e+00
   4.4761793705657631e+00    3.0150412679643441e+00
   2.5069763143532832e+01    4.9699770147353100e+00
   3.9606225213752952e+00    2.7192272603238128e+00
   2.5175109332363107e+01    1.9903098872112059e+00
   1.7209172639621610e+00    4.9510226760050937e+00
   2.8361386938329996e+01    4.5708007367655075e+00
   2.1426989630707656e+00    1.8208319537929778e+00
   1.9265776969255956e+01    6.1107255775877745e-01
   1.0523404766236126e+00    1.0751696652719664e+00
   3.8989670729488810e+00    2.0751535110060031e+00
   1.2978072403128978e+01    1.2778419592505004e+00
   2.5231479716208838e+01    7.9610497544114955e-01
   4.1111300709477894e-01    6.6615085501182458e-01
   1.9793964708022553e+01    7.4395827724213204e-01
   7.6998279061306167e+00    9.1832585955975987e-01
   1.3619348008004364e+01    2.7969809441513549e+00
   2.6589274513370928e+01    1.3523749772603237e+00
   2.5626191740949608e+01    2.9297385210114606e+00
   9.1802183008913953e+00    2.1369018464617060e+00
   2.4038079679825358e+01    5.8307471166090585e-01
   1.3295542659632527e+00    3.5476939148626521e+00
   1.9954647625977804e+00    4.9479599144988171e+00
   2.3822586501728214e+01    4.1123805075495721e+00
   2.4404418773876660e+01    7.8936893760232851e-01
   2.5112486083318171e+00    3.9756324631617246e+00
   2.6499902856103329e+01    4.8318507640531196e+00
   8.4640498453701998e+00    3.2511196743678368e+00
   1.1336358741131527e+01    4.5713672275786790e+00
   2.8658771329816259e+00    3.0557273512825178e+00
   1.2657739858104419e+01    4.1650426869201373e+00
   1.0176843369110422e+01    1.0808123794797162e+00
   2.3086760414771692e+01    9.2247012006549012e-01
   9.5618388211751846e+00    2.7787514462434054e-01
   2.5288756776423500e+00    7.7154175914134981e-01
   1.9217722030198288e+00    3.1756707022012005e+00
   1.1562181553574677e+01    4.0350044842641433e+00
   2.9992384573403674e+00    1.7904752501364380e+00
   5.7388248135346549e+00    2.7535332817900673e+00
   2.7350384937238491e+01    3.7184723758413676e+00
   9.0173363652901575e+00    2.4455587502273968e+00
   1.7928273603783882e+01    4.2989550027287606e+00
   1.1630465344733491e+01    1.1491969164999090e+00
   1.3976520647625978e+00    2.8318002637802437e+00
