   3.0850409025114676e+01    2.7253691485951453e-01
   3.1218945990191241e+01    3.7243901211757208e-01
   3.1655508478006031e+01    4.3925403599860274e-01
   2.9275337913556683e+01    2.5559422599943271e-01
   2.9634569487833836e+01    3.5876384476962725e-01
   2.9971553309653821e+01    5.0635457912910531e-01
   3.0372680887238221e+01    5.6617158596990447e-01
   3.0768453437710694e+01    6.2435760506557680e-01
   3.1124609368485849e+01    7.6151597187165221e-01
   3.1448915351923031e+01    8.6332797649277093e-01
   2.7706189881634977e+01    2.3813892690005417e-01
   2.8063065853731441e+01    2.8818621044154463e-01
   2.8374304387385934e+01    5.1672061859217466e-01
   2.8847534732899117e+01    5.4549653646846741e-01
   2.9128009658021085e+01    6.8049939725930120e-01
   2.9585214376517435e+01    6.9608452577165103e-01
   2.9931964487317600e+01    8.1920652542300121e-01
   3.0172161932899403e+01    9.7384494891361262e-01
   3.0707017682930541e+01    9.6086129472429438e-01
   3.1057617279898075e+01    1.0750072126363208e+00
   3.1354808282618951e+01    1.2547263880243955e+00
   3.1837065148631510e+01    1.2419473134458587e+00
   2.6036412712475723e+01    3.6374609133547248e-01
   2.6406872178913304e+01    4.3008848385928716e-01
   2.6777146030713883e+01    4.7270004504251445e-01
   2.7218246661899990e+01    5.3895563806458169e-01
   2.7480269071043569e+01    6.8113775020655276e-01
   2.7934485124877483e+01    7.9161513380505844e-01
   2.8728188556408227e+01    9.3373689877277732e-01
   2.9033279838159530e+01    1.0314131940761360e+00
   2.9471229503961958e+01    1.0502160464732515e+00
   2.9766011999847159e+01    1.2339335584139242e+00
   3.0237596920921224e+01    1.2901351597684598e+00
   3.0573943196814117e+01    1.3573788144741576e+00
   3.0862043565767280e+01    1.5556802119142554e+00
   3.1211518714643994e+01    1.6237513312915697e+00
   3.1723076240975224e+01    1.6178977002235750e+00
   2.4497259378211041e+01    2.6190337063034197e-01
   2.4817241078619539e+01    4.0447460547665987e-01
   2.5246442645878091e+01    4.2168323438042182e-01
   2.5620843509112476e+01    5.1071966151036730e-01
   2.5977238855868688e+01    6.4323331344943802e-01
   2.6295905561759497e+01    8.2417019259136493e-01
   2.6702489043975941e+01    8.6384236217642141e-01
   2.7160450568045380e+01    9.2755019255060878e-01
   2.7596814439231689e+01    9.9103941013010599e-01
   2.7877992368582685e+01    1.0845965400290023e+00
   2.8258528378417854e+01    1.1946039688871588e+00
   2.8521949622506945e+01    1.3725093664636683e+00
   2.8847816293266352e+01    1.4628575600306617e+00
   2.9305953120048517e+01    1.5033539213722378e+00
   2.9793868094077869e+01    1.5744421752898867e+00
   3.0097253424877987e+01    1.6841769658370278e+00
   3.0594861159383978e+01    1.6976942396904979e+00
   3.0862183449261828e+01    1.8391546964708336e+00
   3.1227441222418044e+01    1.9431704938134864e+00
   3.1653712409803553e+01    2.0390534109815683e+00
   2.2945830370610395e+01    2.2121773167692366e-01
   2.3206586206445934e+01    4.2181773774056758e-01
   2.3511623238508644e+01    4.8677887042459261e-01
   2.4058486551844521e+01    5.4622940044344803e-01
   2.4417328514721788e+01    6.5309070603888963e-01
   2.4756711428142236e+01    7.3943603477349329e-01
   2.5112740029069787e+01    8.4075064596879301e-01
   2.5507100742605257e+01    8.6847698929141537e-01
   2.5868329243436040e+01    1.0333986430097002e+00
   2.6289619323050818e+01    1.0797407893899287e+00
   2.6574778103517595e+01    1.2848484603634798e+00
   2.6981698740823472e+01    1.3184100974626634e+00
   2.7392711867034052e+01    1.3686189016059074e+00
   2.7776381805160614e+01    1.4859293697409885e+00
   2.8140034056541218e+01    1.5787431892372661e+00
   2.8470422281924193e+01    1.7964466515439286e+00
   2.8947692660031617e+01    1.7221794555436889e+00
   2.9274590523218805e+01    1.8078752675521490e+00
   2.9627950129136529e+01    1.9573797426204522e+00
   2.9984848070115156e+01    2.0633394721928373e+00
   3.0426223536500494e+01    2.0966472566169725e+00
   3.0674623445328514e+01    2.2670069708548550e+00
   3.1102141030518041e+01    2.4032559156085318e+00
   3.1504366603865765e+01    2.4409312483088654e+00
   2.1399215686613896e+01    2.1006382084801939e-01
   2.1653771814235789e+01    3.7321483646578318e-01
   2.2030566388936233e+01    4.5858875951618788e-01
   2.2413661549370435e+01    5.5527887618295790e-01
   2.2775851300881726e+01    6.5878526446628527e-01
   2.3226757227022453e+01    6.1780379433911714e-01
   2.3529666864272194e+01    8.4003338438358943e-01
   2.3813546069439447e+01    1.0302072817835228e+00
   2.4261575865395727e+01    1.0589257218905799e+00
   2.4658778634931078e+01    1.1195128501371199e+00
   2.4949856459933336e+01    1.2292329798180053e+00
   2.5420382391218517e+01    1.3065187898955417e+00
   2.5839656265464711e+01    1.3692161861938610e+00
   2.6151078620378073e+01    1.5239382707744831e+00
   2.6440758058779345e+01    1.6899621795291617e+00
   2.6853273587522754e+01    1.7171392111289490e+00
   2.7311977121795664e+01    1.7620296627431249e+00
   2.7694918948399302e+01    1.8133345796026499e+00
   2.7931194275999253e+01    2.0891496806468237e+00
   2.8320342535984548e+01    2.1349487024587841e+00
   2.8757579782322736e+01    2.1643531097025845e+00
   2.9179614562208190e+01    2.1335467739359855e+00
   2.9568066991476993e+01    2.3129946112121931e+00
   2.9984842241636215e+01    2.4231639821159647e+00
   3.0264976873257016e+01    2.5481940015998887e+00
   3.0676319981044486e+01    2.6023601636053395e+00
   3.1032943535168410e+01    2.7121145019741553e+00
   3.1418121255962205e+01    2.7950958568370612e+00
   3.1819686866156147e+01    2.8548015397301132e+00
   1.9614385688219606e+01    2.9816481745915963e-01
   2.0058726953696159e+01    3.8061571797032318e-01
   2.0422243356683019e+01    5.2198131401419356e-01
   2.0867232928355470e+01    5.2164142402310543e-01
   2.1182875998710202e+01    6.7055229092863233e-01
   2.1561210188539782e+01    7.5068414727239829e-01
   2.1931705522540071e+01    8.4542575859519087e-01
   2.2245071451007533e+01    9.5693047885848947e-01
   2.2669581989408737e+01    1.0459851984454149e+00
   2.3118727266565159e+01    1.0553744296726528e+00
   2.3426809454701569e+01    1.3361673655724595e+00
   2.3826792857035663e+01    1.3069068769240153e+00
   2.4188484049425348e+01    1.3965003273027776e+00
   2.4573481535716542e+01    1.4587500515840788e+00
   2.4928327403763877e+01    1.6156238760858586e+00
   2.5332489825497706e+01    1.6810145676677357e+00
   2.5721937131287053e+01    1.7633666261429732e+00
   2.6063062759910459e+01    1.8728622248813220e+00
   2.6402482437582684e+01    1.9813927620106253e+00
   2.6856839271600215e+01    2.0201431352341497e+00
   2.7244097759375460e+01    2.0734595946791070e+00
   2.7626582722899137e+01    2.2003521270254218e+00
   2.7956500634866135e+01    2.3310400751883282e+00
   2.8346967924469926e+01    2.4256585262676809e+00
   2.8720589564904532e+01    2.5191879933088397e+00
   2.9041306550348494e+01    2.6360082415306434e+00
   2.9454521944909192e+01    2.6754650264016533e+00
   2.9827435200980364e+01    2.8081932560346097e+00
   3.0174664143742646e+01    2.9099341083782111e+00
   3.0526359494750835e+01    3.0513965827089491e+00
   3.0946862281364226e+01    3.0692367497230486e+00
   3.1327635913802318e+01    3.1577181711545794e+00
   3.1700841938854072e+01    3.2353698752061657e+00
   1.7983946716802173e+01    3.4633676548459175e-01
   1.8548860829414139e+01    3.7031136623166189e-01
   1.8840748812989002e+01    4.6440858540633240e-01
   1.9277527402869094e+01    4.8542594595934024e-01
   1.9579872574350755e+01    6.6834419409957369e-01
   1.9967347612535836e+01    7.3026653720228019e-01
   2.0334891046125460e+01    8.5573692068732088e-01
   2.0714891732587244e+01    9.4149034496837658e-01
   2.1121837925531548e+01    1.0056392118604820e+00
   2.1492701350394100e+01    1.1229342121091461e+00
   2.1812841316423039e+01    1.2748694319020029e+00
   2.2275291665965074e+01    1.2510768635191085e+00
   2.2566137696843345e+01    1.4266355809711562e+00
   2.2904243276686941e+01    1.5949065925293358e+00
   2.3377465551998515e+01    1.5747068779026536e+00
   2.3710273492830506e+01    1.7041456036909799e+00
   2.4089935679169258e+01    1.8052966588003423e+00
   2.4535971238639110e+01    1.8181507862538404e+00
   2.4896610166407918e+01    1.9103300637314040e+00
   2.5225892325825960e+01    2.0588898768669504e+00
   2.5611777085949587e+01    2.1333093755053283e+00
   2.5980705904148710e+01    2.2407530358157475e+00
   2.6351755391992796e+01    2.3270619141397519e+00
   2.6764691916253462e+01    2.4119261367068847e+00
   2.7088069378161101e+01    2.5385821673116093e+00
   2.7488398454130774e+01    2.6152867883699562e+00
   2.7811714492837286e+01    2.7351521029965520e+00
   2.8243270317242921e+01    2.8003321623164403e+00
   2.8634629812469012e+01    2.8987274229142312e+00
   2.8948838628660056e+01    3.0126014647009498e+00
   2.9251549649281312e+01    3.1729759633227883e+00
   2.9734910787880665e+01    3.1742634743205564e+00
   3.0075660255440198e+01    3.3045878599009888e+00
   3.0540966111318124e+01    3.3493699914757942e+00
   3.0852300142358324e+01    3.4352220963887437e+00
   3.1231823790236124e+01    3.5194240692449719e+00
   3.1589448497704065e+01    3.7746806006975953e+00
   1.6488042489647807e+01    2.8858905697207166e-01
   1.6893485383370219e+01    3.6675925354323796e-01
   1.7230636437701317e+01    4.7427077528229605e-01
   1.7654811614391225e+01    4.5656080752081768e-01
   1.7886417433671451e+01    7.8722767903155888e-01
   1.8414188891723718e+01    7.3169088295176976e-01
   1.8771574631555133e+01    8.3301136746046256e-01
   1.9230029334611771e+01    8.7247577418854727e-01
   1.9499316718581355e+01    1.0178414463618071e+00
   1.9879686392594472e+01    1.1053874865924316e+00
   2.0263763875902271e+01    1.1275985196322791e+00
   2.0512453415299145e+01    1.3580944171845861e+00
   2.1047737334360079e+01    1.4040934454930831e+00
   2.1376727173142068e+01    1.4335481569935777e+00
   2.1765184534200746e+01    1.5182063652474205e+00
   2.2257089326236557e+01    1.6544397076113204e+00
   2.2454120160102260e+01    1.8014147124887239e+00
   2.2888711277001853e+01    1.8457627120514322e+00
   2.3274990580315237e+01    1.9142505228384776e+00
   2.3750205298735096e+01    2.0021413848500620e+00
   2.4006744454230073e+01    2.1299688500527494e+00
   2.4359902305107578e+01    2.3312117463103270e+00
   2.4674017417291054e+01    2.3711310434024249e+00
   2.5156739664929717e+01    2.4251404641588530e+00
   2.5452316178984312e+01    2.6392808427863486e+00
   2.5951090505967297e+01    2.5756394570720733e+00
   2.6208020617895755e+01    2.7905083058981184e+00
   2.6603041294585012e+01    2.8182678267162431e+00
   2.7088874156599310e+01    2.8673029993733095e+00
   2.7415880070819153e+01    2.9201655099777750e+00
   2.7751498683533658e+01    3.0194045549882129e+00
   2.8047014671076184e+01    3.2270143471361008e+00
   2.8476824641867125e+01    3.2854305014809824e+00
   2.8824323936383301e+01    3.4237694939479635e+00
   2.9256979101585863e+01    3.4347262273343397e+00
   2.9610837714969730e+01    3.6107370554142904e+00
   2.9983089662853516e+01    3.6683677998048276e+00
   3.0385481572023291e+01    3.7277174523035739e+00
   3.0796913452028456e+01    3.8036401604949401e+00
   3.1131910659219091e+01    3.9247390054374316e+00
   3.1487941501869308e+01    4.0318474833743672e+00
   1.4812383936893918e+01    3.6340252940265233e-01
   1.5280455181856441e+01    3.7200916179577309e-01
   1.5668121214812929e+01    3.8616497690119861e-01
   1.6050183837785745e+01    4.3423091834505462e-01
   1.6371498018148756e+01    6.5782670385298014e-01
   1.6879991109591334e+01    6.5247118356205858e-01
   1.7131569781164135e+01    9.3449962249371021e-01
   1.7458317000587961e+01    9.7268579895587715e-01
   1.7893640712455809e+01    1.0654946418278293e+00
   1.8301955252917335e+01    1.1143369366664464e+00
   1.8599838947942960e+01    1.2603471489415243e+00
   1.9036177711835375e+01    1.3078629716423844e+00
   1.9357170429167635e+01    1.4704818830005209e+00
   1.9805181394653495e+01    1.4392552690679203e+00
   2.0144370623235336e+01    1.6023803165702852e+00
   2.0546633409179371e+01    1.6506118764849338e+00
   2.0894159604367573e+01    1.7878393780181243e+00
   2.1267312276419805e+01    1.8900435944374279e+00
   2.1634125356763839e+01    1.9667390244328313e+00
   2.2025362453932193e+01    2.0684150013223892e+00
   2.2332982847198767e+01    2.1713723917240548e+00
   2.2798242523589714e+01    2.2461722658649248e+00
   2.3154941847939856e+01    2.3551104378443761e+00
   2.3553125146970668e+01    2.4095449340533182e+00
   2.3902456377252033e+01    2.5447259669618916e+00
   2.4217899037600144e+01    2.6684060210544862e+00
   2.4657027401181985e+01    2.7093032472437502e+00
   2.4994247500571291e+01    2.8371806580275045e+00
   2.5420278375286671e+01    2.8917987961574987e+00
   2.5768539855510337e+01    3.0575358540794397e+00
   2.6136159507670712e+01    3.0916025961304241e+00
   2.6536202539827805e+01    3.1816420596514292e+00
   2.6912583292523536e+01    3.2727182302379849e+00
   2.7193116054090368e+01    3.4493853002120862e+00
   2.7656212019761099e+01    3.4663124584175167e+00
   2.8016155116813422e+01    3.5602202834107657e+00
   2.8403146839591049e+01    3.6600015563004042e+00
   2.8808299206055544e+01    3.7374318678211909e+00
   2.9094139918558259e+01    3.8633478161039405e+00
   2.9564366804039384e+01    3.8990780957132070e+00
   2.9877408579408900e+01    4.1199548957957877e+00
   3.0342888841310483e+01    4.0811877993211514e+00
   3.0703081217923607e+01    4.1228775641428470e+00
   3.1080269887469282e+01    4.2847366211850666e+00
   3.1381777551361768e+01    4.4297919492720172e+00
   3.1777035850653945e+01    4.5145487933233008e+00
   1.3372555953962435e+01    2.1905875995843554e-01
   1.3739659561564380e+01    3.7873156351728471e-01
   1.4069445660238435e+01    4.5432778273567859e-01
   1.4542598890491796e+01    4.9310496696232559e-01
   1.4825547780751378e+01    6.3830663470511428e-01
   1.5137670001482030e+01    7.6770339544507504e-01
   1.5671034557593686e+01    7.6206774948942335e-01
   1.5871002496500441e+01    9.6352042615437494e-01
   1.6333732613031579e+01    9.8985210413564639e-01
   1.6747369451454066e+01    1.1082501216064125e+00
   1.7107519235336483e+01    1.2175119535048282e+00
   1.7485654808537575e+01    1.2407335102894503e+00
   1.7830986805577272e+01    1.4066780620616430e+00
   1.8219937793967684e+01    1.4786286170211862e+00
   1.8490055063669367e+01    1.6141154209018245e+00
   1.8866900301302131e+01    1.7025847370309422e+00
   1.9271595804686665e+01    1.8205566030223133e+00
   1.9670372711880258e+01    1.9011914570985708e+00
   2.0090107484307218e+01    1.9541974379538583e+00
   2.0354644209596454e+01    2.0961308085484665e+00
   2.0736242795976775e+01    2.2179729190591235e+00
   2.1167404973881712e+01    2.2642565564776889e+00
   2.1562832299063139e+01    2.3371758494714547e+00
   2.1937523241210908e+01    2.4424330231593454e+00
   2.2290569005954957e+01    2.5928490274993563e+00
   2.2688125070982959e+01    2.6248790300021070e+00
   2.3054873141369587e+01    2.7424941482479186e+00
   2.3458342870798660e+01    2.6999827472335465e+00
   2.3752300412741636e+01    2.9485036194167931e+00
   2.4245945229913197e+01    2.9876361615209448e+00
   2.4522048347485896e+01    3.1526285640066662e+00
   2.4974638255695648e+01    3.1802514742453365e+00
   2.5311320789988905e+01    3.3038928362046622e+00
   2.5706448621021742e+01    3.3431996049946564e+00
   2.6035937018925342e+01    3.5404906131933398e+00
   2.6509687892442283e+01    3.5158885587546354e+00
   2.6810287658653785e+01    3.6799242836740933e+00
   2.7238371054644993e+01    3.7062943847819132e+00
   2.7556856180999603e+01    3.8459748689285340e+00
   2.7935114152258432e+01    3.9558885937791231e+00
   2.8368285362019417e+01    3.9484485404126626e+00
   2.8621178131420837e+01    4.1446703814015482e+00
   2.8923198253115480e+01    4.3434237998006422e+00
   2.9398034568748798e+01    4.3633998801738558e+00
   2.9830588856431248e+01    4.3927312969275496e+00
   3.0231959436752980e+01    4.4570750591885062e+00
   3.0571116832872921e+01    4.5433508945203682e+00
   3.0886944621175584e+01    4.7383740415636346e+00
   3.1368427644522772e+01    4.7662144437356604e+00
   3.1711286573113920e+01    4.8664051000191293e+00
   1.1694933203805883e+01    3.0197074247162398e-01
   1.2107936531402084e+01    3.6381746778525642e-01
   1.2458194938179382e+01    4.9729111504014040e-01
   1.2844901513833499e+01    5.6394725906872156e-01
   1.3135313995547564e+01    7.3971952302222710e-01
   1.3574389454474412e+01    8.0538594649240292e-01
   1.4007899612702960e+01    8.2413248681607076e-01
   1.4408227791983567e+01    8.8779489988898230e-01
   1.4608673217818840e+01    1.1361230735915937e+00
   1.5056480634886345e+01    1.1504556619798132e+00
   1.5469357977668544e+01    1.2049561545041330e+00
   1.5897822914858029e+01    1.2705777435209271e+00
   1.6195523685313859e+01    1.4578034169353733e+00
   1.6599425170529003e+01    1.4673704616047238e+00
   1.6990707998839806e+01    1.5729066400960099e+00
   1.7341837539046317e+01    1.7140321835095831e+00
   1.7703719726207407e+01    1.7877469742097043e+00
   1.8021534577483955e+01    1.9952021323278784e+00
   1.8544089546885235e+01    1.9573083213362152e+00
   1.8844381300402006e+01    2.0546181398176295e+00
   1.9195835442050996e+01    2.2217614303698943e+00
   1.9573279667980945e+01    2.3221403016886599e+00
   1.9998169505857760e+01    2.3019881564170164e+00
   2.0340748667459803e+01    2.5364281408333298e+00
   2.0626118169857477e+01    2.6177147533583995e+00
   2.1004194561580107e+01    2.6950772303512189e+00
   2.1467855889707987e+01    2.6961444248450688e+00
   2.1868844032142373e+01    2.7885243365015158e+00
   2.2260248361821844e+01    2.8323492973310711e+00
   2.2481628338974730e+01    3.1023447069884607e+00
   2.2899260823882614e+01    3.1197255450276624e+00
   2.3401075375149421e+01    3.1465244876820804e+00
   2.3708526294182214e+01    3.2852522396943358e+00
   2.4108432581256498e+01    3.3690970164604708e+00
   2.4504891098865709e+01    3.4567330842734862e+00
   2.4842477944083679e+01    3.5679054467338647e+00
   2.5297719810210971e+01    3.5549327321511712e+00
   2.5604095150707131e+01    3.7386987998048564e+00
   2.5943125216979467e+01    3.8613889091667786e+00
   2.6333762429161570e+01    3.9530443408910281e+00
   2.6699059656636763e+01    4.0949326528599883e+00
   2.7108969406949612e+01    4.0846907151638794e+00
   2.7480466790982984e+01    4.1807885238670215e+00
   2.7855909606913965e+01    4.3025247802332434e+00
   2.8296951056621605e+01    4.3936471751412354e+00
   2.8692866629000363e+01    4.4952206604703626e+00
   2.8965004139171434e+01    4.5925284614013746e+00
   2.9313690201668631e+01    4.8021169773148200e+00
   2.9722377316437758e+01    4.8016255917057542e+00
   3.0150766931745558e+01    4.8606990191372148e+00
   3.0484822167070636e+01    4.9620544745195456e+00
   1.0123766724792922e+01    2.7893071142185422e-01
   1.0476430948338693e+01    3.9349034373590747e-01
   1.0850429198181708e+01    5.5745966882990694e-01
   1.1297314370543146e+01    5.2760727572791477e-01
   1.1675831484942522e+01    6.2632027809682289e-01
   1.2009285041903217e+01    7.3520505224229660e-01
   1.2475536008058434e+01    8.3892592855060311e-01
   1.2832410186776766e+01    9.0038078280789635e-01
   1.3191026184008985e+01    9.6589136171811674e-01
   1.3475012095175291e+01    1.1496141641242885e+00
   1.3869922479109224e+01    1.2210225360390845e+00
   1.4250577300245851e+01    1.3101182791508543e+00
   1.4561897880950037e+01    1.4913521865464363e+00
   1.4924181336468893e+01    1.5467497716484746e+00
   1.5372929380368351e+01    1.5901975850561811e+00
   1.5711297241764234e+01    1.6945457402017536e+00
   1.6044828362329277e+01    1.8564522769301055e+00
   1.6497759909073800e+01    1.8487950454714637e+00
   1.6871172620955647e+01    1.9707870375597762e+00
   1.7243676986811977e+01    2.0695475644492691e+00
   1.7516262841516866e+01    2.1931813942204270e+00
   1.8464130437690347e+01    2.2591141791781446e+00
   1.8727663767912897e+01    2.4692798490099750e+00
   1.9118009556148021e+01    2.5608043192958960e+00
   1.9508371484786366e+01    2.5813824367091209e+00
   1.9874526395354749e+01    2.6349723414852546e+00
   2.0228995653993675e+01    2.8501513998942487e+00
   2.0613557349398000e+01    2.9121513514357598e+00
   2.1001022972347872e+01    2.9989086191280365e+00
   2.1433910380018951e+01    3.0709795097604569e+00
   2.1769684568286689e+01    3.1779132678325634e+00
   2.2088762406115009e+01    3.2874955764037530e+00
   2.2524420134660549e+01    3.3625409640113419e+00
   2.2917294137721878e+01    3.4317006190823154e+00
   2.3233383310887763e+01    3.5702229396291751e+00
   2.3552173311525372e+01    3.6998933698725791e+00
   2.3981674372932513e+01    3.7503853484233827e+00
   2.4385809445649777e+01    3.8368702916458179e+00
   2.4762753319079984e+01    3.9296230017821356e+00
   2.5130371177862219e+01    4.0290356457960677e+00
   2.5479514103439374e+01    4.1787061876796985e+00
   2.5876638861025842e+01    4.2142463243721728e+00
   2.6274004827971506e+01    4.2844918699040555e+00
   2.6638639402225710e+01    4.4034832713653307e+00
   2.6995240090778410e+01    4.5007474035387496e+00
   2.7384218428185388e+01    4.5746175456198390e+00
   2.7686920033571432e+01    4.6926236202991403e+00
   2.8197461162844498e+01    4.7507066546553949e+00
   2.8460132326528512e+01    4.9175517960926696e+00
   2.8938999707865399e+01    4.9134194045244595e+00
   8.5251377980499434e+00    2.8784318203871967e-01
   8.8783750059099340e+00    4.2832518964223038e-01
   9.2932864878420709e+00    4.6490813088591348e-01
   9.6429468030112542e+00    5.7756819017841032e-01
   1.0038006485674952e+01    6.2765791401347193e-01
   1.0412265223692115e+01    7.2324375809344577e-01
   1.0746984905616314e+01    8.7124018148779536e-01
   1.1070178097920559e+01    9.6278258555506901e-01
   1.1494496744861285e+01    1.0974808410696262e+00
   1.1913135763247592e+01    1.0829680181788115e+00
   1.2297206073042851e+01    1.1173512018017648e+00
   1.2655141483272734e+01    1.2977795237389811e+00
   1.3059886304555990e+01    1.3950766540700887e+00
   1.3383823748786373e+01    1.5178056797375465e+00
   1.3767538969710849e+01    1.6174316012462167e+00
   1.4203944985283336e+01    1.6014378963601976e+00
   1.4518947371299241e+01    1.7863966053082947e+00
   1.4903260683831832e+01    1.8511635151402694e+00
   1.5235567823819549e+01    1.9752653717702811e+00
   1.5603725041075968e+01    2.1251129649103162e+00
   1.6016604625580840e+01    2.1739665131967318e+00
   1.6379818396007369e+01    2.3114416802504043e+00
   1.6788663776396934e+01    2.3049110937707957e+00
   1.7290161348078335e+01    2.3617665159590002e+00
   1.7521934848214212e+01    2.5520497197562784e+00
   1.7936143774261854e+01    2.5730936671401419e+00
   1.8326730771856173e+01    2.6864473602609102e+00
   1.8662803109238901e+01    2.7980835351415245e+00
   1.9000892100334749e+01    2.9534788538741292e+00
   1.9414965626333178e+01    2.9992343862663091e+00
   1.9775018567796288e+01    3.1056990862871343e+00
   2.0172248238003668e+01    3.1223523059824014e+00
   2.0578768055296312e+01    3.2231664301745990e+00
   2.0917460069790149e+01    3.3567879862911898e+00
   2.1181812525475987e+01    3.5297240227237561e+00
   2.1658893702190134e+01    3.5618801893783245e+00
   2.2041718959214979e+01    3.6529837538158958e+00
   2.2402510324125288e+01    3.7981898601695692e+00
   2.2865264651261249e+01    3.7489581781033303e+00
   2.3184659020330450e+01    3.9304577744696534e+00
   2.3432180173872187e+01    4.1138726538499988e+00
   2.3924319001754650e+01    4.1111482434557942e+00
   2.4290877422403469e+01    4.2137535937295052e+00
   2.4678655541493413e+01    4.3048996163944295e+00
   2.4924567586503272e+01    4.5213286593637116e+00
   2.5396850580016494e+01    4.5275373344680379e+00
   2.5783849924651193e+01    4.5769014126751131e+00
   2.6137662806892607e+01    4.7215526029992789e+00
   2.6587747814191914e+01    4.7279486861187410e+00
   2.6923762763474311e+01    4.8532883323377201e+00
   2.7253515236308331e+01    5.0055385141655844e+00
   6.9313366452471286e+00    2.8947197737907610e-01
   7.3258798350078669e+00    3.2038563786018054e-01
   7.6910784266856158e+00    4.4441286754253789e-01
   8.0534609663464476e+00    5.9010950765066283e-01
   8.4222373474040726e+00    6.6668962343196791e-01
   8.8210622274627823e+00    7.5304979237064096e-01
   9.1855838188944663e+00    7.7275386211518626e-01
   9.5616969099035032e+00    9.1600984908456051e-01
   9.9982123215422440e+00    9.9329139988902548e-01
   1.0313383733447399e+01    1.1256358466010330e+00
   1.0606577744649279e+01    1.2891110960187639e+00
   1.1062621250803041e+01    1.2259067565560553e+00
   1.1466997084534963e+01    1.3770804631582203e+00
   1.1798908336299318e+01    1.5252380664124778e+00
   1.2187958857176239e+01    1.5966354538861953e+00
   1.2575504733797663e+01    1.6940431459793426e+00
   1.2964068800855392e+01    1.7414616330819106e+00
   1.3399711734031319e+01    1.7816813210116669e+00
   1.3710083617701942e+01    1.9597676256075722e+00
   1.4078162374664943e+01    2.0108819960402240e+00
   1.4434440703497829e+01    2.1626226343054031e+00
   1.4781959276828958e+01    2.3231771880920231e+00
   1.5242600556177035e+01    2.2995398365867374e+00
   1.5596542561644188e+01    2.3806185069170223e+00
   1.5937574486260026e+01    2.5338962495819466e+00
   1.6306505994526351e+01    2.6560354780151658e+00
   1.6626562568472000e+01    2.7606494118003857e+00
   1.6993915007290216e+01    2.8364525913390364e+00
   1.7384632921488407e+01    2.9694755178340717e+00
   1.7783616515512087e+01    3.0546959949677768e+00
   1.8163948976928900e+01    3.1626373625451887e+00
   1.8617797388245080e+01    3.1623132542816905e+00
   1.8882484308953149e+01    3.3249579902849753e+00
   1.9290180582302533e+01    3.4091272339902350e+00
   1.9661789155780294e+01    3.4857831648322093e+00
   2.0088415432036584e+01    3.5323275145971897e+00
   2.0434867393721763e+01    3.6608299624955420e+00
   2.0834568338999553e+01    3.6844193859701626e+00
   2.1144547472858548e+01    3.8854589131472004e+00
   2.1573511865858713e+01    3.9284183000197643e+00
   2.1906592400167266e+01    4.0684831051007757e+00
   2.2337789548945842e+01    4.1246437277649202e+00
   2.2596670407940955e+01    4.2382301565331941e+00
   2.3024653374756582e+01    4.3400908513706851e+00
   2.3409353608621860e+01    4.4123606724727606e+00
   2.3795101623662671e+01    4.5558274262074843e+00
   2.4202184561689787e+01    4.5870626931895870e+00
   2.4567871848909402e+01    4.6807635623460255e+00
   2.4941223137590114e+01    4.7807031456905555e+00
   2.5328112189469493e+01    4.8104898114838903e+00
   2.5680130796886566e+01    4.9726860684499963e+00
   5.4260812961509020e+00    2.1445006509127768e-01
   5.6681124708760251e+00    4.0522715177667518e-01
   6.1496345001976520e+00    4.0460579108725542e-01
   6.4640284826811651e+00    5.5661014560722666e-01
   6.8000111511571326e+00    6.9237608879462054e-01
   7.3295885409916171e+00    7.0794857399111666e-01
   7.5374733476765510e+00    9.4076115741857336e-01
   8.0357639109075425e+00    8.1970113911271036e-01
   8.3352481959189042e+00    1.0428791571840235e+00
   8.7608123439745818e+00    1.0577588155724091e+00
   9.0849434730435750e+00    1.2536682949245823e+00
   9.5132133803608490e+00    1.2599230150125316e+00
   9.9348876912411122e+00    1.3738153940906834e+00
   1.0220870080616512e+01    1.3747300169396741e+00
   1.0595347162421648e+01    1.5936848985091323e+00
   1.1005123754407954e+01    1.6088666066099517e+00
   1.1453868211551139e+01    1.7729035420596513e+00
   1.1667657715746470e+01    1.9097662256456731e+00
   1.2166064848556255e+01    1.9705180308394850e+00
   1.2499155694789088e+01    2.0235941327798614e+00
   1.2846923099336488e+01    2.1574899860822430e+00
   1.3217860501047120e+01    2.1741863813561166e+00
   1.3615043991767518e+01    2.3383787130212381e+00
   1.3918214117191408e+01    2.4922094438341746e+00
   1.4441222811260911e+01    2.4557044697049220e+00
   1.4744798688487904e+01    2.5768547397654431e+00
   1.5112386508186374e+01    2.7131267742626117e+00
   1.5434016323101192e+01    2.8462058334932818e+00
   1.5769608931832737e+01    3.0195528673599998e+00
   1.6195047991763477e+01    3.0073785198886784e+00
   1.6442952479881630e+01    3.1018376293207113e+00
   1.6967642465952956e+01    3.1925015471084199e+00
   1.7300685787665202e+01    3.3464214088146798e+00
   1.7692141676966063e+01    3.4064321453285427e+00
   1.8099265414345762e+01    3.4635542428454618e+00
   1.8564327819141827e+01    3.4875507631567904e+00
   1.8857434403159612e+01    3.6582667319612452e+00
   1.9167955137215461e+01    3.8071507878636499e+00
   1.9610123725081127e+01    3.8210265131719079e+00
   1.9932672646290271e+01    3.9508063394815633e+00
   2.0250897284470735e+01    4.1499126498632268e+00
   2.0713951105755289e+01    4.1345118357887305e+00
   2.1147419119597661e+01    4.1813634808971907e+00
   2.1518965373185218e+01    4.2950051008775780e+00
   2.1760041125708774e+01    4.4423065902445078e+00
   2.2174341514041316e+01    4.6105362196022153e+00
   2.2535433269789280e+01    4.6061742756326902e+00
   2.3060921309130805e+01    4.6066912168801837e+00
   2.3330812164842907e+01    4.7991520749126746e+00
   2.3737135607229739e+01    4.8254013023341766e+00
   2.4104057186950957e+01    4.9578171703304212e+00
   3.6670449622973029e+00    3.2071040519014310e-01
   4.0600879015789761e+00    4.2697338603831264e-01
   4.4696184869195763e+00    4.8480906871525870e-01
   4.8211452603830471e+00    6.2100434662823756e-01
   5.3080841883622769e+00    6.3948891924079510e-01
   5.5019129455674491e+00    7.8276418502512357e-01
   6.0064220474825127e+00    8.4227488288041763e-01
   6.4035871560770232e+00    8.7736093622903921e-01
   6.7513747361284446e+00    1.0061978491496204e+00
   7.1169409703239257e+00    1.1645333216661036e+00
   7.4754359145320128e+00    1.3302578707755512e+00
   7.8252190761034628e+00    1.3393151925444029e+00
   8.2032125240873395e+00    1.4513668931389607e+00
   8.6698185791133415e+00    1.4871016113591118e+00
   8.9735352365239542e+00    1.6032467423818906e+00
   9.4118225057603464e+00    1.6253271278245833e+00
   9.7447761585658323e+00    1.8477309893893510e+00
   1.0256826863884266e+01    1.7812765555665351e+00
   1.0496130310465633e+01    1.9716962354399077e+00
   1.0842474221118156e+01    2.1874184632516243e+00
   1.1222264185649045e+01    2.1977265317664707e+00
   1.1542950683664710e+01    2.2631687829697373e+00
   1.1977521176715742e+01    2.3890944154944176e+00
   1.2286431457206113e+01    2.5214035326571604e+00
   1.2697858405421407e+01    2.5870820614297489e+00
   1.3165603255563310e+01    2.5300647868648363e+00
   1.3464861126585093e+01    2.7426913301738920e+00
   1.3832835867616250e+01    2.8422099180011662e+00
   1.4184974183023851e+01    2.9588065768039544e+00
   1.4619036253373533e+01    3.0064296883517572e+00
   1.4912649915059069e+01    3.1640196984118596e+00
   1.5355571721741548e+01    3.1997925707518386e+00
   1.5726857487154957e+01    3.3098676996346019e+00
   1.6128563877532521e+01    3.3781257786825183e+00
   1.6438162815226839e+01    3.5938763418687718e+00
   1.6918690416372460e+01    3.5307689344942750e+00
   1.7245679293500014e+01    3.6642995663394071e+00
   1.7670257531925820e+01    3.7473019485609496e+00
   1.8034132610539739e+01    3.8218597166535573e+00
   1.8377140389516111e+01    3.9396402740323473e+00
   1.8731219140066084e+01    4.0631847487379158e+00
   1.9086481520185338e+01    4.1624989811266753e+00
   1.9556421016820284e+01    4.2140382476740275e+00
   1.9865980948540159e+01    4.3887989118558766e+00
   2.0190925374593501e+01    4.4516155678001921e+00
   2.0679648265472796e+01    4.4770757088421727e+00
   2.1004190974823839e+01    4.5813826162906341e+00
   2.1433659755424543e+01    4.6583279535291879e+00
   2.1655063494837719e+01    4.8546122937460874e+00
   2.2133694150260748e+01    4.8612128219729716e+00
   2.2482378419379810e+01    4.9984743976907318e+00
   2.2231174962863918e+00    2.5232759669291799e-01
   2.5735188801355240e+00    3.7297158713895978e-01
   2.8319356128692248e+00    5.4341173438620893e-01
   3.3110534394627011e+00    5.7028429521307966e-01
   3.5783137681259816e+00    7.2918113992035771e-01
   4.0170188944678928e+00    7.7142169600184973e-01
   4.3160140355928576e+00    8.7001933932220621e-01
   4.7703523081466912e+00    9.5094763489584822e-01
   5.1327254325723120e+00    1.0739471468205593e+00
   5.6081831537295042e+00    1.0827019256979900e+00
   5.9217190047752881e+00    1.2153970675043504e+00
   6.2843875882486957e+00    1.2639885584107491e+00
   6.6444831224425176e+00    1.4185807127454704e+00
   7.0922035606704616e+00    1.5021129037026264e+00
   7.8467777230121509e+00    1.6153871950064553e+00
   8.1717737086868816e+00    1.7366130559553781e+00
   8.5314899434050915e+00    1.8743522082705628e+00
   8.9218895329842738e+00    1.9546080767123830e+00
   9.2898185428729807e+00    2.0311932139524669e+00
   9.6590091942798537e+00    2.1586316954376130e+00
   1.0025180693595990e+01    2.2999736995921141e+00
   1.0347270510002508e+01    2.3652401100692164e+00
   1.0800523519777778e+01    2.3574787281753684e+00
   1.1163610857045773e+01    2.5256941450113546e+00
   1.1511894754496133e+01    2.6448836250876715e+00
   1.1905033280832416e+01    2.7215957334997327e+00
   1.2344266108690631e+01    2.7954597332607087e+00
   1.2635968925973032e+01    2.9719489001237909e+00
   1.3025664614634117e+01    3.0206242314580138e+00
   1.3430219786179567e+01    3.0889362015188953e+00
   1.3850569238962395e+01    3.1664839344730886e+00
   1.4187996025181793e+01    3.2235177081168462e+00
   1.4530207992610640e+01    3.3125048173480716e+00
   1.4831593706789928e+01    3.5707865087081854e+00
   1.5238008163117126e+01    3.5917371555945610e+00
   1.5586315374483243e+01    3.7288045084602714e+00
   1.6059837592287938e+01    3.6793330069028927e+00
   1.6404887132271327e+01    3.8443965168316776e+00
   1.6738474295903099e+01    3.9411259084796106e+00
   1.7130055721673425e+01    4.0969420882261121e+00
   1.7505961229163308e+01    4.1437698814053725e+00
   1.7893175779174239e+01    4.2779862113805276e+00
   1.8270669323002910e+01    4.3167546977232192e+00
   1.8718732744799226e+01    4.3516394443761559e+00
   1.9046063708806084e+01    4.4748967544078120e+00
   1.9297083294745210e+01    4.7016366904625047e+00
   1.9796323003354299e+01    4.6634583600296793e+00
   2.0249705584699843e+01    4.7718667232735168e+00
   2.0549832795772705e+01    4.8600072235215324e+00
   2.0881898278056692e+01    4.9695041672934819e+00
   1.8695995754303307e-01    1.9559644664259773e-01
   5.8934239319280701e-01    2.5448796276290625e-01
   9.4227181253033188e-01    2.8431941369172370e-01
   1.2454159788057115e+00    5.1165732926839647e-01
   1.6455454517889274e+00    5.8541596806392504e-01
   2.0646091869521213e+00    6.6421018849104196e-01
   2.3991588566290951e+00    8.5091448204711007e-01
   2.8517974102207675e+00    7.6974022466221481e-01
   3.1883283592271412e+00    9.0799990498116356e-01
   3.5642598706999835e+00    1.0366114799390471e+00
   3.9207790502164368e+00    1.1420224358020377e+00
   4.3935640102697198e+00    1.1466685853715508e+00
   4.7117702663242964e+00    1.2872427098429799e+00
   5.0884263025637901e+00    1.3523982895513225e+00
   5.3978553176797917e+00    1.5479025999482836e+00
   5.7597366081518135e+00    1.6493765527909023e+00
   6.2358475672947797e+00    1.6502590741712717e+00
   6.5872174201714149e+00    1.7784134273735668e+00
   6.8747040054577795e+00    1.9265137321964021e+00
   7.3022785304031004e+00    2.0306122939399978e+00
   7.6434046073710382e+00    2.1021080482044350e+00
   7.9983993258036001e+00    2.2509767258893292e+00
   8.4291423015694207e+00    2.3114776823164696e+00
   8.7742752336360983e+00    2.3796680613397796e+00
   9.1446925556875023e+00    2.4758020962812539e+00
   9.5655854020453166e+00    2.4381046153609498e+00
   9.9265722451723697e+00    2.6425806585552563e+00
   1.0280738871250968e+01    2.7625107141325356e+00
   1.0748312902125486e+01    2.7742866626511056e+00
   1.0989640624277046e+01    2.9916330185365814e+00
   1.1304244880346921e+01    3.0868829180573649e+00
   1.1879931815417491e+01    3.0134089332063576e+00
   1.2213069737826373e+01    3.1930897303023369e+00
   1.2548148543722162e+01    3.4016844457221191e+00
   1.2956266709277871e+01    3.2413606548670550e+00
   1.3323087859823513e+01    3.4744294223611365e+00
   1.3686136639461598e+01    3.5701207619099176e+00
   1.4081166283041531e+01    3.6359843673060670e+00
   1.4495568445583249e+01    3.6768618215013893e+00
   1.4757702940860282e+01    3.8973736242989871e+00
   1.5157403886138075e+01    3.9737050433673828e+00
   1.5580058278169265e+01    4.0188633360060617e+00
   1.5923814344172584e+01    4.1495465317169105e+00
   1.6279251578660027e+01    4.3040751556311898e+00
   1.6763010398860878e+01    4.2959440240003008e+00
   1.7129384101561769e+01    4.4070979146658864e+00
   1.7423349713706351e+01    4.5152562809976668e+00
   1.7810365647088801e+01    4.5695907067066601e+00
   1.8207144282695158e+01    4.6911440833375373e+00
   1.8585829974639253e+01    4.6918430524657611e+00
   1.8941393642285231e+01    4.8789995463186386e+00
   1.9257883187119816e+01    5.0578500093379857e+00
   4.4792112172472687e-01    7.3555919958956029e-01
   7.8016105486682552e-01    8.5993055611885039e-01
   1.2060910520620980e+00    8.5655380442793916e-01
   1.5866917131790386e+00    9.3121366057089727e-01
   1.9619437136764248e+00    1.0257506922829085e+00
   2.2193190317269700e+00    1.2215252647648556e+00
   2.6956903893751782e+00    1.2559369631001600e+00
   3.0847530155545124e+00    1.3252939794349206e+00
   3.4542778629768942e+00    1.4274452015303265e+00
   3.8095567870094444e+00    1.5733538637684945e+00
   4.2093084848884645e+00    1.6047324664980598e+00
   4.5510127469672161e+00    1.7397032706547257e+00
   4.9332080799220446e+00    1.8370922667808127e+00
   5.3334264147918633e+00    1.8891893187626891e+00
   5.6999713851046714e+00    2.0095950230558968e+00
   6.0617038251914650e+00    2.0946228913778731e+00
   6.3592476750604572e+00    2.1928378726386151e+00
   6.8408060202893246e+00    2.2289025276012038e+00
   7.1024554067807664e+00    2.4645833055148607e+00
   7.6258855447120597e+00    2.3850653225067995e+00
   8.0276963993660040e+00    2.5337638534411098e+00
   8.2879473992564652e+00    2.6735525679581951e+00
   8.6878137836672362e+00    2.7455987548068017e+00
   9.1002217097225255e+00    2.7995705594568423e+00
   9.4228836137541965e+00    2.9360765401317575e+00
   9.8388155278453038e+00    2.9834987036595026e+00
   1.0186234120345391e+01    3.1331488907012970e+00
   1.0554511045592342e+01    3.2306336532198081e+00
   1.0913795524524485e+01    3.3086989551038419e+00
   1.1298324490777841e+01    3.3873009253948574e+00
   1.1626046859562726e+01    3.5669163986922601e+00
   1.2130354654782105e+01    3.4845486033238848e+00
   1.2532145333932025e+01    3.6016652521169958e+00
   1.2861798722624069e+01    3.7276449998269086e+00
   1.3251771936551590e+01    3.8249076524633656e+00
   1.3589294220156690e+01    3.9500880018694784e+00
   1.3931756812179943e+01    4.0521334594893572e+00
   1.4388850341231908e+01    4.0828505298592725e+00
   1.4651266845220714e+01    4.2470091908499041e+00
   1.5088098339755796e+01    4.3199307704007932e+00
   1.5326173322314499e+01    4.5118443790953044e+00
   1.5849136733586089e+01    4.4869948833083848e+00
   1.6332893760408805e+01    4.5370821412485105e+00
   1.6617614508266037e+01    4.6807115543801023e+00
   1.6997401334385192e+01    4.7779929029836206e+00
   1.7402699861167715e+01    4.8539048060717214e+00
   1.7712724277824627e+01    5.0717173057690079e+00
   4.0659787855942853e-01    1.0208117288983580e+00
   7.6773603796664569e-01    1.1218047873940029e+00
   1.1127799288089077e+00    1.3113163454141252e+00
   1.5435282398746799e+00    1.2905858356938549e+00
   1.8552647946373408e+00    1.4253239042030150e+00
   2.2584782951653373e+00    1.4763696330875391e+00
   2.6512539762704006e+00    1.4926964579621860e+00
   2.9216856251591961e+00    1.7079576082553225e+00
   3.3285193284599681e+00    1.8286902902170445e+00
   3.8457632085136266e+00    1.7877076543940882e+00
   4.1404458132366928e+00    1.9695240958424614e+00
   4.4564707834653330e+00    2.1068923327248177e+00
   4.8742453935904377e+00    2.1537089172907335e+00
   5.3175505348493317e+00    2.1709271407675192e+00
   5.6153786351527657e+00    2.3656021931147291e+00
   6.0293405233622721e+00    2.4348320589396981e+00
   6.3027611955891327e+00    2.6012857955989488e+00
   6.7636517544980101e+00    2.5235337520406942e+00
   7.1846983830309270e+00    2.6422173649795031e+00
   7.3990810470444979e+00    2.8896618067715036e+00
   7.9113205054116698e+00    2.9126421990313847e+00
   8.2287192929608377e+00    3.0251647062209059e+00
   8.6484616872448736e+00    3.0818431668216117e+00
   9.0407465655887638e+00    3.1773282678848367e+00
   9.3757581198044786e+00    3.2840702241653754e+00
   9.7216191633940792e+00    3.4291615094839383e+00
   1.0224040324815148e+01    3.4321094196282518e+00
   1.0497216649271076e+01    3.5730762042423994e+00
   1.0824584825874243e+01    3.7122539148287959e+00
   1.1250151663997123e+01    3.7522185395532626e+00
   1.1618565334326888e+01    3.9068697408630877e+00
   1.1947994102407486e+01    3.9838981563437579e+00
   1.2371432649028327e+01    4.0507947027113733e+00
   1.2766134104409502e+01    4.1239299632670798e+00
   1.3203072304943635e+01    4.1243455338154771e+00
   1.3507505416919289e+01    4.3139668914119325e+00
   1.3846585697779412e+01    4.4216392522690526e+00
   1.4227064319514247e+01    4.5299444962701116e+00
   1.4622897396498781e+01    4.5973342664593808e+00
   1.4959470534725789e+01    4.7125888507346358e+00
   1.5503519141078351e+01    4.6606665186175880e+00
   1.5732692242918077e+01    4.9067350358697519e+00
   1.6103627851250575e+01    5.0234220809305574e+00
   2.2505254208376507e-01    1.4982401932884046e+00
   6.4706235814557445e-01    1.4963917584443756e+00
   9.0472174729274746e-01    1.6910580232387222e+00
   1.3617492351948806e+00    1.7382127940864978e+00
   1.8923897844224111e+00    1.6999121552648471e+00
   2.1477843611569973e+00    1.8854971566922361e+00
   2.5487204059565536e+00    1.9721222075814895e+00
   2.9582150340655420e+00    2.0438914968460096e+00
   3.3436570987964735e+00    2.1236461160990201e+00
   3.6657362446030852e+00    2.1900575985154962e+00
   4.0203240903712061e+00    2.4057959667304303e+00
   4.3861726022851801e+00    2.4649074137783584e+00
   4.8364257387846674e+00    2.5017444767038102e+00
   5.1256971836601659e+00    2.6532194708327017e+00
   5.5078517172624162e+00    2.7445226382567292e+00
   5.8820499287675148e+00    2.8256009499113874e+00
   6.2622474384796449e+00    2.9436871885933353e+00
   6.5202432653649964e+00    3.0448644270234730e+00
   7.0286153037834431e+00    3.0978758776820730e+00
   7.4284364053962992e+00    3.1953640027845878e+00
   7.8422341995064286e+00    3.2805833590569580e+00
   8.1041844251800619e+00    3.4270506137498113e+00
   8.4074845705187577e+00    3.5231390968866498e+00
   8.9141430361289498e+00    3.5131054152265002e+00
   9.2836224214156022e+00    3.6395804491429229e+00
   9.5629585514216693e+00    3.8135031125566115e+00
   1.0126780496749253e+01    3.7679679863372568e+00
   1.0409341568987083e+01    3.9335874883224311e+00
   1.0778492317730445e+01    4.0397397370376380e+00
   1.1150903876268275e+01    4.2739531281265588e+00
   1.1493049937050651e+01    4.2831146451650701e+00
   1.1947175425288735e+01    4.2977062870249307e+00
   1.2263191069951070e+01    4.4397348859985222e+00
   1.2684052083846986e+01    4.4873150013055314e+00
   1.2929717539363244e+01    4.6299898889246238e+00
   1.3416737169358562e+01    4.6923371281420296e+00
   1.3823213945575962e+01    4.7641722343841142e+00
   1.4097132728579892e+01    4.9717687555338017e+00
   1.4530672477547675e+01    4.9331783964743972e+00
   1.4673093956352806e-01    1.8241956362655087e+00
   6.0748026097736230e-01    1.8494817747939143e+00
   9.6259993303149971e-01    1.9647884567039982e+00
   1.3156187971035216e+00    2.0626256628605444e+00
   1.6036851815410205e+00    2.2866671925039923e+00
   2.0534203456005873e+00    2.2639704678306591e+00
   2.4042025532967459e+00    2.3874749502038100e+00
   2.6795148807806952e+00    2.5647718994134743e+00
   3.0937405749139018e+00    2.5785480922352244e+00
   3.4295523344535765e+00    2.7091794593179621e+00
   3.9556687286592460e+00    2.6781052376924066e+00
   4.2905969804605766e+00    2.9147906212029921e+00
   4.6888109910919580e+00    2.9136401242947589e+00
   5.0553097819177824e+00    2.9817947254242703e+00
   5.3885777242414745e+00    3.1307218224019211e+00
   5.8097220918827626e+00    3.1882363110548395e+00
   6.1180728383949292e+00    3.3065557337288269e+00
   6.5509759381246875e+00    3.4006061322838308e+00
   6.9126626470690331e+00    3.5152304786478958e+00
   7.3300812716342856e+00    3.5638216108786671e+00
   7.6612971410266875e+00    3.6787793014036265e+00
   8.0927292223409868e+00    3.7274431102833301e+00
   8.4476356169003868e+00    3.8395348480447580e+00
   8.8555192982649089e+00    3.8613236750371080e+00
   9.1840060944799564e+00    4.0406079562273787e+00
   9.5610297732371823e+00    4.1311496104607146e+00
   9.8998692930826415e+00    4.2621324796579669e+00
   1.0354933166430008e+01    4.2734377560849337e+00
   1.0682829941238548e+01    4.4173185559966388e+00
   1.1036122743820734e+01    4.5235040270418017e+00
   1.1385822513308893e+01    4.6126568892471793e+00
   1.1859885882965907e+01    4.6267133870714741e+00
   1.2213540051242351e+01    4.7627603974471189e+00
   1.2592671845997593e+01    4.7875323296296877e+00
   1.2952616736428052e+01    4.9633457067769440e+00
   4.3131775794162064e-01    2.2690882310152962e+00
   8.1611035078086247e-01    2.4221734545373983e+00
   1.1393799858281235e+00    2.5498304143138744e+00
   1.5836204634534714e+00    2.5524144032000873e+00
   2.0179525717158717e+00    2.5408107534858635e+00
   2.2600315399683000e+00    2.7588914080488278e+00
   2.5753963228708914e+00    2.9244646857125653e+00
   3.0680346065640283e+00    2.9598991924328710e+00
   3.4519456643808746e+00    3.0492084372116453e+00
   3.9167139999972065e+00    3.0298315244734280e+00
   4.2490730134474877e+00    3.1789668326525846e+00
   4.5696123199526983e+00    3.3064613123700051e+00
   4.9284233470571275e+00    3.4815169424206545e+00
   5.2817560523028231e+00    3.5252546105694749e+00
   5.6871173473200800e+00    3.5784628844784212e+00
   6.0844505851147739e+00    3.7528730777381845e+00
   6.5202078461468238e+00    3.7217360430434412e+00
   6.8383114313031559e+00    3.8530613129611710e+00
   7.2052325626798375e+00    4.0670730167074609e+00
   7.5925520253116829e+00    4.0379851855389903e+00
   7.9522651216181579e+00    4.1350416445243443e+00
   8.3415308478713115e+00    4.2190312814093556e+00
   8.7687251766519516e+00    4.2595461145457252e+00
   9.1585127759424729e+00    4.3503092958132212e+00
   9.4580495172642909e+00    4.5491161568807463e+00
   9.8782160454773180e+00    4.5878845087200784e+00
   1.0221733143844114e+01    4.6727413336024020e+00
   1.0622111537712508e+01    4.7346725090924240e+00
   1.0962390243511527e+01    4.8833682154561719e+00
   1.1434003410291222e+01    4.9749300328417592e+00
   3.7988062427907276e-01    2.6283823045204624e+00
   7.0756430093068889e-01    2.7332599097260220e+00
   1.0956919942536500e+00    2.8314738597943356e+00
   1.5094227608559736e+00    2.8676036592176883e+00
   1.8745970970944432e+00    2.9788174935474454e+00
   2.1690847167797518e+00    3.1777698424161946e+00
   2.5608105991588777e+00    3.2869915923132869e+00
   3.0018512418463588e+00    3.2078606651412720e+00
   3.3788984138571569e+00    3.3193949761438022e+00
   3.7245071739775777e+00    3.4805053426489985e+00
   4.1338861740312938e+00    3.5681659797424667e+00
   4.5139763500620278e+00    3.5947529451012947e+00
   4.7765125620413640e+00    3.8529688194838441e+00
   5.2915084426024537e+00    3.8305242886107833e+00
   5.5840622178100405e+00    3.9914236641783645e+00
   5.9953873918161591e+00    4.0404784743260116e+00
   6.3637396389447902e+00    4.1448071713188162e+00
   6.7326455915726893e+00    4.2312862860623115e+00
   7.1209146479271643e+00    4.3236867767328615e+00
   7.4160275737337900e+00    4.4431956574550711e+00
   7.8996079528101806e+00    4.4970467677566068e+00
   8.1763513063771729e+00    4.7113182423257918e+00
   8.7233769204342941e+00    4.6504007738267337e+00
   8.9701659273523049e+00    4.8197234671578926e+00
   9.3751089169195083e+00    4.8768896369424874e+00
   9.7406724610477848e+00    4.9838189115692559e+00
   2.9093758731552161e-01    3.0052048110853637e+00
   6.4927991504429672e-01    3.1014203102286326e+00
   9.8064575568326184e-01    3.2267418881628993e+00
   1.3587002233581909e+00    3.3227823984346183e+00
   1.7759458317678418e+00    3.3831752141602016e+00
   2.1337023973631823e+00    3.4830417621801724e+00
   2.6651436002592068e+00    3.5437884114118456e+00
   2.8307392503151818e+00    3.7402860739579356e+00
   3.2368040427404541e+00    3.8302534436779037e+00
   3.6914644508418366e+00    3.8444058872324347e+00
   4.0279834738836104e+00    3.9193394128788359e+00
   4.4103119203305292e+00    4.0023864950503993e+00
   4.8083813398497535e+00    4.0950211560709642e+00
   5.1473782286265859e+00    4.2397791868975387e+00
   5.5131569781310974e+00    4.3305459100868520e+00
   5.9177058728530731e+00    4.3880894066311082e+00
   6.2439823305163928e+00    4.5502083241651299e+00
   6.6922681312014820e+00    4.5474864245003150e+00
   7.0068383130867860e+00    4.7191400610627987e+00
   7.4288986486106658e+00    4.7864984471347007e+00
   7.7847371514558761e+00    4.8744223969728804e+00
   8.1321759194599856e+00    5.0375220681746322e+00
   1.8227920474239984e-01    3.3895709386040362e+00
   5.8314757193457623e-01    3.3715510751007827e+00
   9.9274312239812679e-01    3.5307185405686736e+00
   1.2677961274037153e+00    3.6839258483073345e+00
   1.7144350689471817e+00    3.7321812601511830e+00
   2.0119229205839000e+00    3.8840068597055204e+00
   2.4584683374576115e+00    3.9060867519692257e+00
   2.8025377962900717e+00    4.0659545315989432e+00
   3.1848848042006908e+00    4.1037571493124272e+00
   3.5158694174825493e+00    4.2610644781439566e+00
   3.9954527153710373e+00    4.2371682973392968e+00
   4.3303747800178014e+00    4.4153178185144712e+00
   4.7596471857126943e+00    4.4558170044266099e+00
   5.0535693084374964e+00    4.6067607102829262e+00
   5.4900892035215740e+00    4.6485118983057543e+00
   5.7892542672248570e+00    4.8013794505566869e+00
   6.1926051853524688e+00    4.8466532815817329e+00
   6.5223509330184797e+00    5.0141933570464259e+00
   4.0779043018493377e-01    3.8663022720784483e+00
   8.3769289445320261e-01    3.9523772042247054e+00
   1.1973698093557967e+00    4.0461346992957656e+00
   1.5917955776831274e+00    4.1377348501389957e+00
   1.8909818480828595e+00    4.2354987967987148e+00
   2.3185893263514150e+00    4.3546822242238248e+00
   2.6826727058357429e+00    4.4842102154088348e+00
   3.1272451377539299e+00    4.4987011590863997e+00
   3.4298396784653011e+00    4.6456415966002451e+00
   3.8876794321593540e+00    4.6731273582460204e+00
   4.2543607440448961e+00    4.7525986685881110e+00
   4.5594384857912766e+00    4.8919114205480936e+00
   5.0025831197070634e+00    4.9454258241047313e+00
   3.4777888665091061e-01    4.2939804094455338e+00
   7.4581633920487367e-01    4.3241068755610499e+00
   1.1004931813629582e+00    4.4558699090816010e+00
   1.5870114725005582e+00    4.4040437020326042e+00
   1.8356889514294679e+00    4.6953899060728039e+00
   2.1861535966923222e+00    4.7435838050466117e+00
   2.6058657277203254e+00    4.8149261806460295e+00
   2.9666841278060230e+00    4.9086503637182268e+00
   3.3079452909820004e+00    5.0428609548833494e+00
   2.7670243316139154e-01    4.6048391056109770e+00
   6.4822464651504696e-01    4.7032798731789507e+00
   1.0715059587078763e+00    4.7761336182018725e+00
   1.4157069618265590e+00    4.8626452827585229e+00
   1.8099463084967278e+00    4.9310613135857038e+00
