   3.1442712669202088e+01    1.9117782543021217e-01
   3.1780445523454372e+01    3.4924813070605359e-01
   2.9828840280159842e+01    2.7508444911872376e-01
   3.0286500456550844e+01    3.0727617885711117e-01
   3.0633196749990546e+01    3.1205396927090806e-01
   3.0970567845266849e+01    4.9311777897596248e-01
   3.1405287826343095e+01    5.7451491247255126e-01
   3.1756340814954829e+01    6.6963732440258916e-01
   2.8272231024678707e+01    2.0142204726718416e-01
   2.8625750079415702e+01    3.0191300786407954e-01
   2.8960418049273702e+01    4.2024972709417668e-01
   2.9381059955730226e+01    4.8709621314143609e-01
   2.9741082228827029e+01    5.9452037868708363e-01
   3.0123134779239784e+01    6.7180807310167856e-01
   3.0511219676813820e+01    7.7152209622100287e-01
   3.0829502627918075e+01    8.9745513694288248e-01
   3.1243976446412642e+01    9.5875470831328191e-01
   3.1635932229977332e+01    9.9025579665154440e-01
   3.1985195908034665e+01    1.1570285031118981e+00
   2.6657900753988237e+01    2.1864139782651515e-01
   2.6987424212448254e+01    4.1511731546229941e-01
   2.7431855181331926e+01    3.8083621655747851e-01
   2.7847537028004783e+01    4.9316311250652417e-01
   2.8096821436325580e+01    5.9361786473194667e-01
   2.8516046832321432e+01    7.0265695611916612e-01
   2.8909418476869281e+01    7.7650794026202252e-01
   2.9286010869811658e+01    8.6597184428853669e-01
   2.9705302512514059e+01    9.4648010285780804e-01
   3.0023445825952543e+01    1.0583433822721708e+00
   3.0446471964367412e+01    1.1098578604506513e+00
   3.0779609115722057e+01    1.2416058682094686e+00
   3.1183349019322737e+01    1.3344428986589822e+00
   3.1512526955744658e+01    1.4349458421160333e+00
   3.1862335545437251e+01    1.5295729624929713e+00
   2.5128421473272496e+01    1.9285985528865573e-01
   2.5406977183726333e+01    3.2723200550515602e-01
   2.5858347170382519e+01    3.6171607912303066e-01
   2.6194694689094852e+01    5.0220799617435730e-01
   2.6581132511690310e+01    5.7765948775794795e-01
   2.6831541815067450e+01    7.3269087475056716e-01
   2.7291536863125639e+01    8.1334662966354276e-01
   2.7653510166678128e+01    9.2735493846739248e-01
   2.8091016406294624e+01    9.5502846096526239e-01
   2.8418226425845454e+01    1.0949049396179504e+00
   2.8841173328003464e+01    1.1248861206751164e+00
   2.9195384076294157e+01    1.2511888439986540e+00
   2.9498043845770013e+01    1.3878375492962469e+00
   2.9928505202779018e+01    1.4358592672934258e+00
   3.0276097125712194e+01    1.5531400984531687e+00
   3.0716392221779000e+01    1.5870252888542675e+00
   3.1031601195803770e+01    1.7402654818076866e+00
   3.1433125731600061e+01    1.8074940684666951e+00
   3.1848426984449009e+01    1.8189161697357035e+00
   2.3469099946670820e+01    2.2567622002729720e-01
   2.3846100860970264e+01    3.2699414735476046e-01
   2.4172959513185365e+01    4.1869734593731961e-01
   2.4587994480253077e+01    5.1367302790712088e-01
   2.4965885178748362e+01    6.0209783285704932e-01
   2.5358817127018412e+01    6.7899934794109973e-01
   2.5690481263368561e+01    8.6902308965499775e-01
   2.6095262279426123e+01    8.7056507917161130e-01
   2.6415750206694518e+01    1.0175286564702808e+00
   2.6843037567086686e+01    1.0609153132324058e+00
   2.7220459992293499e+01    1.1564644968376889e+00
   2.7526885432402548e+01    1.2519078805557440e+00
   2.8034884013087492e+01    1.2723823994317618e+00
   2.8339936457729387e+01    1.4391189949422696e+00
   2.8694951908661423e+01    1.5979184556348878e+00
   2.9106909001784551e+01    1.5776967783555418e+00
   2.9397036453126898e+01    1.8122322667311646e+00
   2.9871601230283808e+01    1.8067343746171529e+00
   3.0213459565712707e+01    1.9038084015326482e+00
   3.0579851914278702e+01    1.9990290144629856e+00
   3.0955095991899498e+01    2.0901962382208925e+00
   3.1394571447342109e+01    2.1695405681351545e+00
   3.1695297072777670e+01    2.2819973401029170e+00
   2.1847872874246324e+01    2.3065243231676624e-01
   2.2254909525714215e+01    3.1452076930575606e-01
   2.2594135528773961e+01    4.2554360533111041e-01
   2.2996198481430365e+01    5.3476429063158293e-01
   2.3413870976687345e+01    5.7353283752180084e-01
   2.3705932572069994e+01    7.8467349632201167e-01
   2.4131285788421859e+01    7.5567374073808091e-01
   2.4513886497857452e+01    8.6869412929354328e-01
   2.4844877126024326e+01    9.7800658576691535e-01
   2.5225274807728322e+01    1.0903863297013736e+00
   2.5641061220281131e+01    1.1250912906221715e+00
   2.5983628135679126e+01    1.2764587801082314e+00
   2.6415485869345829e+01    1.3185983750934001e+00
   2.6747996274898298e+01    1.4381822535220807e+00
   2.7135029018897686e+01    1.5002133314178625e+00
   2.7523215884441608e+01    1.5790138538086380e+00
   2.7843590802622359e+01    1.8062764929689288e+00
   2.8256772810339175e+01    1.8047658082685483e+00
   2.8664534278714036e+01    1.8306147535829367e+00
   2.9016476402044098e+01    1.9638567544699934e+00
   2.9325519886016970e+01    2.1500088957679684e+00
   2.9789307233286468e+01    2.1398567178844519e+00
   3.0131587729100257e+01    2.2705679646857382e+00
   3.0519495319312636e+01    2.3469611337186329e+00
   3.0843841143021383e+01    2.5015085300669173e+00
   3.1228059051469856e+01    2.5547085972406247e+00
   3.1619164668967134e+01    2.6348461989919647e+00
   3.1994122976481240e+01    2.7409805671401553e+00
   2.0319851670552232e+01    1.9913542528460593e-01
   2.0700559802508501e+01    2.4908592263780760e-01
   2.1076011712934168e+01    3.9901925535910426e-01
   2.1400702409203493e+01    5.1861061576876033e-01
   2.1792206156417599e+01    5.9406262693436296e-01
   2.2149282399505402e+01    7.1384881760903196e-01
   2.2529972346091245e+01    7.9192835501017200e-01
   2.2877568815367031e+01    9.3232246724248302e-01
   2.3324448963960563e+01    9.5509860453690520e-01
   2.3591463458969102e+01    1.1170156871980392e+00
   2.4031846883977980e+01    1.1638069050948996e+00
   2.4401272292540003e+01    1.2634233766914393e+00
   2.4780395699359158e+01    1.3464776520680888e+00
   2.5234311637874967e+01    1.4023459677175372e+00
   2.5579119900177954e+01    1.4754284900643959e+00
   2.5897597694536774e+01    1.6753803399190623e+00
   2.6252469610937951e+01    1.7765835500330136e+00
   2.6655372987499039e+01    1.8121112690700811e+00
   2.7083455308369821e+01    1.9057211777626955e+00
   2.7461240142030121e+01    1.9377734776681175e+00
   2.7836952492939389e+01    2.0646991148764942e+00
   2.8155677088753990e+01    2.1650334539705969e+00
   2.8484665377741472e+01    2.2827165715032609e+00
   2.8965934711287904e+01    2.3362896985617057e+00
   2.9176288138391929e+01    2.5658484355815219e+00
   2.9620104701546207e+01    2.5617311378215941e+00
   3.0011183040987852e+01    2.6707747106036681e+00
   3.0400663665742069e+01    2.7438828223646268e+00
   3.0786787141220167e+01    2.8210061989678730e+00
   3.1155615030468201e+01    2.9157351574191961e+00
   3.1528707389081102e+01    3.0237221601795254e+00
   3.1905993424009726e+01    3.1047961786122968e+00
   1.8631828433598354e+01    2.5440078549325790e-01
   1.9067840874929864e+01    3.5553962589067684e-01
   1.9408111237834071e+01    4.4674820188197678e-01
   1.9829527321488730e+01    5.0267172312021791e-01
   2.0200557588990836e+01    5.9349543822032935e-01
   2.0571923636368311e+01    6.9225869120513639e-01
   2.1006068829843588e+01    6.9192427523255451e-01
   2.1406300255907098e+01    8.1415457969246519e-01
   2.1649069105795295e+01    1.0254474760222412e+00
   2.2026976041228462e+01    1.1279856871687088e+00
   2.2484540094947210e+01    1.1147237459946113e+00
   2.2842080064980877e+01    1.2183372970630135e+00
   2.3190251971335140e+01    1.3525260413239935e+00
   2.3511712815921324e+01    1.4529006480240390e+00
   2.3985135811606494e+01    1.4890503067296719e+00
   2.4287167536325143e+01    1.6688011976377273e+00
   2.4690464496260446e+01    1.7223641278991833e+00
   2.5068627325834605e+01    1.8587438845577271e+00
   2.5404989782529785e+01    1.9309791634859930e+00
   2.5812749951949623e+01    1.9969443864824132e+00
   2.6189993770839752e+01    2.0916947127439873e+00
   2.6573238112492920e+01    2.1630021480940229e+00
   2.6976007047208356e+01    2.2409504910370908e+00
   2.7324879090324018e+01    2.3153278117582738e+00
   2.7679725027624592e+01    2.5003819463690324e+00
   2.8012652397741824e+01    2.6035400838037686e+00
   2.8481184178259941e+01    2.6125905529782325e+00
   2.8813804345512477e+01    2.7403752540959787e+00
   2.9188900991737324e+01    2.8357968153695228e+00
   2.9570383950369237e+01    2.8885819963065131e+00
   2.9942315043184944e+01    3.0175814801687095e+00
   3.0293923335072190e+01    3.1285597815208455e+00
   3.0639859739819094e+01    3.2282508131361314e+00
   3.1031484289851029e+01    3.3196591878954362e+00
   3.1440103718023490e+01    3.3919060275234729e+00
   3.1730227272500745e+01    3.4953540267732475e+00
   1.7149794134846285e+01    1.7689461983209637e-01
   1.7428592100413294e+01    3.3415229234613070e-01
   1.7889622415630726e+01    3.7123727661096934e-01
   1.8234960002108608e+01    4.9686643329825680e-01
   1.8653993152759959e+01    5.5685841158728211e-01
   1.9002859350577982e+01    6.0317616037555399e-01
   1.9341624224601929e+01    8.2682250873115071e-01
   1.9789009666702292e+01    8.0777106003871180e-01
   2.0118533125162308e+01    9.4748627342437275e-01
   2.0491243590996270e+01    1.0516746120937366e+00
   2.0855352376618775e+01    1.1548643790834636e+00
   2.1197309432629986e+01    1.2745208041505935e+00
   2.1536901091530797e+01    1.4396841702760059e+00
   2.2005695260965059e+01    1.4285306929072892e+00
   2.2379791062338967e+01    1.5154863797178106e+00
   2.2714572690762125e+01    1.6322052179836413e+00
   2.3099044544919042e+01    1.7241658434741296e+00
   2.3450687908592105e+01    1.8325266854922142e+00
   2.3830034086198978e+01    1.9202923357119555e+00
   2.4235532125433330e+01    1.9573364548515366e+00
   2.4605053656667607e+01    2.0579557846793142e+00
   2.5039627505302924e+01    2.0921287585674024e+00
   2.5284133058066796e+01    2.3139646883493490e+00
   2.5721901037121917e+01    2.3659464656000235e+00
   2.6075168094583010e+01    2.4674310293735644e+00
   2.6482969181086304e+01    2.5093625967106110e+00
   2.6837828757414691e+01    2.6675068644858850e+00
   2.7232175267712876e+01    2.6813895113212696e+00
   2.7590924564879863e+01    2.8383096438758733e+00
   2.7960248005471996e+01    2.9454105644622004e+00
   2.8341806303495680e+01    3.0109868153747610e+00
   2.8677509540512922e+01    3.1637617875840345e+00
   2.9089077596604433e+01    3.2200318700243922e+00
   2.9418851103907802e+01    3.3741055374730817e+00
   2.9840686750037285e+01    3.4141496582031734e+00
   3.0143870647867924e+01    3.5683562736992269e+00
   3.0603246743854115e+01    3.5766698456849322e+00
   3.0987243829947410e+01    3.6418829087709867e+00
   3.1335969091144630e+01    3.7673131889483416e+00
   3.1745242543174907e+01    3.8497114270868757e+00
   1.5515107290396559e+01    2.7609825754086742e-01
   1.5902247847663476e+01    3.1779733790656911e-01
   1.6298925332763748e+01    4.0701243359178135e-01
   1.6578488382843677e+01    5.5993102476399337e-01
   1.7066024524934381e+01    5.7131480685960412e-01
   1.7411811549852789e+01    6.6523730908028988e-01
   1.7769639238425693e+01    7.7622242994633583e-01
   1.8118773670457497e+01    9.3486731499033393e-01
   1.8510625537619756e+01    9.9513778923788188e-01
   1.8892993734104902e+01    1.0272108074760389e+00
   1.9243232277912568e+01    1.2072911783275611e+00
   1.9623704649530815e+01    1.2584644859673011e+00
   1.9962083084433214e+01    1.3512171492875891e+00
   2.0385432013173137e+01    1.4476022754026998e+00
   2.0770939134489300e+01    1.5259497222788643e+00
   2.1056819002882168e+01    1.6855908408834446e+00
   2.1520614143881854e+01    1.7031794713683741e+00
   2.1888181397272859e+01    1.8115546018917934e+00
   2.2328182280025278e+01    1.8549971786679782e+00
   2.2631440218292646e+01    2.0077614344982511e+00
   2.3016260192397713e+01    2.0639287695957025e+00
   2.3402369379370473e+01    2.1670854132321540e+00
   2.3770848499192837e+01    2.2255600821501438e+00
   2.4149539353986860e+01    2.3362160478114808e+00
   2.4502411529118707e+01    2.4724383061725863e+00
   2.4822308431848263e+01    2.5947799960263556e+00
   2.5243864153168690e+01    2.6607068998493779e+00
   2.5648336667406525e+01    2.7265457345213382e+00
   2.6055178475619847e+01    2.7760393634112401e+00
   2.6385900220095426e+01    2.9300335997598186e+00
   2.6806207645631616e+01    2.9548058412494900e+00
   2.7175166729337722e+01    3.0597619272895846e+00
   2.7499005960584608e+01    3.2101765033653278e+00
   2.7875535354208012e+01    3.3077933635880354e+00
   2.8287847711531956e+01    3.3684310524226841e+00
   2.8665579288036010e+01    3.4759438716491577e+00
   2.8981590366792062e+01    3.6125140551151613e+00
   2.9386170044819906e+01    3.6716041039788139e+00
   2.9750350922446604e+01    3.7736098734583114e+00
   3.0443811054987592e+01    3.9696677159227796e+00
   3.0868914871973615e+01    4.0541268111648296e+00
   3.1213410086114273e+01    4.1751922127534575e+00
   3.1641452139379112e+01    4.2160485051163210e+00
   3.2037577568591459e+01    4.2456610427358532e+00
   1.3951134908325482e+01    1.7290185289093490e-01
   1.4316925191234869e+01    2.5227665629021023e-01
   1.4674717158544439e+01    4.2292967265996656e-01
   1.5021370586468137e+01    5.2810889968996222e-01
   1.5413598501111704e+01    6.0857604633252060e-01
   1.5845073692521945e+01    6.1826754981449772e-01
   1.6153539141506272e+01    8.4209757041139599e-01
   1.6558121417444180e+01    8.6994210033902108e-01
   1.6888611298446826e+01    1.0154171401205787e+00
   1.7301913459503954e+01    1.0676873503357585e+00
   1.7688781236214481e+01    1.1406371194785083e+00
   1.8032819867661942e+01    1.2817883276503006e+00
   1.8472792173403690e+01    1.2962726504557767e+00
   1.8782098695770220e+01    1.4420144306528313e+00
   1.9261142269872025e+01    1.4925236475332682e+00
   1.9568617265645656e+01    1.6247161577034961e+00
   1.9953395673189750e+01    1.6843254638405589e+00
   2.0284736369737324e+01    1.8239648182524437e+00
   2.0687197452110549e+01    1.8959549194187177e+00
   2.1057682158499883e+01    1.9938026039503320e+00
   2.1406980908343041e+01    2.1209339306877761e+00
   2.1766123139406726e+01    2.2077486808774966e+00
   2.2177850317489469e+01    2.2680847523540808e+00
   2.2543668527932013e+01    2.3679538707040377e+00
   2.2919347106010488e+01    2.4656585402868028e+00
   2.3288189933241366e+01    2.5900387452175644e+00
   2.3674895990050608e+01    2.6167359731145692e+00
   2.3995843747399778e+01    2.8019496843508152e+00
   2.4415528973476398e+01    2.8387509638474593e+00
   2.4802587696576396e+01    2.9162979296861264e+00
   2.5140082192580593e+01    3.0310066350423797e+00
   2.5461236483779597e+01    3.1618108220760925e+00
   2.5911182166244924e+01    3.2129478239227325e+00
   2.6290351036490140e+01    3.2995090180905144e+00
   2.6651259196917689e+01    3.4132218795726952e+00
   2.7043972271265119e+01    3.4858038495985806e+00
   2.7468822142542695e+01    3.4978777665018543e+00
   2.7776086707601401e+01    3.6971390918623483e+00
   2.8153799449257516e+01    3.7730898368118817e+00
   2.8531447892639626e+01    3.8721578246468265e+00
   2.8886714691370052e+01    3.9858538646613622e+00
   2.9276591497408553e+01    4.0510239972836608e+00
   2.9709726753347677e+01    4.1183898834893844e+00
   3.0025927479538169e+01    4.2396151864422578e+00
   3.0406889557202881e+01    4.3300468119664366e+00
   3.0791641985646372e+01    4.3192006673579177e+00
   3.1181703243299189e+01    4.4814463856417479e+00
   3.1489808232262575e+01    4.6431964226859694e+00
   3.1935008832001774e+01    4.6664480424692778e+00
   1.2279082972948158e+01    2.6567237034811586e-01
   1.2724596620849685e+01    2.7946229127865385e-01
   1.3073169254830834e+01    4.8657974862134040e-01
   1.3565777166837819e+01    4.5407469794006489e-01
   1.3830490563009965e+01    6.0811199464790233e-01
   1.4235432649491297e+01    6.8769091584065822e-01
   1.4583462320269728e+01    8.0559167328866987e-01
   1.4964541303887183e+01    8.8114259987983945e-01
   1.5341351271797157e+01    9.5699579330658779e-01
   1.5698715233424199e+01    1.1307711663359452e+00
   1.6021287334038906e+01    1.2228105085012770e+00
   1.6459416422592486e+01    1.2519932219012426e+00
   1.6870336300123821e+01    1.3385147329928455e+00
   1.7134141726729702e+01    1.4653379475970731e+00
   1.7580387335790874e+01    1.5374635947207718e+00
   1.7905478110209568e+01    1.6668269158869895e+00
   1.8273123950379915e+01    1.7435625544136548e+00
   1.8631572539457363e+01    1.8540160129857490e+00
   1.9086154841903777e+01    1.9056331735593846e+00
   1.9413117410521313e+01    2.0272597237211554e+00
   1.9823846991140694e+01    2.0968209088760439e+00
   2.0142845016989195e+01    2.2279847765576806e+00
   2.0542049619101157e+01    2.3346302185625905e+00
   2.0953048083411829e+01    2.3643482962783446e+00
   2.1337209487316475e+01    2.3864524841355292e+00
   2.1717938402553230e+01    2.5127081203392141e+00
   2.2108937505738016e+01    2.6375426347918660e+00
   2.2440264563257770e+01    2.7528684736830722e+00
   2.2882890634126671e+01    2.8102860529973048e+00
   2.3173044064569627e+01    2.9685842469436836e+00
   2.3572970885678501e+01    3.0297856822615348e+00
   2.3999896487094691e+01    3.1063136178788358e+00
   2.4316836318697494e+01    3.2477429972703926e+00
   2.4648553062726371e+01    3.3257281655885729e+00
   2.5042998293606868e+01    3.4210321064841125e+00
   2.5479425751070593e+01    3.4805799071004846e+00
   2.5760848904754084e+01    3.6517135303367221e+00
   2.6251147274716985e+01    3.6604391958058291e+00
   2.6547051179079617e+01    3.8132830775794671e+00
   2.6940251361563451e+01    3.8681408711629977e+00
   2.7304530959772460e+01    3.9824462509823051e+00
   2.7669560055034019e+01    4.0861619648638499e+00
   2.8002286736599054e+01    4.2072771164301432e+00
   2.8466245545932573e+01    4.2147734508584591e+00
   2.8810288723722639e+01    4.3373924676112230e+00
   2.9154211748172397e+01    4.4327214783388502e+00
   2.9595069941244891e+01    4.5013627435411934e+00
   2.9947566068895426e+01    4.6085256242824713e+00
   3.0308031285657599e+01    4.7000479823456960e+00
   3.0686819562078906e+01    4.7977903216243423e+00
   3.1046187161840372e+01    4.9125218885891311e+00
   3.1510431741280584e+01    4.8923713940454521e+00
   1.0755356764062153e+01    2.1366934219314349e-01
   1.1119753268223899e+01    3.2735600375236013e-01
   1.1520629625460012e+01    3.7579075697533776e-01
   1.1860289479499921e+01    5.4395537168809005e-01
   1.2230816401927743e+01    6.0224597867826890e-01
   1.2645303859450131e+01    6.8147554591559278e-01
   1.2974998779974158e+01    8.0835916192873514e-01
   1.3342372489065633e+01    9.6136125642507797e-01
   1.3768305688838582e+01    9.2034473795921201e-01
   1.4073992023535322e+01    1.0838331015728955e+00
   1.4443701253771495e+01    1.2083462545510211e+00
   1.4866870926717221e+01    1.2545953535659351e+00
   1.5224017962854182e+01    1.3672284586790775e+00
   1.5591165004292849e+01    1.4794360910720048e+00
   1.5988598481220828e+01    1.5115684715550521e+00
   1.6386660652383529e+01    1.5987334200209746e+00
   1.6739895235968859e+01    1.6866132483878895e+00
   1.7121015136669772e+01    1.8123980133930466e+00
   1.7505616886329733e+01    1.9083479895729663e+00
   1.7855141004870664e+01    2.0055235947718399e+00
   1.8242252985126910e+01    2.0486550068704878e+00
   1.8614847843963165e+01    2.1351386534229539e+00
   1.9002617095464807e+01    2.2753891012289005e+00
   1.9354381261955702e+01    2.3770134975114661e+00
   1.9717904868337005e+01    2.4939875154930236e+00
   2.0163082736363165e+01    2.5217455999633738e+00
   2.0483897350821717e+01    2.6515075054806760e+00
   2.0850279307747464e+01    2.7522764749279580e+00
   2.1164760866955191e+01    2.8929168040862852e+00
   2.1564868892290811e+01    2.9640732359140345e+00
   2.2056999438324116e+01    3.0262061518842009e+00
   2.2324662111892835e+01    3.1456988436697464e+00
   2.2731433127057002e+01    3.1929399546413939e+00
   2.3081404086128398e+01    3.4020196264425855e+00
   2.3415275796552745e+01    3.4025034222436661e+00
   2.3852461843754241e+01    3.4964492407071477e+00
   2.4192740000388632e+01    3.6177657303031574e+00
   2.4621384119310068e+01    3.6639928769780568e+00
   2.5038518847184456e+01    3.7679505861817693e+00
   2.5323123791214968e+01    3.8689191400694756e+00
   2.5724094322690785e+01    3.9903833208524433e+00
   2.6023948349300934e+01    4.0986887624384805e+00
   2.6493479675714962e+01    4.1487652324505317e+00
   2.6770487031772532e+01    4.2745636364835082e+00
   2.7276034484315065e+01    4.2786287162512133e+00
   2.7628780660808957e+01    4.4159961333671385e+00
   2.7967835201804689e+01    4.5220539281162857e+00
   2.8304437965180504e+01    4.6297732811925965e+00
   2.8686495711413379e+01    4.7813869226569219e+00
   2.9150370088669920e+01    4.7690153502084263e+00
   2.9485657010599912e+01    4.8694371089760766e+00
   2.9808201183681465e+01    4.9949847497404303e+00
   9.1209394527812400e+00    2.6327818189946844e-01
   9.5425211532022747e+00    3.0886409292882561e-01
   9.9857142179419540e+00    3.8934425510078868e-01
   1.0216002058420347e+01    5.6994577320529105e-01
   1.0598571592935210e+01    6.6863440122360041e-01
   1.0997002667326553e+01    7.1040567750989292e-01
   1.1417736799590241e+01    7.6228775996198272e-01
   1.1815693755395479e+01    8.3304632186391392e-01
   1.2142543964402883e+01    1.0060039377538694e+00
   1.2530165784508570e+01    1.0734648425200688e+00
   1.2911064213376797e+01    1.1654785952713012e+00
   1.3261841174044569e+01    1.2683349205047190e+00
   1.3650423571395255e+01    1.3482268249120550e+00
   1.4071036900841113e+01    1.4415800600906581e+00
   1.4378296270079696e+01    1.5526105794350173e+00
   1.4771780923715193e+01    1.6342588009389867e+00
   1.5196131996261087e+01    1.6699929888781395e+00
   1.5548553433997377e+01    1.8146236429421712e+00
   1.5900383847194822e+01    1.9071215162332420e+00
   1.6312754657495134e+01    1.9736278189475844e+00
   1.6669675675456805e+01    2.0904049153465296e+00
   1.7016638254677744e+01    2.1970194422217157e+00
   1.7420037832060451e+01    2.2589564757732949e+00
   1.7785456613831141e+01    2.3541782577631594e+00
   1.8133088804370260e+01    2.4773053607760733e+00
   1.8516018149428550e+01    2.5668545412003354e+00
   1.8905007769181275e+01    2.6353298648975425e+00
   1.9231839143340736e+01    2.7946089647351440e+00
   1.9614652231923806e+01    2.8819810965284183e+00
   2.0025114227806913e+01    2.9314349773943893e+00
   2.0354921507941075e+01    3.1015429457386055e+00
   2.0778707535048738e+01    3.1147880004973074e+00
   2.1148035521983477e+01    3.2155335887540417e+00
   2.1521158406039600e+01    3.2851718668899852e+00
   2.1896773984799101e+01    3.3998841443725718e+00
   2.2242820800723592e+01    3.5181951118191908e+00
   2.2663540644481944e+01    3.5833712845823817e+00
   2.3041041006990586e+01    3.6379364885453107e+00
   2.3321846507557112e+01    3.8004800572176163e+00
   2.3814890868454320e+01    3.8634655423220008e+00
   2.4111698196040614e+01    4.0068047103470352e+00
   2.4531058033882115e+01    4.0344350425901441e+00
   2.4876764523588637e+01    4.1565609110656085e+00
   2.5232451534271405e+01    4.2491691955342654e+00
   2.5688202246767684e+01    4.3092541790034682e+00
   2.5977877661759447e+01    4.4623281706607454e+00
   2.6369695756090916e+01    4.5355727376476489e+00
   2.6705216489926386e+01    4.6446811282857414e+00
   2.7092310934289717e+01    4.7781060869888341e+00
   2.7581355163170741e+01    4.7400089050060892e+00
   2.7931066331236057e+01    4.8724030129970384e+00
   2.8275258239377109e+01    4.9883843045965959e+00
   7.4964708380783254e+00    2.9116051791325398e-01
   7.9457826304888064e+00    3.2491518931289570e-01
   8.3421782423474813e+00    3.8465458579625561e-01
   8.6936371544062236e+00    5.0204471752703339e-01
   9.0418077618054564e+00    6.3336309590953876e-01
   9.3509233377825129e+00    7.8300252057087694e-01
   9.8065974119319996e+00    8.0284009684772739e-01
   1.0172960534009805e+01    8.8593236665901687e-01
   1.0559202863873185e+01    1.0164758534181240e+00
   1.0936894172771300e+01    1.0716522157228665e+00
   1.1300557416818373e+01    1.2028425820871238e+00
   1.1683338031525679e+01    1.2871950331211768e+00
   1.2060598736831208e+01    1.3385269431701314e+00
   1.2463211147465479e+01    1.4456839136660213e+00
   1.2807488137161021e+01    1.5389075780803401e+00
   1.3122469794055462e+01    1.6779500626557460e+00
   1.3551812750783270e+01    1.7848381494603383e+00
   1.3929092940414252e+01    1.8469385266069929e+00
   1.4267925360099783e+01    1.9242762307902588e+00
   1.4734706149236894e+01    1.9417682190209251e+00
   1.5027048968383626e+01    2.1387250033141969e+00
   1.5441264294827139e+01    2.1796694297758745e+00
   1.5778203487555830e+01    2.3057993920803663e+00
   1.6187539938905079e+01    2.3783112185346087e+00
   1.6552190388775273e+01    2.4649025484590972e+00
   1.6979436182606463e+01    2.4775776866982016e+00
   1.7234373643219655e+01    2.6976973721462030e+00
   1.7671947428497731e+01    2.7521130014373791e+00
   1.7994627991857477e+01    2.8842922622662965e+00
   1.8421680241389137e+01    3.0185952496222019e+00
   1.8769370884904628e+01    3.0536584623403904e+00
   1.9202219071782029e+01    3.0550969251410791e+00
   1.9587917788965179e+01    3.1938270110316687e+00
   2.0010128833098452e+01    3.2732443422186401e+00
   2.0296671818034355e+01    3.3977034586675003e+00
   2.0675678318900768e+01    3.4863631796346808e+00
   2.1037905568161712e+01    3.6097351356708285e+00
   2.1433039894685844e+01    3.5858951542064914e+00
   2.1794347483785248e+01    3.7789957307009492e+00
   2.2168553696336740e+01    3.8647281915593221e+00
   2.2571161560628404e+01    3.9341064838459272e+00
   2.2906558893735983e+01    4.1600475012105145e+00
   2.3301170390860371e+01    4.1250891791110336e+00
   2.3681929182062831e+01    4.1688346072525615e+00
   2.4053358878236793e+01    4.2924562873933079e+00
   2.4436352521569091e+01    4.4312109884817241e+00
   2.4786172801856956e+01    4.5294173144972376e+00
   2.5130243257702663e+01    4.6499236458407722e+00
   2.5538826964611783e+01    4.6905102101915688e+00
   2.5909178528110498e+01    4.8050827201128827e+00
   2.6230278263198226e+01    4.9119773666403779e+00
   2.6664170809920083e+01    4.9879548051157867e+00
   5.9619727198637911e+00    2.3223269554335135e-01
   6.3508145834818031e+00    3.1976450787851557e-01
   6.7317519810009410e+00    4.1263909761273404e-01
   7.0659977904740519e+00    5.3576487569151676e-01
   7.5087388188631436e+00    5.7337995051472013e-01
   7.8038282784217037e+00    7.4187416207689183e-01
   8.2576513416528403e+00    7.4364937896921768e-01
   8.6568669848825586e+00    8.1039033790980586e-01
   8.9370217089788451e+00    1.0234334462475725e+00
   9.3633731722715901e+00    1.0638755018512343e+00
   9.6700551559991510e+00    1.1971386107575355e+00
   1.0143869786625993e+01    1.2266501546234525e+00
   1.0399365797902266e+01    1.3886712186347714e+00
   1.0792949821597590e+01    1.5204952152628686e+00
   1.1224607516189609e+01    1.5368561384007950e+00
   1.1583566594594011e+01    1.6699799993278353e+00
   1.1949877108993082e+01    1.7239797681660216e+00
   1.2330383902919635e+01    1.8279233837076543e+00
   1.2811981222611251e+01    1.8621379241567158e+00
   1.3145997766521493e+01    1.9755802133060594e+00
   1.3481671777050551e+01    2.0820186018791209e+00
   1.3859961904217689e+01    2.1628178913229577e+00
   1.4278848272950603e+01    2.2538361898866262e+00
   1.4553888361614600e+01    2.4028750426896490e+00
   1.4968423230995601e+01    2.4570962833605225e+00
   1.5368205218618582e+01    2.5106748660300946e+00
   1.5704504675994787e+01    2.6597565194013701e+00
   1.6122692206921332e+01    2.7477336395000638e+00
   1.6533465302534228e+01    2.7909439631168089e+00
   1.6822198975128934e+01    2.9427674507662984e+00
   1.7228024351030953e+01    2.9990656555830650e+00
   1.7605487693321226e+01    3.0505305786271344e+00
   1.7941172744968046e+01    3.2346905125949510e+00
   1.8314475534295880e+01    3.3341966379616563e+00
   1.8724725800509031e+01    3.3291403905579884e+00
   1.9075479379986255e+01    3.5281047098507763e+00
   1.9463045994503151e+01    3.5592884634751067e+00
   1.9832739637278962e+01    3.6736745084018030e+00
   2.0229397638053779e+01    3.6728712995587420e+00
   2.0644172814115404e+01    3.8264720174808535e+00
   2.0947398278507009e+01    3.9651567698408816e+00
   2.1324895393628076e+01    4.0553171735547080e+00
   2.1686002943652795e+01    4.1629839839000384e+00
   2.2021693840597248e+01    4.2931171957127869e+00
   2.2457972567709994e+01    4.3193572563868345e+00
   2.2861908613520264e+01    4.3630882661275248e+00
   2.3150359113918341e+01    4.5345685804613813e+00
   2.3542425308660615e+01    4.6223378028074560e+00
   2.3992096911614524e+01    4.6975077458882026e+00
   2.4270702631837032e+01    4.8298180712796901e+00
   2.4690688566003193e+01    4.9015575390728436e+00
   2.5086108013156505e+01    4.9667195532262030e+00
   4.3932781166751171e+00    1.7185939601559530e-01
   4.8008220100823848e+00    3.2274726584099750e-01
   5.1790623872718582e+00    3.9969648504854022e-01
   5.4444577997827270e+00    5.4152872884800751e-01
   5.8810865303284183e+00    6.4574278682697372e-01
   6.2940690835003101e+00    6.5679501065106938e-01
   6.5568541809297951e+00    8.0908138092564963e-01
   6.9836563816180970e+00    9.0904928480566993e-01
   7.3777450493427406e+00    9.7797015007831178e-01
   7.7281596015570271e+00    1.1552628335390456e+00
   8.1354300649303930e+00    1.1596140081522011e+00
   8.4868019470020997e+00    1.2753685671511985e+00
   8.9154070972726274e+00    1.3239652675925937e+00
   9.2043628911775350e+00    1.5159718641604307e+00
   9.6404175485475303e+00    1.5263226522680984e+00
   9.9119602007921195e+00    1.6431418997577809e+00
   1.0388456524079269e+01    1.7206106035558653e+00
   1.0747177244235587e+01    1.8288255729240332e+00
   1.1106005777659432e+01    1.9338010133940817e+00
   1.1492217582079595e+01    2.0312149118932865e+00
   1.1907645483044009e+01    2.0737006134463112e+00
   1.2244364502895042e+01    2.2409484127090415e+00
   1.2619638456481541e+01    2.2940402769287149e+00
   1.3008278657331081e+01    2.3660062175314232e+00
   1.3386983800630437e+01    2.4568874763393822e+00
   1.3736617031393925e+01    2.5695941672549978e+00
   1.4149463259235375e+01    2.6576336371951514e+00
   1.4492162018568957e+01    2.7554828155250508e+00
   1.4885122543849679e+01    2.8376673755610815e+00
   1.5244253733795611e+01    2.9217639324541413e+00
   1.5607292180473051e+01    3.0430065115089193e+00
   1.5992710323369627e+01    3.1274060496628246e+00
   1.6381935703460371e+01    3.2212738009289783e+00
   1.6740431704396425e+01    3.3195472829195651e+00
   1.7071358683766810e+01    3.4994912634928927e+00
   1.7487182766015501e+01    3.4998350968894454e+00
   1.7829873082141383e+01    3.5997847504512883e+00
   1.8234085805373134e+01    3.6903114594836941e+00
   1.8550315758051809e+01    3.7893062512026736e+00
   1.8986341838411136e+01    3.8754496364849209e+00
   1.9350264223986780e+01    3.9748802925643587e+00
   1.9711186672919663e+01    4.0772919205431108e+00
   2.0132413109139879e+01    4.1306370160459647e+00
   2.0495897097392756e+01    4.2211882103806939e+00
   2.0870507934436223e+01    4.3326277706641330e+00
   2.1203386593739815e+01    4.4485819790513066e+00
   2.1641003244533891e+01    4.5215866290440907e+00
   2.1985428964580418e+01    4.5841587217100432e+00
   2.2357695837271493e+01    4.7158273633165022e+00
   2.2787479139754609e+01    4.7989879581623915e+00
   2.3118667858563626e+01    4.8877161340596746e+00
   2.7892893465638471e+00    2.5849364341428843e-01
   3.1846075401725358e+00    2.8726607537312027e-01
   3.5321360741002303e+00    4.9457260861003499e-01
   3.9194786188743782e+00    5.1433945678547877e-01
   4.2907635465102034e+00    6.0933535049555354e-01
   4.6688997475062362e+00    7.2086466857159470e-01
   5.0632808100082274e+00    7.3003879826495488e-01
   5.4378617710859967e+00    8.7557384976891783e-01
   5.8470455952191722e+00    9.2442670414231265e-01
   6.1872730276596242e+00    1.0557232600803068e+00
   6.5417440865384142e+00    1.1677448171651263e+00
   6.9760243713368544e+00    1.2574441567909047e+00
   7.2861089677666042e+00    1.3518405827544400e+00
   8.0923833446997282e+00    1.5204894998607348e+00
   8.4864096625829113e+00    1.5534150872331092e+00
   8.7864137184990732e+00    1.7270720605114440e+00
   9.1638881019071068e+00    1.7708125526238558e+00
   9.4901784612963986e+00    1.9743555585033778e+00
   9.9240398330975275e+00    1.9911551387550777e+00
   1.0204503708491053e+01    2.1318096265232374e+00
   1.0665293067550341e+01    2.1839296125891487e+00
   1.1030726787303879e+01    2.2957863322806080e+00
   1.1406731403094991e+01    2.3728394354167084e+00
   1.1830075785492310e+01    2.4551820782799414e+00
   1.2138825705628300e+01    2.5695155804756573e+00
   1.2510599624885327e+01    2.6649458447479049e+00
   1.2864977938374947e+01    2.7923769703063703e+00
   1.3292916724714868e+01    2.8124782344543959e+00
   1.3619457782425032e+01    2.9596908214323974e+00
   1.4034916858310174e+01    3.0283687821143506e+00
   1.4451157255646114e+01    3.0894288261771403e+00
   1.4753092208215000e+01    3.2480564351192336e+00
   1.5149272843016137e+01    3.3144846706362476e+00
   1.5514180485982353e+01    3.4133210547892676e+00
   1.5915231552670059e+01    3.4894586544199271e+00
   1.6314190652281269e+01    3.5753088655518077e+00
   1.6593931659200365e+01    3.7663928793092878e+00
   1.7026169986690981e+01    3.7454940567725825e+00
   1.7399950141992491e+01    3.8649394016472685e+00
   1.7778856623321566e+01    3.9653718767939199e+00
   1.8163945481117931e+01    3.9946982546202494e+00
   1.8521469863691230e+01    4.1363950888525700e+00
   1.8921460983074113e+01    4.1830034138811474e+00
   1.9270401870806385e+01    4.3325056039435212e+00
   1.9665797287291632e+01    4.4054669987337940e+00
   2.0007977114090561e+01    4.5356534027550381e+00
   2.0430643441961998e+01    4.5817895576300574e+00
   2.0709517396398287e+01    4.7578691469878800e+00
   2.1147413972001424e+01    4.7396688385791252e+00
   2.1553696580074149e+01    4.8783242995032161e+00
   1.2352105853774793e+00    2.0656181747930868e-01
   1.5705341378393309e+00    3.3379978842474994e-01
   1.9089681680170305e+00    4.3409339878387349e-01
   2.3064092438319381e+00    5.1880467965030530e-01
   2.7178782546023834e+00    6.0383512026248698e-01
   3.0682887151083236e+00    7.0693831189943646e-01
   3.4036755266801562e+00    8.7529665276542601e-01
   3.8611859335561505e+00    8.6636146584991192e-01
   4.2129729616555807e+00    9.7190610841429081e-01
   4.6023062199616014e+00    1.0598703688581832e+00
   4.9496990130886171e+00    1.1696544109553495e+00
   5.3191876158128721e+00    1.2737665009644277e+00
   5.6449861908276464e+00    1.4112655671726861e+00
   6.0293688717217231e+00    1.4705116205354918e+00
   6.4463942925303011e+00    1.5464073547394865e+00
   6.8382169332043734e+00    1.6366799232201903e+00
   7.1975137399166833e+00    1.7146008582121157e+00
   7.6177484239711726e+00    1.8163250142410177e+00
   7.9209225796390781e+00    1.9186876066673721e+00
   8.3123204620182030e+00    2.0371569167321999e+00
   8.6881146470943875e+00    2.1091316252813637e+00
   9.0606127337808733e+00    2.2372782802183364e+00
   9.4232472054438539e+00    2.2932414195850055e+00
   9.7999837823946070e+00    2.3984873674401386e+00
   1.0205770189645714e+01    2.4475055787889062e+00
   1.0573141300827126e+01    2.5516895010111664e+00
   1.0990839125707202e+01    2.6633301395333149e+00
   1.1317095712265703e+01    2.6755535661605903e+00
   1.1684039467242107e+01    2.8406500361019362e+00
   1.2054626141601329e+01    2.9612724290774390e+00
   1.2424494493828727e+01    3.0520856875895555e+00
   1.2861375286598070e+01    3.1181069604955383e+00
   1.3178470992804522e+01    3.2263315421309322e+00
   1.3584603571571238e+01    3.2605404970733636e+00
   1.3961332354791809e+01    3.3837519672155025e+00
   1.4265878856449355e+01    3.5219496114391218e+00
   1.4699392108302332e+01    3.5815743751410474e+00
   1.5057129519500618e+01    3.6808376608648157e+00
   1.5406128860209261e+01    3.8113104195225156e+00
   1.5802270526359484e+01    3.8953325462923334e+00
   1.6196716406717496e+01    3.9617653930997050e+00
   1.6528673457427001e+01    4.1103038234772580e+00
   1.6935909498492059e+01    4.1420385938254922e+00
   1.7237882120756826e+01    4.3273307619455759e+00
   1.7670903718130788e+01    4.3596094697128001e+00
   1.8052704920745153e+01    4.4018731798511253e+00
   1.8442412213152185e+01    4.5100408672561869e+00
   1.8771364131398812e+01    4.6711684450498305e+00
   1.9195577514711481e+01    4.7012113264709408e+00
   1.9530190928458204e+01    4.8346709023255938e+00
   1.9927218481939175e+01    4.9013966634923261e+00
   3.6069307295883635e-01    4.6549426624676377e-01
   6.8258003974275006e-01    5.8581523670745739e-01
   1.0859214239400943e+00    6.2867146518290962e-01
   1.4761338150107044e+00    7.5516513489591941e-01
   1.8655590393328791e+00    7.5800218257786356e-01
   2.2314162184263351e+00    9.2426927079262544e-01
   2.6124068081539686e+00    9.6915355775707535e-01
   2.9803025023244167e+00    1.0813530067333113e+00
   3.3963308452516427e+00    1.1520523362858552e+00
   3.7325024854528559e+00    1.2642599037310311e+00
   4.1085471090589039e+00    1.3476163809955082e+00
   4.4639913450464865e+00    1.4535296669975206e+00
   4.8830166370199013e+00    1.5210876686522441e+00
   5.1644418690314424e+00    1.6743980051773057e+00
   5.6412216243062288e+00    1.7105917634062218e+00
   5.9889503921518639e+00    1.8205185606612315e+00
   6.3374606762915517e+00    1.9342958503129206e+00
   6.7161872523489112e+00    2.0164996348834014e+00
   7.1236921771052666e+00    2.1020697263629722e+00
   7.4917783630309263e+00    2.1563615652397492e+00
   7.9151162506530932e+00    2.2586297236353921e+00
   8.2334173871277763e+00    2.3487412216923231e+00
   8.5589601978970613e+00    2.5125914092297306e+00
   9.0185136012449032e+00    2.5267465118827466e+00
   9.4123151999078232e+00    2.6088005269382193e+00
   9.7198947615614060e+00    2.7318109188416497e+00
   1.0050272282953920e+01    2.8587537022564282e+00
   1.0482571011853450e+01    2.9186358538976309e+00
   1.0835308095662132e+01    3.0454629653669500e+00
   1.1206655957669179e+01    3.1417780778059217e+00
   1.1588429232750393e+01    3.2248489148592085e+00
   1.1978930186681012e+01    3.3052067544359569e+00
   1.2287928207227814e+01    3.4382995703377701e+00
   1.2650424340180054e+01    3.5725676807511086e+00
   1.3031682579591704e+01    3.6844232963307917e+00
   1.3426687660090312e+01    3.7034696141508605e+00
   1.3823868490264873e+01    3.8329000263443995e+00
   1.4182490489838880e+01    3.9194634287357339e+00
   1.4530575366206104e+01    4.0383542497079326e+00
   1.4927302861075050e+01    4.1071728872196802e+00
   1.5319094976305909e+01    4.1875851530122032e+00
   1.5787979423114786e+01    4.1892069633154358e+00
   1.6063533248493314e+01    4.3555953089822887e+00
   1.6487728446435561e+01    4.4030684782701206e+00
   1.6824304581233246e+01    4.5946979881926255e+00
   1.7185653087416110e+01    4.6252632443792203e+00
   1.7577797868937726e+01    4.7235401686006382e+00
   1.7957938357545700e+01    4.8069967952979598e+00
   1.8312868077445732e+01    4.9173250346051223e+00
   1.8727454255550430e+01    4.9753977418889477e+00
   2.7530247108536965e-01    7.9080677228915419e-01
   6.7169590069959118e-01    8.8409642361901852e-01
   1.0212106018165525e+00    9.7044400463204794e-01
   1.4277633925356084e+00    1.0601269774244431e+00
   1.7702457459611207e+00    1.1515971824431952e+00
   2.1712949291640307e+00    1.2455676161045035e+00
   2.5615935059009098e+00    1.2990408535211087e+00
   2.8666214002927308e+00    1.4572531215922246e+00
   3.1987496532752475e+00    1.5500223465891505e+00
   3.5846889369300303e+00    1.6820469018739448e+00
   3.9957972278885263e+00    1.7617923491016005e+00
   4.4044615349572851e+00    1.8178453761563751e+00
   4.7551164587999510e+00    1.9287328156041332e+00
   5.1382027825736669e+00    2.0142569890233779e+00
   5.4620459106856440e+00    2.1764069743214671e+00
   5.8646809880851967e+00    2.2103468507293464e+00
   6.2116644804821268e+00    2.3485216333444301e+00
   6.6413297729007335e+00    2.3462221582018263e+00
   7.0085709885791028e+00    2.4664544749816937e+00
   7.3808138306021123e+00    2.5943214649006165e+00
   7.7549096319760187e+00    2.6620813241670676e+00
   8.1524665096318891e+00    2.7142213141404476e+00
   8.4954549359372535e+00    2.8594893654379074e+00
   8.8804522174039757e+00    2.9573742000833914e+00
   9.2770121470739966e+00    3.0262892850061482e+00
   9.7024296616998686e+00    3.0722934660500765e+00
   1.0022146659157711e+01    3.1564765333481621e+00
   1.0359826256253742e+01    3.3361771546965406e+00
   1.0753890893310322e+01    3.4109507865975055e+00
   1.1144004758641875e+01    3.4227378292823105e+00
   1.1483620448210750e+01    3.6278770560509663e+00
   1.1886584875658265e+01    3.6840199058460947e+00
   1.2222651170606511e+01    3.7967143865844242e+00
   1.2651011467853804e+01    3.8672827165221499e+00
   1.2901083692400551e+01    4.0098933656183728e+00
   1.3429076438391258e+01    3.9940489070005420e+00
   1.3732146028179214e+01    4.1709774284184968e+00
   1.4119929568186189e+01    4.2486992336042579e+00
   1.4490721477440220e+01    4.3418248269137800e+00
   1.4875234898158107e+01    4.4340414114930127e+00
   1.5209245596770710e+01    4.5615746998646207e+00
   1.5667651373349175e+01    4.5825158033875661e+00
   1.6003926800057318e+01    4.6981134486188889e+00
   1.6358329144214999e+01    4.8232310053726692e+00
   1.6768493029918627e+01    4.8958379153351395e+00
   1.7112382931015105e+01    4.9960773008165180e+00
   2.2534355000879569e-01    1.1044710939394917e+00
   6.5001121036948106e-01    1.2514106405700987e+00
   9.3543332700962978e-01    1.3068581597374418e+00
   1.2918919169804688e+00    1.4586153357326279e+00
   1.6734019588247682e+00    1.5523035064658257e+00
   2.0419337512736133e+00    1.6461446941016071e+00
   2.4577914115098416e+00    1.7326112593954230e+00
   2.8464055683110212e+00    1.7804659967234415e+00
   3.1469946086251328e+00    1.9246158425829627e+00
   3.5465588913850166e+00    2.0101767114818170e+00
   3.8766405108216002e+00    2.1326553111957933e+00
   4.2823953534654686e+00    2.2268014285249662e+00
   4.6139778504919535e+00    2.3903170052465370e+00
   5.1078388644167880e+00    2.3765935453501306e+00
   5.4179889931278220e+00    2.4768761210862706e+00
   5.7622602674212304e+00    2.5802974917579218e+00
   6.1879613439302439e+00    2.6635073819472161e+00
   6.5064118602334258e+00    2.8116024789728860e+00
   6.8992541806063787e+00    2.8880935892150745e+00
   7.2841150717949059e+00    2.9709855601606727e+00
   7.6718024891296306e+00    3.0357385333749516e+00
   8.1358275451697004e+00    3.0522724773229304e+00
   8.4168876409221909e+00    3.2248741795345497e+00
   8.7159441091436580e+00    3.3346599752210078e+00
   9.1835510336801160e+00    3.3958545260771973e+00
   9.5021593730194933e+00    3.5365751956041569e+00
   9.8745087293549965e+00    3.6469654600140209e+00
   1.0291010866129570e+01    3.6031641768061857e+00
   1.0631031180190421e+01    3.7941473267055530e+00
   1.1034936051079962e+01    3.8791621798573694e+00
   1.1324837484247016e+01    4.0500484171080622e+00
   1.1783299765369305e+01    4.0673332869591281e+00
   1.2142785570038541e+01    4.2147596169873847e+00
   1.2536549499005579e+01    4.2536833240559861e+00
   1.2896910799365321e+01    4.3526175195227976e+00
   1.3298854248158927e+01    4.4162732654228796e+00
   1.3679677337635386e+01    4.4997191107934489e+00
   1.4069399568025265e+01    4.5929095219589886e+00
   1.4335774327681321e+01    4.7668168038716860e+00
   1.4778175679329959e+01    4.8139073659553073e+00
   1.5157063975288606e+01    4.8865075862993708e+00
   1.5540216740612129e+01    4.9812735000213095e+00
   4.5231129390330527e-01    1.6455264564548779e+00
   8.3833988071642995e-01    1.7308120767827859e+00
   1.2251344613109942e+00    1.7984916606283567e+00
   1.5675516721417309e+00    1.9577074364082252e+00
   1.9525494082427126e+00    2.0209362807375584e+00
   2.3566628263623883e+00    2.1061550698291520e+00
   2.7087804385170600e+00    2.1732646722073738e+00
   3.1144813095794142e+00    2.2459667955735734e+00
   3.4945000861010378e+00    2.3659512067858848e+00
   3.9056952771510698e+00    2.4549980163521306e+00
   4.2043663454150115e+00    2.5675027197605154e+00
   4.6414131446372444e+00    2.6312308824035431e+00
   4.9554631909838660e+00    2.6958987740633296e+00
   5.3311185827150478e+00    2.8407532380791030e+00
   5.7316040194347551e+00    2.9184848503753447e+00
   6.1184630931465804e+00    3.0244209979858923e+00
   6.4160195280989178e+00    3.1444138524059015e+00
   6.7765204661244294e+00    3.2607768419411487e+00
   7.1659997919236194e+00    3.4019033050196112e+00
   7.5459292003391507e+00    3.4227344519992315e+00
   7.9337341731041287e+00    3.5365381753857896e+00
   8.3153165017958717e+00    3.6048848375872335e+00
   8.6966364415714690e+00    3.6930855727944145e+00
   9.0619461111196031e+00    3.7918116107176001e+00
   9.3928256786313735e+00    3.9046743061323697e+00
   9.7956530663231796e+00    4.0058595257191492e+00
   1.0145335657377824e+01    4.1289524662147628e+00
   1.0563772587670210e+01    4.1617022400237698e+00
   1.0924835973223894e+01    4.2649837132386450e+00
   1.1328548598768933e+01    4.3265146284999618e+00
   1.1673248398326878e+01    4.4866357759360351e+00
   1.2045647764431054e+01    4.5464179080398948e+00
   1.2432318749454472e+01    4.6288665456336107e+00
   1.2826410015089177e+01    4.6979263990945075e+00
   1.3204329940072643e+01    4.7356422728280716e+00
   1.3566016174563417e+01    4.9037692048553918e+00
   3.8113674165288158e-01    2.0088434640385922e+00
   7.4375328773644100e-01    2.0882332573789193e+00
   1.0067041318278078e+00    2.2243123059479206e+00
   1.5296212759848928e+00    2.2800909937002696e+00
   1.8600660832479832e+00    2.3878654224698708e+00
   2.2225398741736990e+00    2.4899888123273728e+00
   2.6400286322416280e+00    2.5558537559954444e+00
   2.9975844495266637e+00    2.6544900361260280e+00
   3.3307447872286025e+00    2.7684068984957357e+00
   3.7195828838770266e+00    2.8714570927674443e+00
   4.1131019598208294e+00    2.9411164789226323e+00
   4.4692587375903505e+00    3.0587829048831559e+00
   4.8955711023366799e+00    3.1132706911262717e+00
   5.2167390325635035e+00    3.2592230968815095e+00
   5.5965082798237828e+00    3.3718207405223208e+00
   5.9965447327372248e+00    3.3751176182850342e+00
   6.3700384684545304e+00    3.4950182468978834e+00
   6.7283792442644499e+00    3.5997627331635229e+00
   7.1110247676485940e+00    3.6700347714588100e+00
   7.5405463306930827e+00    3.7342145807659151e+00
   7.8518402542561541e+00    3.8825868747950767e+00
   8.2347715477469912e+00    3.9727989769191141e+00
   8.5568994057412961e+00    4.1461341340886610e+00
   8.9840607674955102e+00    4.1537558826251644e+00
   9.3578974273408466e+00    4.2546597485523545e+00
   9.7783055218918964e+00    4.3354972922218380e+00
   1.0133190427843381e+01    4.4212722938574576e+00
   1.0389999033177896e+01    4.6007000047539446e+00
   1.0855797812312005e+01    4.6065546548670611e+00
   1.1226528021202087e+01    4.7141459959251240e+00
   1.1573069738993171e+01    4.8692909765351535e+00
   1.1974051961064264e+01    4.8921820064020167e+00
   2.8229619434898912e-01    2.3876417424136318e+00
   6.4880454609397054e-01    2.4745500823132947e+00
   9.7097052841841891e-01    2.5754900591903311e+00
   1.4357420939144714e+00    2.6449607721273503e+00
   1.7487058891169027e+00    2.7766994923577002e+00
   2.0919722268510261e+00    2.8892126389737829e+00
   2.4803338018465393e+00    2.9539840573494938e+00
   2.9188771271593206e+00    2.9486397017200776e+00
   3.2364344170358335e+00    3.1897759599782924e+00
   3.6835105779434549e+00    3.2163859630450040e+00
   4.0135177672567961e+00    3.3333682293910045e+00
   4.4238731838796603e+00    3.3569582919074890e+00
   4.7212590660365032e+00    3.5255497952014396e+00
   5.1315606409733565e+00    3.6240608560670902e+00
   5.5382178676768588e+00    3.6746558689272866e+00
   5.8900921206065808e+00    3.7671648482838673e+00
   6.2221686751788878e+00    3.9271701289312264e+00
   6.6135165477893416e+00    4.0046837116256109e+00
   7.0332628247523905e+00    4.0426846410406014e+00
   7.3846035319033678e+00    4.1272442104542550e+00
   7.8051973770237693e+00    4.1747503082521087e+00
   8.1308778770262791e+00    4.3488983514796935e+00
   8.5087744208191989e+00    4.4439011945991806e+00
   8.9110192271798621e+00    4.5144712781261980e+00
   9.2546746668933473e+00    4.6283259854977006e+00
   9.6219022435438983e+00    4.7297859990211668e+00
   1.0010597000504715e+01    4.8141961886063216e+00
   1.0771828812802932e+01    4.9577581923668257e+00
   1.5882677122213301e-01    2.7775373833000736e+00
   5.2840888571902767e-01    2.8672649751977639e+00
   9.8932710111733391e-01    2.9119922184990354e+00
   1.3252234277998500e+00    3.0316053883636522e+00
   1.6515913997522098e+00    3.1517783428986297e+00
   2.0021109075329537e+00    3.2308319017293314e+00
   2.4450773695675760e+00    3.2219010663131691e+00
   2.7674498207941101e+00    3.4394269334086727e+00
   3.1620569664191462e+00    3.5131135997401812e+00
   3.4970526626313196e+00    3.6057576704199259e+00
   3.9195927320738013e+00    3.7020256307912924e+00
   4.3091205738433791e+00    3.7645247871322862e+00
   4.6730887475838445e+00    3.8773427335462576e+00
   5.0491725346840592e+00    3.9670225888465800e+00
   5.4158846859785381e+00    4.0674207715804265e+00
   5.8166745328096257e+00    4.1572744270638191e+00
   6.1564406413710229e+00    4.2555006270912985e+00
   6.5396339340914942e+00    4.2898924099542617e+00
   6.8417396992468777e+00    4.4977490506465596e+00
   7.3042599158842023e+00    4.4971624425548216e+00
   7.6895715444682864e+00    4.5845400299592241e+00
   8.0590164373557673e+00    4.7205534812991887e+00
   8.4118775713698533e+00    4.8235639924947176e+00
   8.8067222309222029e+00    4.8796509222757853e+00
   9.1644921159962518e+00    4.9932403180823250e+00
   4.5808709744607590e-01    3.2306703766712985e+00
   8.6908159994390766e-01    3.3107173763092672e+00
   1.1732190606623742e+00    3.4287821268298693e+00
   1.5832120688317510e+00    3.5112986997716757e+00
   1.9073367454465722e+00    3.6652835186962838e+00
   2.3289510496388717e+00    3.6988544269277717e+00
   2.7154236192813945e+00    3.7683241656485191e+00
   3.0911365547204248e+00    3.8849132383068103e+00
   3.3773602565098466e+00    4.0057221612246821e+00
   3.7926700824619948e+00    4.1023231087180978e+00
   4.2446127134433409e+00    4.1406172772312049e+00
   4.5812970511950617e+00    4.2460833979639947e+00
   4.9566869365180262e+00    4.3203712856313334e+00
   5.3186436134461310e+00    4.4490405101770456e+00
   5.7081228093498195e+00    4.4767839814033037e+00
   6.0121410909442448e+00    4.6684116078410147e+00
   6.4451596357738845e+00    4.7212544623813555e+00
   6.8361327598580619e+00    4.8107519443954070e+00
   7.1982554432390540e+00    4.8607584007313189e+00
   3.5498261984364632e-01    3.6077503323843438e+00
   7.3202898457960530e-01    3.7079336030084082e+00
   1.1026737222286869e+00    3.7941143332477805e+00
   1.5149584767582367e+00    3.8453794770081715e+00
   1.9455432994428781e+00    3.9088897399448457e+00
   2.2761290433267689e+00    4.0142034932525670e+00
   2.6424245547952410e+00    4.1181660735376431e+00
   2.9873130925191065e+00    4.2535547924557271e+00
   3.3435334541373658e+00    4.3693823527274329e+00
   3.7351446898802374e+00    4.4451301359534634e+00
   4.1164755408780902e+00    4.5199387097447463e+00
   4.4725901026091215e+00    4.6498041419779739e+00
   4.8855655764760977e+00    4.7126757736739417e+00
   5.2214376126995452e+00    4.8267880638279763e+00
   5.6075218597357237e+00    4.9132992482270872e+00
   2.0607886485856247e-01    3.9963168175359072e+00
   6.1158552265954291e-01    4.1455447981913585e+00
   9.9024390357780567e-01    4.1866850421238722e+00
   1.3640479596518791e+00    4.2909556695944131e+00
   1.7233015761094281e+00    4.3673696868555458e+00
   2.1491254038688163e+00    4.4260101673831702e+00
   2.5237195493401430e+00    4.5296794436223768e+00
   2.8973424011874727e+00    4.6125162089791827e+00
   3.2228289022561887e+00    4.7796107964960743e+00
   3.6641567325199338e+00    4.8038985927071503e+00
   4.0182471326270592e+00    4.9056447010760662e+00
   2.2185600513194159e-01    4.3490452632936352e+00
   5.4943149867013186e-01    4.4466317929163823e+00
   9.0209804922066028e-01    4.5818997090166373e+00
   1.2459821050195008e+00    4.6852653545174832e+00
   1.6807709956601022e+00    4.7239006286215792e+00
   2.0341562580289629e+00    4.8488814054106566e+00
   2.4451406286775574e+00    4.9027192595043010e+00
   2.8267964132762700e+00    4.9345430732198725e+00
   4.3795498311607739e-01    4.8235915952891144e+00
   8.9611681593982850e-01    4.8865673382307699e+00
   1.2098099094440897e+00    4.9784404141522076e+00
