   3.0707057219985629e+01    2.2177112641605357e-01
   3.1069172899099780e+01    3.1847581114950752e-01
   3.1543779462240764e+01    3.4872140513327987e-01
   3.1874322625867872e+01    5.3908886765100605e-01
   2.9146139139200351e+01    2.0430218367110925e-01
   2.9592717063573065e+01    2.6509850383038136e-01
   2.9951836498782889e+01    3.8417348096738591e-01
   3.0335716760531589e+01    4.2334901032329231e-01
   3.0665639903098665e+01    5.7876499994254815e-01
   3.0977438557666456e+01    6.8679321607136867e-01
   3.1420729785919630e+01    7.3512379025852959e-01
   3.1751174483548084e+01    8.8568792399603813e-01
   2.7568690910284438e+01    2.5926330084205074e-01
   2.7894446558141251e+01    3.4823802250699842e-01
   2.8271390137573636e+01    4.2010929912091910e-01
   2.8682867855932106e+01    4.8145712329211865e-01
   2.9128936364887114e+01    5.0576752408919867e-01
   2.9514169972096806e+01    6.0296933622326709e-01
   2.9882489009126314e+01    6.9204127395318971e-01
   3.0228851926921145e+01    8.4918145266672918e-01
   3.0543049285154837e+01    1.0173862421608117e+00
   3.0953360698488122e+01    1.0414022790797162e+00
   3.1339288513469160e+01    1.1318768851932408e+00
   3.1708527915335427e+01    1.2175471598819039e+00
   2.5923012038929588e+01    2.7990740785435853e-01
   2.6378683905260420e+01    2.7481091567183946e-01
   2.6805026392484571e+01    3.3565701286632288e-01
   2.7122342290292149e+01    4.6355429619391619e-01
   2.7492083014480343e+01    5.7172683919747980e-01
   2.7867182716924194e+01    6.6283144785583337e-01
   2.8266570249420219e+01    6.9509601295534695e-01
   2.8669776823891535e+01    8.3599537171239136e-01
   2.8976337896640377e+01    9.6018923193023953e-01
   2.9374785730793061e+01    1.0093786634262301e+00
   2.9768595771447377e+01    1.1078437178882687e+00
   3.0178211628160014e+01    1.1335451869649991e+00
   3.0539501361888174e+01    1.3013161865252743e+00
   3.0913035499915022e+01    1.3752475606699917e+00
   3.1257461020503406e+01    1.4781960103475713e+00
   3.1603556416521062e+01    1.6092135642723184e+00
   2.4341091924978802e+01    2.8012250435553337e-01
   2.4701267059571478e+01    3.7189773840336715e-01
   2.5112919229105650e+01    4.0148371360792023e-01
   2.5489728373224803e+01    5.5620976681193190e-01
   2.5919921825190929e+01    5.5087070656422932e-01
   2.6336886662488229e+01    6.1069639926578556e-01
   2.6669509302114363e+01    7.3343593017196951e-01
   2.7039857458102492e+01    8.4963178848524235e-01
   2.7451806824098362e+01    9.0397449871914193e-01
   2.7714729025168630e+01    1.0751781848544995e+00
   2.8108550755850182e+01    1.1664096303083828e+00
   2.8519654842953475e+01    1.2320521007168774e+00
   2.8940578103320057e+01    1.2713772174597842e+00
   2.9281935890991395e+01    1.4122794088003514e+00
   2.9641789549835035e+01    1.5091749871824338e+00
   3.0086637350176563e+01    1.5664987892468925e+00
   3.0372012047022682e+01    1.7253091581212059e+00
   3.0740030740275472e+01    1.8681121928522768e+00
   3.1173140854037420e+01    1.8267617788904276e+00
   3.1516614087022361e+01    1.9691508068107089e+00
   3.1897989985243587e+01    2.0600893721206428e+00
   2.2833624695272462e+01    1.7392074707466970e-01
   2.3187918846931684e+01    2.9634313203805740e-01
   2.3514850241758754e+01    4.3309727907522011e-01
   2.3884956054489916e+01    5.2347481300102794e-01
   2.4366976792598233e+01    5.2428834897348986e-01
   2.4740679087170733e+01    6.6785586652426732e-01
   2.5157731599672321e+01    6.8972700825325828e-01
   2.5390798820026635e+01    8.9174533641750142e-01
   2.5822377540220437e+01    9.0140309738162283e-01
   2.6136798357820943e+01    1.0486766233366305e+00
   2.6545623788845738e+01    1.1462520667258753e+00
   2.6917158032982066e+01    1.3023151443143843e+00
   2.7369891655928328e+01    1.3174076888646287e+00
   2.7676927523629590e+01    1.4452911015252878e+00
   2.8075763376763284e+01    1.4153628782925276e+00
   2.8423282258405351e+01    1.6021169983527044e+00
   2.8831933687870880e+01    1.6691687914679976e+00
   2.9190189859530832e+01    1.7756341858400588e+00
   2.9593719708216920e+01    1.8798397181004876e+00
   2.9912849358712080e+01    2.0142992206988208e+00
   3.0348822180297987e+01    2.0459713262255961e+00
   3.0658411869334270e+01    2.1811742246329646e+00
   3.1043265550658734e+01    2.3087634532620216e+00
   3.1390740819506878e+01    2.3816054967147515e+00
   3.1813967464855732e+01    2.4374903013878852e+00
   2.1266383208984418e+01    1.9444257190590619e-01
   2.1659241411651720e+01    2.3741626754615547e-01
   2.2008014723139688e+01    3.3956521827628761e-01
   2.2384907495915233e+01    4.0089188349818683e-01
   2.2634162256678827e+01    6.5602654811580152e-01
   2.3174875923849363e+01    6.3345413963747443e-01
   2.3471866910838365e+01    7.6633472421077498e-01
   2.3905057505941684e+01    8.0933882741033536e-01
   2.4201986895479465e+01    1.0067154504132514e+00
   2.4561959253061215e+01    1.0690828697678001e+00
   2.4986343660723037e+01    1.1306296492102579e+00
   2.5389559227523002e+01    1.1920159605480556e+00
   2.5701374967515211e+01    1.3756785629819190e+00
   2.6077730898270683e+01    1.4200704072995318e+00
   2.6483992616398950e+01    1.4956079462250744e+00
   2.6811787274775892e+01    1.6132276498559071e+00
   2.7185555662963925e+01    1.7677156761207005e+00
   2.7587250177373683e+01    1.7869482887788419e+00
   2.8019933605141453e+01    1.8600409933925359e+00
   2.8278249036247175e+01    2.0031360989579778e+00
   2.8722834260592290e+01    2.0455687846338280e+00
   2.9078905296391650e+01    2.1664946078140730e+00
   2.9341644953190432e+01    2.3309151106830752e+00
   2.9891838782834363e+01    2.3161935896127002e+00
   3.0175752226275765e+01    2.4886516156706704e+00
   3.0533286763562007e+01    2.5684957156689618e+00
   3.1007401446326138e+01    2.6181200161781972e+00
   3.1321658153928883e+01    2.7385592194938488e+00
   3.1710829951468401e+01    2.8149047641097371e+00
   1.9636304678978362e+01    1.9253654893410344e-01
   1.9971007244219955e+01    3.2002759931902003e-01
   2.0451908437412040e+01    3.6544542786948364e-01
   2.0758778846266249e+01    4.7154672285473176e-01
   2.1180486687307059e+01    5.3420805647102376e-01
   2.1490452255680680e+01    6.7629413283927398e-01
   2.1773120711221257e+01    8.6017538374412705e-01
   2.2273904392662619e+01    8.2833606586620867e-01
   2.2642111025584072e+01    9.2802416694717660e-01
   2.2965860934536746e+01    1.0519514046207170e+00
   2.3416011960696331e+01    1.1154066259713828e+00
   2.3738496649008731e+01    1.3151211195369221e+00
   2.4131121950364143e+01    1.3230121127306285e+00
   2.4467273179750354e+01    1.4291932595942392e+00
   2.4955499074239764e+01    1.4642692312827918e+00
   2.5219628495430548e+01    1.6363306956475421e+00
   2.5600211719881770e+01    1.7208797618391740e+00
   2.5969478098733973e+01    1.8164733859184721e+00
   2.6378666819835999e+01    1.8782795490806783e+00
   2.6673798193261330e+01    2.0348528513964728e+00
   2.7130609837247842e+01    2.0574119512284064e+00
   2.7489718032046859e+01    2.1672111615221046e+00
   2.7863216650375563e+01    2.2613797712811188e+00
   2.8322537154053876e+01    2.2987755389517193e+00
   2.8701141616586888e+01    2.3934682665857747e+00
   2.9022213160452818e+01    2.4707785981419241e+00
   2.9378783720108377e+01    2.6092479149677401e+00
   2.9739032591795940e+01    2.7249990576679024e+00
   3.0062711461352322e+01    2.8455636140448575e+00
   3.0478895314906854e+01    2.9648020717166177e+00
   3.0832681399997661e+01    3.0535665167685435e+00
   3.1243605190911634e+01    3.0907515941790047e+00
   3.1588348140701168e+01    3.2143092921069023e+00
   1.8114141736184862e+01    1.6560710544234625e-01
   1.8474109597602283e+01    2.9230166481374653e-01
   1.8822251198002981e+01    2.7118594163718840e-01
   1.9164232603665813e+01    4.9275270203389410e-01
   1.9545291522302325e+01    5.6752022785761380e-01
   1.9967290265174778e+01    6.3622624975033715e-01
   2.0267341791217913e+01    7.7420921648141883e-01
   2.0648879551354739e+01    8.5673824596636527e-01
   2.1001260135478422e+01    9.7890015464207403e-01
   2.1412765730055689e+01    1.0393904703537402e+00
   2.1798884182403992e+01    1.1316313496596044e+00
   2.2142904148970512e+01    1.2357126079381671e+00
   2.2471104810985747e+01    1.3361976091836045e+00
   2.2921959037245326e+01    1.4004880829804085e+00
   2.3331459792151314e+01    1.4841416031623413e+00
   2.3609342080770894e+01    1.6456557404518195e+00
   2.4040749047487591e+01    1.6859971252164767e+00
   2.4394948779696040e+01    1.8204839195322460e+00
   2.4831872090419662e+01    1.7925649871734413e+00
   2.5157634032906525e+01    1.9506971096597483e+00
   2.5509137415370947e+01    2.0891170136396631e+00
   2.5869112470651288e+01    2.2188284318288058e+00
   2.6235662267020004e+01    2.3206616079462599e+00
   2.6615851177860169e+01    2.4711626155366844e+00
   2.7016098826591033e+01    2.5020309867292201e+00
   2.7431281833967439e+01    2.4961941561294050e+00
   2.7740976733248868e+01    2.6425828369458007e+00
   2.8156792350945409e+01    2.7117551110787379e+00
   2.8588604422067533e+01    2.8023062868706696e+00
   2.8930731953070836e+01    2.9062785581260617e+00
   2.9353127707252941e+01    2.9279133814582772e+00
   2.9586513256041268e+01    3.2026724095314276e+00
   3.0045542408271501e+01    3.1528139038226479e+00
   3.0366453439071130e+01    3.3110793375811087e+00
   3.0738403128790829e+01    3.3919620515378326e+00
   3.1241169618698290e+01    3.4644586996473299e+00
   3.1469789233305068e+01    3.5955558806422232e+00
   3.1873563673330285e+01    3.7296749336780781e+00
   1.6442384662144722e+01    2.3544727129685578e-01
   1.6832203008113780e+01    2.7455886519610029e-01
   1.7203046641410214e+01    3.9016461992673956e-01
   1.7664811260014083e+01    4.2090197289092590e-01
   1.7951312695639349e+01    5.7444706357406405e-01
   1.8286904152567441e+01    7.0265235663855086e-01
   1.8698860712426232e+01    7.6475639068710399e-01
   1.9028936274963829e+01    8.6829878367164892e-01
   1.9421220317447187e+01    9.9376092192150789e-01
   1.9831904013186353e+01    9.8825091750627447e-01
   2.0160282723308743e+01    1.1657522910844749e+00
   2.0517973277496967e+01    1.2656541847789642e+00
   2.1034075840400554e+01    1.2319815558986620e+00
   2.1341449370042415e+01    1.3938918502265709e+00
   2.1704172480956498e+01    1.5027640863219578e+00
   2.2157434852827052e+01    1.5360842159193981e+00
   2.2525012472359830e+01    1.6539406426017955e+00
   2.2823602744998240e+01    1.7885357045544437e+00
   2.3189613451264727e+01    1.9467104956401684e+00
   2.3625660009945516e+01    1.9346565938238078e+00
   2.3916857689205340e+01    2.0942402130382560e+00
   2.4237106435000303e+01    2.2446236908932979e+00
   2.4589796355229357e+01    2.3367206030175649e+00
   2.5056852060007607e+01    2.3823760043946502e+00
   2.5422199132420133e+01    2.4571574683277686e+00
   2.5868096337514466e+01    2.5353090322286049e+00
   2.6167756247645137e+01    2.6754721440778866e+00
   2.6553848622240366e+01    2.7327673505372556e+00
   2.6972347101187978e+01    2.8053911052121423e+00
   2.7297939088663462e+01    2.9189252342466632e+00
   2.7725718100388558e+01    2.9650636585568839e+00
   2.8023354286957794e+01    3.1561725385713437e+00
   2.8427048695258073e+01    3.1947134792948124e+00
   2.8850476319152133e+01    3.2278837517353933e+00
   2.9160438290594296e+01    3.4079897533054537e+00
   2.9498644716692191e+01    3.5151457135557647e+00
   2.9921400164020074e+01    3.5647197469478775e+00
   3.0338851036680605e+01    3.6200909547704843e+00
   3.0679300599158857e+01    3.7420588989173327e+00
   3.1125664056493406e+01    3.7436116942276536e+00
   3.1380521937235343e+01    3.9827913150930931e+00
   3.1771965646606880e+01    4.0417077934454104e+00
   1.4812548475395639e+01    2.4651985377674218e-01
   1.5276196537234085e+01    2.9892553998583715e-01
   1.5616986459351528e+01    3.8389184123424214e-01
   1.5965722003059192e+01    4.8877467568816968e-01
   1.6336978384240403e+01    6.0757161002348803e-01
   1.6716840423934343e+01    7.0566959763026071e-01
   1.7136499812509950e+01    7.5602456980349975e-01
   1.7503907926647777e+01    8.4937604665859479e-01
   1.7818563444025902e+01    1.0039384394812776e+00
   1.8204705726045113e+01    1.0809398395868475e+00
   1.8585240391921651e+01    1.1800326485115538e+00
   1.8988553075870975e+01    1.2050838373423622e+00
   1.9391367135196965e+01    1.2983180991935770e+00
   1.9728433334022746e+01    1.4024524571727850e+00
   2.0091499502274608e+01    1.5647020770220914e+00
   2.0498330884422501e+01    1.5986811195009529e+00
   2.0771931026141598e+01    1.7290953331353012e+00
   2.1225798132113496e+01    1.7905426574229515e+00
   2.1531918580758756e+01    1.9321144175543834e+00
   2.1979196108300009e+01    1.9677864457471319e+00
   2.2381413526620442e+01    2.0229787511913577e+00
   2.2729126192944801e+01    2.0999290748702273e+00
   2.3088642189847839e+01    2.2703725495419849e+00
   2.3423561020593333e+01    2.4269590705808866e+00
   2.3813932394774017e+01    2.4663324311669701e+00
   2.4209614188635673e+01    2.5468827436953525e+00
   2.4554643544092535e+01    2.6538503596222056e+00
   2.4993398592161025e+01    2.7069802744918299e+00
   2.5442150411983537e+01    2.7347605901045808e+00
   2.5759055360372066e+01    2.9017569904754241e+00
   2.6152526390236488e+01    2.9948493533806300e+00
   2.6398132513652602e+01    3.1283078299542653e+00
   2.6798311820685772e+01    3.1990420715727406e+00
   2.7147238001760698e+01    3.3289679568000525e+00
   2.7579474061178409e+01    3.3885620970390149e+00
   2.7968875163098360e+01    3.4122916383673081e+00
   2.8372630269616987e+01    3.5226485079218910e+00
   2.8714897631330714e+01    3.6596200624886897e+00
   2.9131882251751033e+01    3.6591479202732140e+00
   2.9457248981393970e+01    3.8631105247753132e+00
   2.9815145459908152e+01    3.9517565408589923e+00
   3.0210953146370830e+01    4.0313025002010781e+00
   3.0560627938805407e+01    4.1313001172339865e+00
   3.0929918596944944e+01    4.2258693801957534e+00
   3.1267941129922061e+01    4.3391493410611393e+00
   3.1721043887959183e+01    4.3509864827955260e+00
   1.3305471512752471e+01    2.0439698079967888e-01
   1.3686461190458420e+01    2.4766403317729557e-01
   1.3994218242916967e+01    4.0430047063250252e-01
   1.4298717374707637e+01    5.4915987107798248e-01
   1.4788052472935339e+01    5.5518590027247672e-01
   1.5091644278765784e+01    7.1235422497467316e-01
   1.5565125451976918e+01    7.2247599009684749e-01
   1.5898255258938601e+01    8.3520912745736531e-01
   1.6262390165449855e+01    9.5848873762193387e-01
   1.6676332681089761e+01    1.0176360040889108e+00
   1.6990930647564564e+01    1.1551415231306164e+00
   1.7473433824104657e+01    1.1868517561308438e+00
   1.7812175293756894e+01    1.3013559326178827e+00
   1.8027393640984876e+01    1.4395889760085661e+00
   1.8530196999439777e+01    1.5107766108372938e+00
   1.8923235498296403e+01    1.5874409335036270e+00
   1.9226835397222629e+01    1.7264202052868689e+00
   1.9668564657990270e+01    1.7312925636779255e+00
   2.0028998322031473e+01    1.8819120451982405e+00
   2.0293154270591756e+01    2.0859737901236448e+00
   2.0737780410032205e+01    2.0762595573356357e+00
   2.1149304438883188e+01    2.1271011493734684e+00
   2.1525124876467888e+01    2.2610543389074769e+00
   2.1898440051292241e+01    2.3431620328337885e+00
   2.2249948379537415e+01    2.4495527009548144e+00
   2.2601991301720503e+01    2.5756801816010753e+00
   2.3047145290852377e+01    2.6228167993524716e+00
   2.3330800204845247e+01    2.7425272193931347e+00
   2.3665187139351421e+01    2.8936045003647375e+00
   2.4103202118772472e+01    2.9202527717244409e+00
   2.4424164855461804e+01    3.0848020897012751e+00
   2.4967627027882514e+01    3.0689809866842586e+00
   2.5176867275027675e+01    3.2674238300945451e+00
   2.5651881640272684e+01    3.2756869258475585e+00
   2.6016100625056765e+01    3.3756303191387418e+00
   2.6375237145691010e+01    3.4697331949753654e+00
   2.6769897411018661e+01    3.5630972161289196e+00
   2.7087167447950151e+01    3.6808768033630499e+00
   2.7467763261661478e+01    3.7600613610169153e+00
   2.7886458672606398e+01    3.8260466189933360e+00
   2.8241369248394196e+01    3.9447856876938272e+00
   2.8580005058184859e+01    4.0761083063678365e+00
   2.8998299411272246e+01    4.1187925074758711e+00
   2.9387508976592070e+01    4.1686485852559167e+00
   2.9713233151298628e+01    4.3481335316481502e+00
   3.0072635844860748e+01    4.4949269122151874e+00
   3.0511859842868049e+01    4.4937354286698001e+00
   3.0898575835454775e+01    4.5903319222011696e+00
   3.1179847782356870e+01    4.8043682278288378e+00
   3.1561775809556867e+01    4.8226968416883542e+00
   1.1714190834299259e+01    1.8674472943531784e-01
   1.2072662821846682e+01    2.9954331296370973e-01
   1.2460201162887939e+01    3.5560103112434693e-01
   1.2899546107715508e+01    4.2772319370744727e-01
   1.3188128368189098e+01    5.7456144599442127e-01
   1.3514010807879798e+01    7.6185173365002234e-01
   1.3928727113399558e+01    7.6756015379679510e-01
   1.4297126182154004e+01    9.1127253776203443e-01
   1.4757018148317671e+01    9.2941348172274141e-01
   1.4991149610767053e+01    1.0523408174126643e+00
   1.5442350041679443e+01    1.0769568674603684e+00
   1.5738821272072794e+01    1.2754828449489732e+00
   1.6180834240809165e+01    1.2881023192754253e+00
   1.6552184591824716e+01    1.3833425898006400e+00
   1.6893795963163825e+01    1.5440740797665502e+00
   1.7297096507469476e+01    1.6100337096063340e+00
   1.7669009778258168e+01    1.7009308652428603e+00
   1.7981613695856066e+01    1.8698489712066626e+00
   1.8372217072115777e+01    1.9374504204103471e+00
   1.8771450835791985e+01    2.0466377477014350e+00
   1.9186530881005414e+01    2.0689711400843933e+00
   1.9515109220823714e+01    2.1746300574619779e+00
   1.9844433024686637e+01    2.3254963334419401e+00
   2.0318410574438946e+01    2.3174905981347305e+00
   2.0615651098547829e+01    2.4760180683498896e+00
   2.1002035723824005e+01    2.5474143701648115e+00
   2.1398648223700359e+01    2.6687781197500402e+00
   2.1721731801100482e+01    2.7555380398621927e+00
   2.2150356091718155e+01    2.8292146163747698e+00
   2.2514937017730173e+01    2.9920339452053444e+00
   2.2836012608143992e+01    3.0851454168089196e+00
   2.3241215029957942e+01    3.1478968985198716e+00
   2.3635596533097615e+01    3.2327917197478819e+00
   2.4017675631418840e+01    3.2971846161679461e+00
   2.4468185451491333e+01    3.3055432104511633e+00
   2.4796048901182402e+01    3.3813558247099391e+00
   2.5235752190306449e+01    3.5086207000447907e+00
   2.5607153797595270e+01    3.6221300552138960e+00
   2.5917298313308915e+01    3.7229157149675602e+00
   2.6255667500555276e+01    3.8777409085948764e+00
   2.6660359158102224e+01    3.9339251578118692e+00
   2.7117463952002545e+01    3.9452357987041240e+00
   2.7380074568885284e+01    4.1616303425187953e+00
   2.7814726867009757e+01    4.1759298086442440e+00
   2.8230819898044977e+01    4.2673223516657925e+00
   2.8530257248041696e+01    4.4035706982013636e+00
   2.8853326887332418e+01    4.5491344677495613e+00
   2.9220053382958998e+01    4.6502599476026996e+00
   2.9653283544308351e+01    4.6712606319189085e+00
   2.9976778071127519e+01    4.8013193788019430e+00
   3.0373548835988018e+01    4.9316231666405370e+00
   3.0755944014661093e+01    5.0004207754005048e+00
   1.0108665408040402e+01    2.0519456438112554e-01
   1.0422717090550051e+01    3.2066860397794550e-01
   1.0838448180357338e+01    3.9896532204776025e-01
   1.1186222444132911e+01    4.9956605456285164e-01
   1.1602177892539874e+01    5.7078979359108661e-01
   1.2055704638872578e+01    6.4995133088362234e-01
   1.2345286396674997e+01    7.6203535700094172e-01
   1.2702933338069293e+01    9.1102677742018201e-01
   1.3078761419133336e+01    9.6158034517153335e-01
   1.3467166171039485e+01    9.8296383291813683e-01
   1.3890820851231814e+01    1.0711370323616911e+00
   1.4173562594250845e+01    1.2764719561382176e+00
   1.4583452267370705e+01    1.3277133021459384e+00
   1.4937404710541438e+01    1.4802088981529846e+00
   1.5318103936032170e+01    1.5233673546737270e+00
   1.5683523396690282e+01    1.6219388333452720e+00
   1.6080038329800846e+01    1.6104368356994638e+00
   1.6522246432068801e+01    1.7115707683415269e+00
   1.6842870607584672e+01    1.8719603699723757e+00
   1.7195460712965769e+01    1.9938887478731884e+00
   1.7630181352787936e+01    2.0503956868035869e+00
   1.7925395455636796e+01    2.2374752392374053e+00
   1.8275894394991631e+01    2.3253446328577079e+00
   1.8671551909565949e+01    2.4270780390888520e+00
   1.9050214372618719e+01    2.4557322741609124e+00
   1.9403077844790609e+01    2.5984597733313701e+00
   1.9747185036944984e+01    2.7492119816224765e+00
   2.0185129876202613e+01    2.7429328633382855e+00
   2.0572543223875712e+01    2.8249368757153261e+00
   2.0897387499224411e+01    2.9263085205651049e+00
   2.1325126045470611e+01    3.0081382616130172e+00
   2.1625674397671347e+01    3.1203903993143443e+00
   2.2119637397835909e+01    3.1883879156331720e+00
   2.2394986097859917e+01    3.3495403365029284e+00
   2.2748437218708720e+01    3.4087190761201609e+00
   2.3111263291785779e+01    3.5477434893931976e+00
   2.3542181075824214e+01    3.5720112215908597e+00
   2.3930583130031767e+01    3.7119794247167732e+00
   2.4270477865832660e+01    3.7723277065975007e+00
   2.4706397632679561e+01    3.8485211459743685e+00
   2.4972237844394947e+01    3.9454829078952733e+00
   2.5489633953774039e+01    4.0284306202019051e+00
   2.5773073951112305e+01    4.1758033315418599e+00
   2.6125025601159649e+01    4.2598117789353891e+00
   2.6600648297437456e+01    4.3090808824631690e+00
   2.6945554457991886e+01    4.3850974876972435e+00
   2.7307296955467290e+01    4.5051107244050081e+00
   2.7689547807265622e+01    4.5924837864457819e+00
   2.8103990745994590e+01    4.6253687322984751e+00
   2.8472686561594305e+01    4.7371865405262756e+00
   2.8810672226023978e+01    4.8631587236568468e+00
   2.9168530037524988e+01    4.9998209870799215e+00
   8.5395278892576751e+00    1.9819220209639071e-01
   8.8060101532382724e+00    3.5566487665772240e-01
   9.2793712788620013e+00    3.7933884539499263e-01
   9.6184040999623210e+00    5.3143306881299479e-01
   1.0005274760601731e+01    5.6885891582291070e-01
   1.0316637287230265e+01    6.7699490501053461e-01
   1.0749682656225973e+01    7.6585165631599594e-01
   1.1143355563868464e+01    8.5805180037310091e-01
   1.1488467648748852e+01    9.9616457136816494e-01
   1.1880819133697043e+01    1.0293668564987200e+00
   1.2182103058380894e+01    1.1710185584318009e+00
   1.2609376701236176e+01    1.3301817413204784e+00
   1.3077427856795369e+01    1.3178026769003353e+00
   1.3370629926110036e+01    1.4000540682383849e+00
   1.3716527041281083e+01    1.5301796730848902e+00
   1.4121052340748108e+01    1.5408131466685762e+00
   1.4459415233364417e+01    1.7454581340298581e+00
   1.4906467053456696e+01    1.7579184441393036e+00
   1.5239159383629824e+01    1.8832665147003083e+00
   1.5698309932296757e+01    1.9710276856453750e+00
   1.6058659967681571e+01    1.9983837881543245e+00
   1.6362129477842451e+01    2.1564020677599931e+00
   1.6768343087012472e+01    2.2316123758461650e+00
   1.7188020909861798e+01    2.3211618062271064e+00
   1.7499982775194482e+01    2.4407545166858142e+00
   1.7857044315994024e+01    2.5427716758473333e+00
   1.8207255950448673e+01    2.6875991535261261e+00
   1.8627346970799213e+01    2.6615518844513737e+00
   1.8991976905002343e+01    2.7975497496725534e+00
   1.9354290864963097e+01    2.9158424841407786e+00
   1.9679372537788016e+01    3.0237408960056169e+00
   2.0010450744969468e+01    3.1262563650589672e+00
   2.0476794257319082e+01    3.2451161108098669e+00
   2.0843000097117148e+01    3.3036797751478204e+00
   2.1228596994404072e+01    3.3799252801075395e+00
   2.1544776711487430e+01    3.5311396041676835e+00
   2.1970130941793556e+01    3.5880933719084238e+00
   2.2287142449276519e+01    3.7394483359885671e+00
   2.2722037989890826e+01    3.7610503373212301e+00
   2.3067505721369098e+01    3.8888790766237311e+00
   2.3457364982433486e+01    3.9609260183777208e+00
   2.3842139980882308e+01    4.0385638055814566e+00
   2.4216713632100458e+01    4.1525926925379943e+00
   2.4566147879743788e+01    4.3104767616386450e+00
   2.5026076264838466e+01    4.2444301310192261e+00
   2.5364760183587382e+01    4.3871070933027019e+00
   2.5747720979732190e+01    4.4284425799990013e+00
   2.6115794526189706e+01    4.5814119818023222e+00
   2.6461855751358517e+01    4.6962219873865587e+00
   2.6848305121400934e+01    4.7712737607187297e+00
   2.7143597007892566e+01    4.8799303158115794e+00
   2.7602366281824974e+01    4.9330228225940438e+00
   6.9243932606093734e+00    1.9725026915937927e-01
   7.2636913554047036e+00    3.3240677164710697e-01
   7.6052357338954133e+00    4.5234846089201219e-01
   8.0391349244959134e+00    4.8563455452553339e-01
   8.2994309159855728e+00    5.9019510392084429e-01
   8.8033897886712840e+00    6.6658727376075388e-01
   9.1582607982130426e+00    7.4242016572062286e-01
   9.5328762637593876e+00    8.3654026186660069e-01
   9.9468731829875932e+00    9.0324135416476115e-01
   1.0263605928282582e+01    1.0892915547386515e+00
   1.0683421333760169e+01    1.1121710512401861e+00
   1.1037870153472072e+01    1.1938176635152540e+00
   1.1327254529660747e+01    1.3447640611434375e+00
   1.1775543694174500e+01    1.3756588248205446e+00
   1.2160335328431316e+01    1.4941938575840938e+00
   1.2504204223876611e+01    1.6958267295809937e+00
   1.2975278600326062e+01    1.6880272333312440e+00
   1.3300297326850464e+01    1.7724354346946611e+00
   1.3645158525761673e+01    1.8915734030938198e+00
   1.4044622043434744e+01    1.9482181494606943e+00
   1.4292622374352440e+01    2.1312239522103682e+00
   1.4759797227485231e+01    2.1795615404138720e+00
   1.5142251305910927e+01    2.2599543972676899e+00
   1.5602831634832325e+01    2.3043309546266069e+00
   1.5886446083346296e+01    2.4870825442455033e+00
   1.6275454220504489e+01    2.5128417890337742e+00
   1.6533282717014114e+01    2.7222930861322197e+00
   1.6997762119635738e+01    2.7468810801145533e+00
   1.7393549573358968e+01    2.8230909304911971e+00
   1.7688339238295811e+01    2.9961979329074353e+00
   1.8053909320458718e+01    3.0980719791585787e+00
   1.8515211733370265e+01    3.0898430542544149e+00
   1.8965852391824534e+01    3.0935377772861963e+00
   1.9241673638718812e+01    3.3744695893573184e+00
   1.9647700207453020e+01    3.3585256960926624e+00
   2.0017552886132840e+01    3.4649856501058940e+00
   2.0432094740476899e+01    3.4871066436862703e+00
   2.0834902505172838e+01    3.6235960745527978e+00
   2.1148255483746816e+01    3.7456462085834565e+00
   2.1478851252496494e+01    3.9054795447643600e+00
   2.1930300770912336e+01    3.8892239773888888e+00
   2.2180031225861217e+01    4.1185463874408725e+00
   2.2612728591738389e+01    4.2183378103779656e+00
   2.2984471907515701e+01    4.2492564486876230e+00
   2.3364791207121204e+01    4.4110181447846832e+00
   2.3785079609085489e+01    4.4084728661618762e+00
   2.4214850871221760e+01    4.4617204906134562e+00
   2.4458984500822350e+01    4.6202768262035638e+00
   2.4811453209766746e+01    4.7142255285655796e+00
   2.5182084174490740e+01    4.8308510853031263e+00
   2.5606482520261963e+01    4.9025055568734306e+00
   2.5930555253812972e+01    5.0606738734825312e+00
   5.3279914509931574e+00    2.0926353014643118e-01
   5.6168290936002494e+00    3.5490291169003640e-01
   6.0725378284785245e+00    3.9393519325063697e-01
   6.4003913866080842e+00    5.2013632106849572e-01
   6.8123389541382249e+00    6.2868411394639145e-01
   7.2261119643831844e+00    6.3123658643211389e-01
   7.5549699656223277e+00    8.2722821097721455e-01
   7.9216290187840759e+00    8.7769495779550377e-01
   8.2540619202758112e+00    1.0298531616318110e+00
   8.6630784382842982e+00    1.0852284160023074e+00
   9.0807284910243062e+00    1.1064823692547878e+00
   9.3620885627471200e+00    1.3544679527535051e+00
   9.7978397234319399e+00    1.3449023181963458e+00
   1.0169027313299026e+01    1.4416897188648354e+00
   1.0510621149597279e+01    1.5708292249521925e+00
   1.0862791762847115e+01    1.6195592383777389e+00
   1.1296654534516604e+01    1.7214137712757238e+00
   1.1692143892545269e+01    1.7775972111831388e+00
   1.2051452166656626e+01    1.9004333196989638e+00
   1.2396249520034459e+01    2.0015543483494223e+00
   1.2839522763630345e+01    2.0449619373352581e+00
   1.3200926699932287e+01    2.1470520242820839e+00
   1.3560175624674589e+01    2.2472314662001835e+00
   1.3940798415371846e+01    2.3350751867222064e+00
   1.4348741698956621e+01    2.4147461394324492e+00
   1.4628989869242551e+01    2.5723941599061830e+00
   1.5084529997958741e+01    2.6366014996246694e+00
   1.5422992255806571e+01    2.7406596476186156e+00
   1.5835266244866503e+01    2.8001352689660441e+00
   1.6200683007826022e+01    2.8970411885260674e+00
   1.6589962713309276e+01    2.9105721252839194e+00
   1.6923676572016412e+01    3.1098227945379788e+00
   1.7283317112671181e+01    3.2524982281255852e+00
   1.7733603473376860e+01    3.2711395502137117e+00
   1.8034218818425998e+01    3.4121853940043740e+00
   1.8479982937056395e+01    3.4311637485700937e+00
   1.8804266540714114e+01    3.5186535759983149e+00
   1.9247305534148818e+01    3.6535040650461084e+00
   1.9532557935325372e+01    3.7704494339518946e+00
   1.9865157644513467e+01    3.8578244293433261e+00
   2.0291884553787163e+01    3.9468604876819575e+00
   2.0681333764665364e+01    4.0217438346986185e+00
   2.1025641485748508e+01    4.1740729827024552e+00
   2.1508935537592876e+01    4.1329056525518064e+00
   2.1802118273400961e+01    4.3003027960486895e+00
   2.2149092219927180e+01    4.4743924801391914e+00
   2.2479226682217401e+01    4.6364221026682122e+00
   2.2923269219528819e+01    4.5672220872014071e+00
   2.3186390151062128e+01    4.7660514658584745e+00
   2.3692625881360613e+01    4.7681471280490602e+00
   2.4066014793279852e+01    4.8738811763324694e+00
   2.4450294314420365e+01    4.9471304373878633e+00
   3.8297295781968406e+00    1.1145251472368831e-01
   4.1583710891238681e+00    2.2615907705536320e-01
   4.3525040892614504e+00    5.0208053446005130e-01
   4.8567026075055368e+00    4.2172193837836858e-01
   5.2314763380360212e+00    5.8858615151813898e-01
   5.5923731070024152e+00    6.9699478811026228e-01
   6.0142230268358068e+00    7.2947534894381516e-01
   6.4100091317097387e+00    8.0251266081305950e-01
   6.7130380177670421e+00    9.7049489017319235e-01
   7.0297550264869040e+00    1.0893331442586320e+00
   7.4255244955528434e+00    1.2420368677121538e+00
   7.8776610278771173e+00    1.1777353783127604e+00
   8.2075625888554473e+00    1.3407586081953475e+00
   8.6041323751707424e+00    1.3738265029743115e+00
   9.0223997512721894e+00    1.5215892565692200e+00
   9.3530180008434805e+00    1.6149394744983046e+00
   9.7453146325869398e+00    1.6768663596725624e+00
   1.0095055968253481e+01    1.7884262679148408e+00
   1.0513194754055315e+01    1.8486036505896810e+00
   1.0879866396477166e+01    1.9806932699354172e+00
   1.1234499109309846e+01    1.9867174107408960e+00
   1.1532630323570961e+01    2.2598683406825626e+00
   1.2009591527967491e+01    2.2265492002412732e+00
   1.2364275047457014e+01    2.3564585845455230e+00
   1.2776121001673472e+01    2.4446567377010662e+00
   1.3067180199072173e+01    2.5537583681001728e+00
   1.3433845546863971e+01    2.6851794527728385e+00
   1.3831833873022923e+01    2.7908641331719903e+00
   1.4136710233000228e+01    2.8629273510408262e+00
   1.4583702703723453e+01    2.9179675512460310e+00
   1.4878040504145913e+01    3.0362966147219801e+00
   1.5335600759492078e+01    3.0878365510023391e+00
   1.5742546344213752e+01    3.1878345277283939e+00
   1.6056697391954923e+01    3.2957000726320369e+00
   1.6463912746535929e+01    3.3712089709908466e+00
   1.6815341492672601e+01    3.4833255043762157e+00
   1.7188333393282189e+01    3.5988892019857848e+00
   1.7532660447871919e+01    3.7041528615578039e+00
   1.7902049122393684e+01    3.8501154858430260e+00
   1.8343732971901670e+01    3.8349287466502315e+00
   1.8766065779783265e+01    3.8844919442863284e+00
   1.8982911738495890e+01    4.0672124654097574e+00
   1.9458378417871714e+01    4.1090894701370244e+00
   1.9814951675225863e+01    4.2479877210391797e+00
   2.0194003506108942e+01    4.3436196974001460e+00
   2.0531680284049678e+01    4.4627973219686270e+00
   2.0911554913003716e+01    4.5320220663392048e+00
   2.1405332671198199e+01    4.5075220173310129e+00
   2.1713642302251952e+01    4.6635861290373173e+00
   2.2096682680505261e+01    4.7666260756588539e+00
   2.2522516201928134e+01    4.8431809167239415e+00
   2.2839034929801386e+01    4.9681266255397505e+00
   2.1724669689288070e+00    1.9959032935402715e-01
   2.5025745891180233e+00    3.0948021828977612e-01
   2.8469167058582325e+00    4.0988560595356016e-01
   3.2760294148062288e+00    4.4942361607712378e-01
   3.6199459695933398e+00    6.0481298840359210e-01
   4.0386189446782952e+00    6.6552181770131813e-01
   4.3896545462066303e+00    7.2308495059264855e-01
   4.8370485244038308e+00    8.3486678950587168e-01
   5.1123059522920986e+00    9.6931271368795191e-01
   5.4936027180212559e+00    1.0557561038318202e+00
   5.8982593054864889e+00    1.1099180682599663e+00
   6.2302300012859027e+00    1.2535245225937743e+00
   6.7351537508351624e+00    1.3169766865527008e+00
   6.9428432709055894e+00    1.4739341861098287e+00
   7.3900713406393006e+00    1.5091302953090708e+00
   7.7547224068147456e+00    1.5964212124276771e+00
   8.0918101872292745e+00    1.7138402522448091e+00
   8.5780056139107721e+00    1.7981748513982712e+00
   8.9020270911885078e+00    1.8824998737217271e+00
   9.2652240978221485e+00    1.9824056790791769e+00
   9.5875226449316084e+00    2.1381767307949580e+00
   9.9576316049777933e+00    2.2246332947002903e+00
   1.0300193915071052e+01    2.3163672764404675e+00
   1.0831161246840320e+01    2.3523088946459767e+00
   1.1098250493004416e+01    2.5279203055513335e+00
   1.1486941200961461e+01    2.5555749983329212e+00
   1.1853924877187271e+01    2.6429053917742764e+00
   1.2231621114527197e+01    2.7348884160562617e+00
   1.2661376640088340e+01    2.7908488911749374e+00
   1.2915332140650811e+01    2.9571720359001725e+00
   1.3431933777794162e+01    3.0085667910345673e+00
   1.3740535659528856e+01    3.1060348210581541e+00
   1.4084012039828821e+01    3.2133759783168974e+00
   1.4498598406199671e+01    3.2714876882171811e+00
   1.4866772217121573e+01    3.3453093559524363e+00
   1.5254409923394352e+01    3.4694387411739038e+00
   1.5614136340787674e+01    3.5657673981965976e+00
   1.5980304862421868e+01    3.6767170420554218e+00
   1.6363604669356572e+01    3.7586600864442534e+00
   1.6687733604961608e+01    3.8981009344568140e+00
   1.7107772919422441e+01    3.9855166201353618e+00
   1.7551183296030157e+01    4.0079552227634601e+00
   1.7935119759832887e+01    4.1193919361033089e+00
   1.8219218894860795e+01    4.2583069127367432e+00
   1.8581444280384403e+01    4.3316320240842519e+00
   1.8969697061936461e+01    4.4541714307164542e+00
   1.9274344567149765e+01    4.5792039155036823e+00
   1.9736124472712330e+01    4.5917378727847264e+00
   2.0152521444455733e+01    4.6772953836721882e+00
   2.0412280593925320e+01    4.8525041630624903e+00
   2.0879346639881518e+01    4.7915109963330274e+00
   2.1246351897696076e+01    4.9615303028626272e+00
   5.6641832402777204e-01    2.0239143523060388e-01
   9.3454087867640112e-01    2.9525021340694169e-01
   1.3094473359776775e+00    3.8147978396030258e-01
   1.6374870802718200e+00    5.1655544091735250e-01
   2.0433149635046344e+00    5.8410167722316009e-01
   2.3316800142798182e+00    7.6896587957213614e-01
   2.7370336870615679e+00    7.9151859485073195e-01
   3.2386656598256032e+00    7.7348753714605989e-01
   3.5441811495613096e+00    9.4873655720704597e-01
   3.9182169696032321e+00    1.0535691695054941e+00
   4.2470241641855333e+00    1.2267233366854726e+00
   4.6188083051348894e+00    1.3184821822143520e+00
   4.9737831760724918e+00    1.4016310529127594e+00
   5.4332943171180670e+00    1.4271063199624392e+00
   5.7685472128726980e+00    1.6064740063891485e+00
   6.1999865519725113e+00    1.5722763154392978e+00
   6.5520703892509298e+00    1.7077982616669709e+00
   6.8615575657406662e+00    1.8418792771526600e+00
   7.2746237789541741e+00    1.9031687860726008e+00
   7.6616527045777252e+00    1.9776058438186372e+00
   7.9542235124215530e+00    2.0936538232873527e+00
   8.4002893236779705e+00    2.1787963831695172e+00
   8.8051855567015771e+00    2.2440417523450731e+00
   9.1478126115610774e+00    2.4001292441058526e+00
   9.5443068623157590e+00    2.4284676685959199e+00
   9.8863085007180374e+00    2.5510335126743362e+00
   1.0264664325364032e+01    2.6484386413590557e+00
   1.0643835304601645e+01    2.7665834969827232e+00
   1.1027087901810965e+01    2.8471388002535027e+00
   1.1400258300144147e+01    2.9481005747636679e+00
   1.1882573537015571e+01    2.9159875304018130e+00
   1.2137230439212306e+01    3.1268567828425557e+00
   1.2524795307623066e+01    3.2317085937626602e+00
   1.2937903784781202e+01    3.2272327521031801e+00
   1.3278253982027932e+01    3.3826707729276144e+00
   1.3632148874295339e+01    3.5024172522061421e+00
   1.4059503897724850e+01    3.5361604259046602e+00
   1.4418313097596439e+01    3.6636924183618946e+00
   1.4780707538898564e+01    3.7281630085014466e+00
   1.5240831057524826e+01    3.7572083649078958e+00
   1.5448690082990201e+01    3.9776950477187900e+00
   1.5887500883496291e+01    4.0460755473145849e+00
   1.6360817946709663e+01    4.0954718023693975e+00
   1.6634331762073774e+01    4.2305940395888255e+00
   1.6989181190026788e+01    4.3400106262987030e+00
   1.7413026057969947e+01    4.3914465213366460e+00
   1.7778835336074795e+01    4.4432403560162816e+00
   1.8160849240013345e+01    4.5329455784909882e+00
   1.8615605687288173e+01    4.5819524207538533e+00
   1.8872014295104844e+01    4.8327093500174989e+00
   1.9237779510799339e+01    4.8902696952869489e+00
   1.9629109017597088e+01    4.9901866061702744e+00
   4.6074272588055137e-01    5.5664742344705653e-01
   8.2499687066963179e-01    7.5245533471795134e-01
   1.2698993443693187e+00    6.7951167795153866e-01
   1.6336962742084726e+00    8.4361322292352314e-01
   1.9377922349443690e+00    9.8811315503144181e-01
   2.3179237297661364e+00    1.0618070867383025e+00
   2.6885057312606619e+00    1.1504039147842966e+00
   3.0487747008027455e+00    1.2975085648073619e+00
   3.4375243984356949e+00    1.3524460276578041e+00
   3.8584297191066299e+00    1.3271476397125603e+00
   4.2080099572055074e+00    1.5179101352276363e+00
   4.5667090010512030e+00    1.6405801554333987e+00
   4.9710791828491105e+00    1.7055660060042768e+00
   5.3516907331355625e+00    1.7767608346959201e+00
   5.6463603504850015e+00    1.9653345074956547e+00
   6.1199363927633339e+00    1.9375823828332042e+00
   6.5263141119311117e+00    2.0496597546273265e+00
   6.8142983825498460e+00    2.2028023936419832e+00
   7.1587400893297923e+00    2.3354371279501445e+00
   7.5712887940298135e+00    2.3460221328824371e+00
   7.9778369178254032e+00    2.4091527311690388e+00
   8.2848215292533940e+00    2.5814046530544781e+00
   8.6920278915057558e+00    2.6154922329400780e+00
   9.0228754454574798e+00    2.7633006226028565e+00
   9.4211281460785798e+00    2.8366595451060692e+00
   9.7911606713312871e+00    2.9573221178652482e+00
   1.0204721462620238e+01    2.9977136348620981e+00
   1.0580845391296684e+01    3.0344397887801904e+00
   1.0945860197165796e+01    3.1793226142417894e+00
   1.1271293020424277e+01    3.3323315822911463e+00
   1.1664568916757116e+01    3.4299822914711453e+00
   1.2019176001453159e+01    3.5709202273180738e+00
   1.2371524662810156e+01    3.5905343844805988e+00
   1.2828460850548398e+01    3.6670525368448170e+00
   1.3221056926835717e+01    3.7077034375614155e+00
   1.3567656342873894e+01    3.8426045534194770e+00
   1.3865895914695173e+01    3.9909634984035107e+00
   1.4335542758972320e+01    4.0361089448231704e+00
   1.4762186489206059e+01    4.0777145161103050e+00
   1.5026591075653361e+01    4.2554781059917772e+00
   1.5380115483980616e+01    4.3510053666856789e+00
   1.5792408806547133e+01    4.4269057910336675e+00
   1.6185097054203059e+01    4.5027650754781083e+00
   1.6556320613384720e+01    4.5830306009583213e+00
   1.6940316876172936e+01    4.6718334432535595e+00
   1.7290023591374201e+01    4.8077115756188382e+00
   1.7698920511411714e+01    4.8824234389282495e+00
   1.8049361000630363e+01    4.8914719696267097e+00
   4.0164033113351000e-01    8.7483647636601136e-01
   7.0663192780239181e-01    1.1244245827524528e+00
   1.1236378150799553e+00    1.1359944275178835e+00
   1.4864855596690463e+00    1.2358742450455507e+00
   1.9319481655199950e+00    1.2513083182377105e+00
   2.1793077480601304e+00    1.4854435125034824e+00
   2.6538702937523997e+00    1.4957368062945493e+00
   2.9813816937770388e+00    1.5660172500479832e+00
   3.3250666511399127e+00    1.7131823285195389e+00
   3.6927278543674396e+00    1.8247351777838317e+00
   4.1025339437925510e+00    1.8971207706345705e+00
   4.5579464264036353e+00    1.9574446383430284e+00
   4.8601808402252038e+00    2.0811187419652288e+00
   5.2245158260487976e+00    2.1946597950928055e+00
   5.6026409974650626e+00    2.2364524517773874e+00
   5.9892373920808151e+00    2.3582869497671526e+00
   6.3000585805249534e+00    2.5498448617124723e+00
   6.7875313674903941e+00    2.5047755803164313e+00
   7.0888292302836442e+00    2.6701578127339554e+00
   7.4478758276314467e+00    2.7443072958099437e+00
   7.8534658188099726e+00    2.8143764198402335e+00
   8.2270449184800452e+00    2.9246809540421057e+00
   8.5623863886718237e+00    3.0516725974710965e+00
   8.9131978114470538e+00    3.1482562319725034e+00
   9.3800795146660381e+00    3.1651169830657460e+00
   9.7101339452313233e+00    3.2987038700924232e+00
   1.0155450245895226e+01    3.3735334429837898e+00
   1.0480217187217583e+01    3.4797403528689665e+00
   1.0804501240491737e+01    3.6337289901624912e+00
   1.1201814242769492e+01    3.6855382466857516e+00
   1.1571671867230068e+01    3.7679329307807499e+00
   1.1945628195086771e+01    3.9098963068246468e+00
   1.2326393963809473e+01    3.9634984538330342e+00
   1.2727027383439189e+01    4.0348046525149384e+00
   1.3063829207802824e+01    4.1459337382918617e+00
   1.3461824278208260e+01    4.2264720010998600e+00
   1.3833661563819906e+01    4.3261932389118822e+00
   1.4212164413039236e+01    4.4104012710396745e+00
   1.4587273557428158e+01    4.4993241609223160e+00
   1.5032250397685734e+01    4.5997846580721973e+00
   1.5303350672041681e+01    4.7489646925847548e+00
   1.5707990174082491e+01    4.7688404365875456e+00
   1.6066945049678118e+01    4.8893574235459711e+00
   1.6529478961997519e+01    4.8966088373648429e+00
   2.7163577651905163e-01    1.3342158348353010e+00
   6.8926122175172355e-01    1.4117206254983865e+00
   9.9560004909811450e-01    1.5494184454881530e+00
   1.3815512441336297e+00    1.6202872573047924e+00
   1.7806025534616419e+00    1.7073727896371595e+00
   2.1013294663322721e+00    1.8785006254804018e+00
   2.5209327877387802e+00    1.8690274320617071e+00
   2.9187566891684704e+00    1.9937616862694423e+00
   3.2675850337077441e+00    2.0341450652088691e+00
   3.6373703148843726e+00    2.1618439552857449e+00
   3.9795169096243996e+00    2.3175954037250808e+00
   4.3112766453938143e+00    2.4023186063609128e+00
   4.7681555969602334e+00    2.4052646730714016e+00
   5.2002347402430988e+00    2.5220449877849198e+00
   5.5052401401364497e+00    2.6465472848752722e+00
   5.8794824240440482e+00    2.7437173540892257e+00
   6.2591331440148403e+00    2.7953606122257093e+00
   6.5833875226044665e+00    2.9471984643540585e+00
   7.0036493971992488e+00    2.9927030194181334e+00
   7.3344515398913188e+00    3.1379408620146143e+00
   7.7317667902512364e+00    3.2255105862828408e+00
   8.1078444084351631e+00    3.3495032431472702e+00
   8.4986469647743519e+00    3.4124728337894932e+00
   8.8807647301087442e+00    3.4383974025398927e+00
   9.2455556269946104e+00    3.5891976298659602e+00
   9.6132195728823735e+00    3.6816014951285050e+00
   1.0043069967510718e+01    3.7174203680480176e+00
   1.0392952482736977e+01    3.8370003993233364e+00
   1.0763674719596711e+01    3.9450828841555263e+00
   1.1156319804075142e+01    4.0031349299552552e+00
   1.1502859870744267e+01    4.1129154811670148e+00
   1.1783870140882811e+01    4.2595940296972641e+00
   1.2244222963889506e+01    4.3274822442614189e+00
   1.2629128351103674e+01    4.3644001146262106e+00
   1.2993359925147857e+01    4.5096734319591949e+00
   1.3365186419965129e+01    4.6098605623182856e+00
   1.3742158774849177e+01    4.6592005703574273e+00
   1.4170252967693260e+01    4.7717094390415529e+00
   1.4453839989604868e+01    4.9143623918075479e+00
   1.4920464062608190e+01    4.9376372360379346e+00
   7.3982338167309480e-02    1.7271265527018891e+00
   5.9496037979999272e-01    1.7678580246831419e+00
   8.3608949255390219e-01    1.9209189683920638e+00
   1.3410962412965499e+00    1.9169694027664987e+00
   1.7081826998387675e+00    2.0234082248074157e+00
   2.0812033309383766e+00    2.1778183325445051e+00
   2.3605657118911858e+00    2.2816236162569701e+00
   2.7408824486830285e+00    2.4497950891734250e+00
   3.2115317127958138e+00    2.4237766405119783e+00
   3.5936461060069655e+00    2.5149158246739693e+00
   3.8824489033405603e+00    2.6640687922773072e+00
   4.2965931618736048e+00    2.7337596989648123e+00
   4.6657797338090869e+00    2.8226619964148578e+00
   5.0020384215225988e+00    2.9409453338996494e+00
   5.3967557881371402e+00    3.0230243422975853e+00
   5.7909039403484881e+00    3.0502602623342021e+00
   6.1321335873366429e+00    3.2484936744103594e+00
   6.5402791983159165e+00    3.2541739036068322e+00
   6.8594160426739945e+00    3.4332792388453397e+00
   7.2983612784933172e+00    3.4560417001895671e+00
   7.5324396862036993e+00    3.6821829840602973e+00
   7.9538247026461715e+00    3.7022990930077544e+00
   8.3950396022153502e+00    3.7774838628805760e+00
   8.7995051026968891e+00    3.8549336654540003e+00
   9.1548149378764965e+00    3.9549959373298633e+00
   9.5361319363451038e+00    3.9998753457065770e+00
   9.9638704825913020e+00    4.0963731034694284e+00
   1.0263155412617497e+01    4.2404721575663791e+00
   1.0724578772349307e+01    4.3237412556987618e+00
   1.1035743467747665e+01    4.4110779437701684e+00
   1.1373517362837761e+01    4.5412432497476383e+00
   1.1769909101045897e+01    4.6185399579258926e+00
   1.2078890009432953e+01    4.7082370873048180e+00
   1.2556495963793287e+01    4.7575878861383343e+00
   1.2865732703930277e+01    4.9241334561125889e+00
   1.3331198115387762e+01    4.9589728845961503e+00
   4.3004134223094276e-01    2.1894268892847504e+00
   8.6338584103900962e-01    2.2207773841775569e+00
   1.2032195189284021e+00    2.3532444565181434e+00
   1.5573924989591381e+00    2.4783685281726151e+00
   1.9538567153361466e+00    2.5459357615658074e+00
   2.3201730708532553e+00    2.6806087870078024e+00
   2.7372941048991106e+00    2.7353714839510404e+00
   3.0621311414232522e+00    2.8503371917057545e+00
   3.4946664655382498e+00    2.8966726828982186e+00
   3.9155499348505791e+00    2.9948364044273821e+00
   4.1916166273552031e+00    3.1310868191985408e+00
   4.6169343038453894e+00    3.1756523053822772e+00
   4.9686966653747682e+00    3.2480126747511688e+00
   5.2124858887882750e+00    3.4890449401255781e+00
   5.6958927943571336e+00    3.4786280467772936e+00
   6.0637257960234123e+00    3.6810053037393788e+00
   6.4432083594485547e+00    3.6762609061849330e+00
   6.8108723053363178e+00    3.7659453114188275e+00
   7.2183839571461581e+00    3.8336494979772748e+00
   7.5674423254521566e+00    3.9176235497137388e+00
   7.9756926970601381e+00    4.0217785450871855e+00
   8.2915325041207346e+00    4.1655167819972769e+00
   8.7640730797556596e+00    4.2207913672485988e+00
   9.0309748358675215e+00    4.3431069997824840e+00
   9.4168738753968988e+00    4.4403789970416225e+00
   9.7313450500378114e+00    4.5550496215318690e+00
   1.0248657530760507e+01    4.5673061654742328e+00
   1.0556434366342074e+01    4.7548731021205803e+00
   1.0928775222357805e+01    4.7937222099466936e+00
   1.1354345718167831e+01    4.8506535418274659e+00
   1.1680471400348363e+01    4.9825494214525579e+00
   3.6684064874255778e-01    2.5510581516548223e+00
   7.1269446585118224e-01    2.6967758249077702e+00
   1.1459758385121652e+00    2.7011060807664973e+00
   1.4394725414748679e+00    2.8757988803391816e+00
   1.7908332156837001e+00    2.9641744071772362e+00
   2.2309095965232064e+00    3.0236636968642046e+00
   2.6169718917791234e+00    3.0647408339585489e+00
   3.0291150874189232e+00    3.1852620473114377e+00
   3.3881469373477491e+00    3.2793172188446023e+00
   3.7747483227059000e+00    3.3902816101224036e+00
   4.1064551386212420e+00    3.4851617378854090e+00
   4.4762583145318731e+00    3.5863455329898053e+00
   4.8714900423448757e+00    3.6751370449509517e+00
   5.2013466416799830e+00    3.8289242091211979e+00
   5.5902504678258973e+00    3.8795792103396582e+00
   6.0376813145705404e+00    3.9368572864129603e+00
   6.4002200827474081e+00    3.9997183846100879e+00
   6.7984579460262449e+00    4.0478900193884577e+00
   7.1440767486257473e+00    4.1622388983598073e+00
   7.4421225357647396e+00    4.3481478744123372e+00
   7.8753522474976592e+00    4.3798434948785179e+00
   8.1339185645725625e+00    4.6024495346659746e+00
   8.5421554476875770e+00    4.6299979830846292e+00
   8.9865050730222045e+00    4.6962700963448070e+00
   9.4182155308306470e+00    4.7818114210407083e+00
   9.6926631995244854e+00    4.9234837603680290e+00
   1.0122651626397520e+01    4.9681509048270902e+00
   3.2206725992056184e-01    2.8448161716879321e+00
   6.4939256370390419e-01    3.0231670505531723e+00
   1.0019908970657132e+00    3.1247660214710820e+00
   1.3204069163596537e+00    3.2858794605961648e+00
   1.7940182085662719e+00    3.2968728970954873e+00
   2.1320032884945856e+00    3.4423306021273241e+00
   2.5381550754051720e+00    3.4665640735528513e+00
   2.8236017558420916e+00    3.6403393858339443e+00
   3.3528070857751255e+00    3.6520259060635358e+00
   3.5577094785438543e+00    3.8550688651151694e+00
   4.1113551933845240e+00    3.8291454653674943e+00
   4.3783570341141971e+00    3.9573583119880422e+00
   4.7613304195191084e+00    4.0504659168902997e+00
   5.1807177901532198e+00    4.0968809452296231e+00
   5.6042798493605099e+00    4.1332345020103336e+00
   5.9220696428876520e+00    4.3157814262292824e+00
   6.2631630560968432e+00    4.3939974651264988e+00
   6.6680943592021649e+00    4.4957016013279061e+00
   7.0459070471980354e+00    4.5923444053517928e+00
   7.3951569521041600e+00    4.7018813094189333e+00
   7.7936259182291590e+00    4.7518548270110754e+00
   8.1235674950699561e+00    4.9729204359400976e+00
   8.4442860900365897e+00    5.0521041842843850e+00
   1.8741935454863462e-01    3.2651671602595815e+00
   6.4718081055051924e-01    3.3279743944081295e+00
   8.6415657352712394e-01    3.5081064287696155e+00
   1.2872294950178003e+00    3.5894680291882985e+00
   1.6601910015565720e+00    3.6821582551565251e+00
   2.0602361430463674e+00    3.7197445702711009e+00
   2.5329527884761514e+00    3.8357599075868367e+00
   2.7943747543970239e+00    3.9561665586727952e+00
   3.1882204945960604e+00    4.0098980153670896e+00
   3.6377510051175341e+00    4.1210093412949398e+00
   3.9046366199994789e+00    4.2586091449024828e+00
   4.2585806103812835e+00    4.3686964694059487e+00
   4.6932971586939178e+00    4.4045531101057671e+00
   5.0906816499843988e+00    4.5093712897167411e+00
   5.4207581117548624e+00    4.5900661988897253e+00
   5.7875659879556753e+00    4.7133451795912897e+00
   6.1712340307483675e+00    4.7962373642685412e+00
   6.5961215591978473e+00    4.8329548405894922e+00
   6.9223641416507578e+00    4.9010820712490162e+00
   4.7553501657735792e-01    3.7663653880514523e+00
   8.3463237562035819e-01    3.8552697087754426e+00
   1.1940035510705815e+00    3.9898353658134238e+00
   1.6035394659815712e+00    4.0035656175356795e+00
   1.9249914303108018e+00    4.1806132382104808e+00
   2.2982898794038804e+00    4.2453055791744045e+00
   2.6918011949006302e+00    4.3797650368110954e+00
   3.1548593599800010e+00    4.3983196278894461e+00
   3.4699407540427267e+00    4.5047708143822494e+00
   3.7737334934567319e+00    4.7379621288718576e+00
   4.2224693968575409e+00    4.6847459775705325e+00
   4.5870631369378785e+00    4.7428004512989954e+00
   4.9137967005347738e+00    4.9936221253288808e+00
   5.3294225800969190e+00    4.9670997016085563e+00
   3.7762721672141503e-01    4.1391433611625912e+00
   7.5742401707103668e-01    4.2109717443688774e+00
   1.1099480288365995e+00    4.2846752529057452e+00
   1.4986234947965891e+00    4.4221785238652895e+00
   1.8723474608811224e+00    4.5005417222207713e+00
   2.2559251307709394e+00    4.6015709841574139e+00
   2.5700499658741132e+00    4.7300488796647562e+00
   2.9742237102527835e+00    4.7982867159666069e+00
   3.3973734262300832e+00    4.8421638843542558e+00
   3.7309245237887558e+00    4.9855892781508082e+00
   2.4838477095190098e-01    4.5420880790237836e+00
   5.8252978933671695e-01    4.7138316645709528e+00
   1.0455654286328333e+00    4.7021232030594682e+00
   1.4007928041587721e+00    4.7530701402273712e+00
   1.7602930644866865e+00    4.9116822282550743e+00
   2.1240286666444859e+00    5.0098191076832341e+00
   9.6149831079106407e-02    4.9496635763669996e+00
