    2.3127613513394039e+01    2.7939137109271157e+00
    1.2171715709814100e+01    2.7117619931705148e+00
    2.6064855886237421e+01    1.1685828490785524e+00
    5.5174119775773924e+00    4.8654364899062541e+00
    5.0375932332507150e+00    3.8089997395494288e+00
    5.9413761551779158e+00    2.3830430938815010e+00
    2.6821003058674350e+01    1.7004914655052867e+00
    2.2175602182189447e+01    1.2408545824101094e+00
    1.9698611878992523e+01    3.5839172280695597e-01
    2.8735957862839864e+01    5.4841777391969937e-01
    1.3332295204766469e+01    4.4732758643888806e+00
    3.1530168605563023e+00    2.7005035766688121e+00
    8.6130913199896568e+00    2.6480393485041804e+00
    6.6274218542312475e+00    4.6305929146665585e+00
    7.6098745949572750e+00    5.0056573006396512e+00
    1.5510801038411161e+01    5.3936898470299488e-01
    4.6167307246290806e-01    1.5350180915955185e+00
    2.7679952814906905e+01    2.2907547561447501e+00
    1.8904990949933055e+01    3.9303921115753058e+00
    1.0672426332333961e+01    1.4899443376374391e+00
    1.0004562275300071e+00    3.7877835849528489e+00
    1.1136724136156124e+01    3.9658129654244454e+00
    3.8058088773617524e+00    1.8541094636631785e+00
    2.5126686403826159e+01    2.1263822264436354e+00
    2.8754896089244744e+00    2.9675242122747854e+00
    1.8762639361644794e+01    4.3208985338225441e+00
    1.8119041837408844e+01    2.3424692536919367e-01
    1.8240513174220905e+00    1.9143606249723712e+00
    2.8681781600599262e+01    4.7363538318207503e+00
    1.4009894215042186e+01    3.7992380811920299e+00
    1.8556767748455979e+01    5.0110843735712614e+00
    1.7966578638693107e+01    2.9489495024431247e+00
    4.8055455806667071e+00    4.7084808973039953e+00
    2.8576270960639324e+01    1.5775005410056746e+00
    2.2813444481518061e+01    2.3429088174114931e+00
    2.8702402067617840e+01    4.4156886746087647e+00
    2.3421265023141405e+01    3.5838151805562539e+00
    1.7940218085721604e+01    4.7053956389516829e+00
    8.2640851317906545e+00    2.4333239214857492e+00
    2.4442443814798512e+01    1.2424789316621541e+00
    2.5308822558737631e+01    1.9631388810738242e+00
    1.2962993128731375e+01    4.4271388713848934e+00
    1.6409567455850269e+01    1.0984351716061038e+00
    3.5118781447393039e+00    3.5548972452553002e-01
    1.0356561132006233e+01    4.2612991953342956e+00
    2.1359662800985124e+01    3.0333430571241196e+00
    9.9843081709781405e+00    5.2932307733765138e-01
    1.5532020402466076e+00    2.3543836604053969e+00
    2.1546492637320913e+01    2.7080201886434834e+00
    1.7555022529791948e+01    7.1046558394883286e-01
    1.7969604007341786e+01    4.2310475677453070e+00
    1.3678710209529186e+01    4.0957515194362983e+00
    1.0826637171946428e+01    2.0456867780611115e-01
    1.2335527674311434e+01    1.7946182101032537e-01
    1.6380888826179977e+01    2.0239206324570707e+00
    1.1668352136923971e+01    4.0155783419090465e+00
    1.0522540994774639e+01    3.5074951091488340e+00
    1.8355236776274715e+01    1.1509526283344305e+00
    1.6760151728656648e+01    1.4262116407053782e+00
    1.0129745683732709e+01    1.0097993791212019e+00
    1.6564233675211295e+01    3.1495413254094029e-01
    7.8805772664982809e+00    6.1091146248960715e-01
    2.2627034296998431e+01    1.9058960116727393e+00
    2.0999385964009253e+01    4.9593194439885941e+00
    2.4139676232265472e+01    1.1130449287227748e+00
    2.8886927149534722e+00    4.3200196872413130e+00
    2.0516072422335650e+01    2.9842313201349908e+00
    3.8202270964272671e+00    3.0377214849618710e+00
    6.0086606324812930e-01    2.1058201957890694e+00
    1.2391749512071499e+01    4.8081158062795177e+00
    8.7196017364986265e+00    3.4555086663852843e+00
    2.7006931218885665e+01    1.8096855341840616e+00
    1.8726129653638889e+01    3.0209394089994426e+00
    2.2368334999627582e+00    3.7644125515859876e+00
    7.6116942972769870e+00    2.1928283678572141e-01
    1.4290427518016871e+01    2.4144031957121634e+00
    1.8643940270163725e+01    4.7078677090946970e+00
    1.4795132402267452e+01    3.0590412505624123e+00
    2.5322215083364167e+01    4.7391588984048996e+00
    2.1165159936997728e+01    2.3913382114475930e+00
    6.0125799261097912e+00    3.7409531067253905e+00
    4.0663396248809320e+00    2.6408110427772349e+00
    6.4642469369353543e+00    1.3517611696113951e+00
    3.0556931854721752e+00    3.2165012731255098e+00
    1.2415908861072239e+01    3.1687871038514106e+00
    5.0415724771386650e+00    2.9064130977994620e+00
    1.4326411601525765e+01    2.9480632680521435e+00
    2.8397449631184792e+00    1.4556527892312379e+00
    2.8909321296451612e+01    3.1141248206185295e+00
    2.8441012880827969e+01    3.0852547134528989e+00
    2.8540819162767374e+01    3.8533191496873203e+00
    2.7101348638614390e+01    8.7872431352411251e-01
    9.9454719084589822e+00    1.3339475858514964e+00
    1.9792637502581190e+01    1.1190519447198051e+00
    2.1576839579766847e+00    1.4676558606223078e+00
    9.5268271355463252e+00    1.2041818581431527e+00
    1.0503045049289408e+01    9.0166970004886859e-01
    2.5528860599902266e+01    1.8932194990338316e+00
    2.3874888652990339e+01    1.0864623175680299e+00
    6.4912324259447765e+00    5.0958407896720848e-01
    1.0042777840688544e+01    4.1394522307854880e+00
    1.7216020162665036e+01    4.6992733246778888e+00
    8.3158088834173349e-01    3.8241728474374899e+00
    2.2693648724179756e+01    3.6074015504105992e+00
    2.6690800178518554e+01    3.0843752613134918e+00
    2.3212598758969076e+01    4.8980164281272094e+00
    2.7652889208892741e+01    2.6442701121917636e+00
    1.7305230387635955e+01    1.7183246693500966e+00
    6.7196338310819685e+00    8.6512717078981138e-01
    2.8752978892058652e+00    4.5255208199378822e+00
    2.2353004083278783e+01    6.2648664283997091e-01
    1.7199301306976214e+00    4.6913446909200793e+00
    2.1669019462034228e+01    1.6118100744897113e+00
    2.3892617579717193e+01    5.8054749780333770e-01
    1.2228406855160779e+01    1.1339486153003961e+00
    1.3346680844802101e+01    2.2479241520217469e-01
    4.6003796244207074e+00    2.1249656672736378e-01
    1.4559182714462970e+01    2.1444050305534375e+00
    1.4424071179730271e+01    4.3946907631789145e+00
    1.9093011919201583e+01    3.0064605130046647e+00
    1.1525081311324120e+01    4.6742717763261876e-01
    5.2715041883431262e+00    1.3863019657629518e+00
    9.6543625319356252e+00    3.5827824616424317e+00
    3.4729368178765623e+00    2.4793386522939453e+00
    6.1909258318401275e+00    8.0332983778913136e-01
    2.4164782674253907e+01    3.6285979638106327e+00
    1.0050258300840092e+01    1.1425193829483296e+00
    2.0253674981182282e+01    8.2865627906300776e-01
    1.1225348180812405e+01    8.5750283001558103e-01
    2.6817821456016190e+01    2.4985722699772128e+00
    2.4474181724375352e+00    1.1244118006938486e+00
    1.6146419122558314e+01    4.7208777741377006e-01
    2.3334871854806529e+01    3.1372062155096772e+00
    3.2997391255376600e+00    3.3177249850881307e+00
    1.9909430296923340e+01    2.4051227744374515e+00
    6.9133633972782578e+00    1.7165395444022504e+00
    2.7616727091280024e+00    4.8744350238499088e+00
    3.7871995296024088e+00    4.0315379487564567e+00
    1.9046084793889193e+01    3.6255275416336388e+00
    1.2314041864658959e+01    2.1487965384477969e+00
    7.6501054579563981e+00    3.1334376453112540e+00
    1.1184892655729882e+01    4.3106624206340323e+00
    2.7577273764979239e+01    1.9258067039529017e+00
    1.9943729717585835e+01    3.8630682729904708e+00
    1.3262448308040177e+01    6.4298438501631072e-01
    5.5935741194124393e+00    5.7212739908524379e-01
    1.1426455262270274e+00    1.1069354522823185e+00
    3.8265528782482899e-01    2.8960263217366924e+00
    3.8797438367802712e+00    1.2120748850801970e+00
    5.4882367296467356e+00    2.8335667007192217e-01
    4.8193830694411730e+00    2.5778380791331315e+00
    1.5879802757590822e+01    4.2516240712402862e+00
    1.3976440759151952e+01    2.4237362399923938e+00
    2.3092228932479660e+01    3.5170423999118308e+00
    1.0796917587771116e+01    4.0939283654349818e+00
    2.1627913567470385e+00    4.0035227795846962e-01
    7.3978123605323836e+00    4.4282151299315906e+00
    4.0844814817281900e+00    5.6308460489448453e-01
    1.7528497264996499e+01    3.1978847192238682e+00
    1.1117787120867595e+01    3.3642924088438142e+00
    1.2786913161140847e+01    1.5739944197208497e+00
    2.7967907233331857e+01    1.0424606438052306e+00
    1.4194473191636758e+01    1.9352580137449593e+00
    1.6752481123237750e+00    2.7947331522512533e+00
    4.7393846560035948e+00    1.2950653009109412e+00
    1.1484602169472723e+01    4.4192631634116912e+00
    2.3776186303606281e+00    2.6422086104922644e+00
    1.8599716356550232e+01    1.9212582353792518e+00
    1.9183608872396174e+01    4.1275490874541065e-01
    2.3321846903992989e+00    1.9287382110842577e+00
    8.8279802999814088e+00    4.7874338145502309e+00
    1.7240316367813616e+01    2.4493688514801959e+00
    1.3895136701730504e+01    3.1600984340265561e+00
    1.1947465405975285e+01    3.6793159438623353e+00
    2.0290234950516812e+01    1.5380828215256552e+00
    1.0493461485591652e+01    2.9076501320419603e+00
    1.7105096438167362e+00    3.3508951003076843e+00
    2.9388892488595824e+00    3.7066608922051953e+00
    1.3786592215307421e+01    2.1959519591926453e+00
    2.4736181313806910e+01    5.3765853113386530e-01
    2.2933035560192785e+01    1.1100116272619869e+00
    5.8912148647576643e+00    6.5107107551371013e-01
    2.6942651218473888e+01    4.0891703131765222e+00
    1.3276382807234484e+01    2.3008703027003654e+00
    1.9469139846999674e+01    2.1869249034588876e+00
    3.8841820937658389e-01    3.4445862741155979e+00
    9.0657890513870605e+00    3.1843431667301494e+00
    5.4424001540539999e+00    3.7380762209415344e+00
    1.8405411510086481e+01    2.2702046549862569e+00
    2.5534163472851919e+01    2.1077514419248513e+00
    2.5457167961854680e+01    1.5416563414354998e+00
    2.4745455437276586e+01    4.3496804111618914e+00
    9.1533981805399023e+00    6.6995921014624837e-01
    4.6292094014117984e+00    3.5724222090277826e+00
    2.4225267036016781e+01    6.8989016440298934e-01
    1.8326310473310325e+01    6.6695467269883357e-01
    3.1024394305573133e+00    1.4116757011303953e+00
    1.3602626063587243e+01    4.8678657470862055e+00
    1.4659985139602355e+01    8.2801517462178353e-01
    1.3380002894568083e+01    1.6114955475729531e+00
    6.4790498065544408e+00    1.7902558973191331e+00
    1.4931737849021026e+01    1.3520733954070834e+00
    1.8792902737062402e+01    2.3908044724710225e+00
    1.1268594117971210e+01    2.1101677401598309e+00
    1.2195021827344464e+01    4.0181866020859065e+00
    2.1977023911675708e+01    3.2552470046973148e+00
    2.7192837579002635e+01    4.4468638389723925e+00
    1.0775442072607637e+01    4.6055753686184016e+00
    1.7075510682349009e+01    4.3044717993979544e+00
    2.2211823644503440e+01    3.8900511580997348e+00
    1.1528607476584581e+01    4.8782288458242826e+00
    2.1267462935297925e+01    1.8784068799281080e+00
    1.6281097683194974e+00    1.0681297098952445e+00
    2.2764179901645242e+01    2.9324643426151276e-01
    1.1300513089442759e+01    4.7299642241679489e+00
    6.7358858014168854e+00    4.0315505443665227e+00
    1.6485405139614464e+01    2.3406135097001335e+00
    8.1594628456753160e+00    4.0687528292586332e+00
    2.5620531207743394e+01    3.3288146325261043e+00
    2.2557879553267622e+01    1.4971117242118508e+00
    6.4471962353659302e+00    4.1740618789016875e+00
    1.3788683813248282e+01    2.2398601699559578e-01
    2.7447076334847026e+01    4.6072142512666767e+00
    1.7059824908908912e+01    1.5860359440561134e+00
    2.4746053728754749e+01    1.6828710548036205e+00
    1.9911719912387845e+01    1.7318075432565343e+00
    2.6415621220938508e+01    2.5957470988616111e+00
    1.9306711582935129e+01    3.5083933941475225e+00
    1.7878730919618814e+01    2.0165001831207925e+00
    4.5186541590643889e+00    2.7343559137297602e+00
    1.5216226052444972e+01    1.6584898292870944e+00
    1.3040955716136127e+00    4.3203630496878653e-01
    6.8903806478140261e-01    2.5836065657645264e+00
    8.9130648570973534e+00    3.9834943558344627e+00
    4.8400336932569283e+00    2.0342495171581878e+00
    2.5937190900398395e+01    2.1520521403150958e+00
    4.1542961627595050e+00    2.3422340439356679e+00
    3.7367605302025169e+00    2.1981504381516186e+00
    2.3469910116999895e+01    4.9515075012913536e+00
    8.7692429735570911e+00    2.1385469213119537e+00
    2.8462077827547930e+01    3.4449172722147505e+00
    1.5863796038317300e+01    3.8879322494851247e+00
    1.9577092097526354e+01    4.9060070104864515e+00
    2.3010749263187090e+01    1.7510368009209327e+00
    2.6518393526825317e+01    2.1131696131512703e+00
    9.4924066032485772e+00    4.9200959379763087e-01
    8.3947718529292956e+00    2.5572350631506346e-01
    1.4413102704483371e+01    1.8309494673207500e+00
    1.2711370384208496e+00    3.4824965170715938e+00
    1.1606671797762948e+01    2.0116944128780423e+00
    5.1458459617444676e+00    1.8400527628289010e+00
    2.0770420178651772e+01    3.1163620553007836e+00
    1.1097695911695086e+01    2.2816812540988720e+00
    2.5896393234946277e+01    4.0215347332425395e+00
    2.7634572285176727e+01    1.1717605761643823e+00
    1.9794491116158778e+01    2.9007769256295837e+00
    1.3772603821435426e+01    2.4151520289529476e+00
    1.2234825166271137e+00    1.9154506296896696e+00
    2.7624933615684927e+01    3.3319463371905371e+00
    3.2601009223256585e+00    5.2069541144347509e-01
    1.2725386633756598e+01    4.0387163564896769e+00
    1.3986365252102953e+01    1.3383775466900492e+00
    1.9036271118084450e+01    4.7481144377180389e+00
    1.5944820327861308e+01    2.1140879421255940e+00
    2.0621158566014014e+01    1.5423661161739139e+00
    2.7361348069389699e+01    2.7202926728671786e+00
    1.7793944297125599e+01    1.5174525444646230e+00
    2.1590096459361902e+01    4.6180609487643283e+00
    1.4303784920269182e+01    1.0459244971293515e+00
    1.1514867361564860e+01    2.9366847693640854e+00
    3.5521644768673752e+00    3.4755315685955108e+00
    2.4663890989839341e+01    2.4029857596333706e+00
    2.5131972321146883e+01    1.6073445673862110e+00
    1.0853488832598893e+01    2.7767539483301431e+00
    8.6297114696957511e+00    3.7674141217983390e+00
    2.5836717293348730e+01    9.4725618011480184e-01
    1.9749978351295201e+01    4.2798386011242799e+00
    9.1554080281269670e+00    1.2702885247936713e+00
    1.8833132388945170e+01    6.1080827537636961e-01
    2.6722767594644200e+01    3.5863396314815166e+00
    2.7975554221981884e+01    4.5205306572304558e+00
    6.5955773664153805e-01    1.9482346883101231e-01
    1.9155415900383257e+01    7.5768713770211260e-01
    1.2599690317548653e+01    5.4396135018884328e-01
    1.9225085368563903e+01    1.9500656672736376e+00
    2.7205375661042442e+01    3.8346741951072119e+00
    2.2020710695186843e+01    4.4914330418579986e+00
    2.4259961886168384e+01    4.6303963504825392e+00
    8.4611325512347637e+00    5.0106949996639161e+00
    2.4803545422010465e+01    2.5975843733290382e-01
    1.8594888846768953e+01    3.4247575744125034e+00
    2.8426328095053258e+01    1.0999985411497977e+00
    3.4926471309561942e+00    1.1308543341312571e+00
    6.7461808959717668e+00    3.8627335313912275e-01
    1.6662267488368741e+01    7.7375165144798042e-01
    1.3737488713909489e+01    4.4815870292466435e+00
    2.8865255433522126e+01    1.0390607979803423e+00
    7.1275529575764107e-01    1.4107705127684969e+00
    2.8869377468028045e+01    1.9607030233097507e+00
    5.2557487151569395e+00    2.9858519149263429e+00
    2.5352276807909078e+01    3.6715167178867958e+00
    2.5463845451864483e+01    2.3736795294691859e+00
    1.2031277685362872e+01    4.3646961344799378e+00
    8.0505635021609336e+00    4.6916891324107457e+00
    2.0304134932895071e+01    2.4824543702225248e+00
    8.5883318628362293e+00    4.1596110808062887e+00
    1.2711618057502594e+01    2.3154003683610385e+00
    3.4610681198448079e+00    4.7467559285053804e+00
    1.2931178313266143e+01    1.8703826285342642e+00
    1.8648781707783058e+01    1.5252654560549459e+00
    1.2746114890130553e+01    3.6308685647484000e+00
    2.8752073582585115e+01    2.4120274093191769e+00
    5.1589624729542582e-01    3.7685104848764874e+00
    2.0093136058627721e+00    2.3015937630535634e+00
    2.4629134372753755e-01    4.3821913157507506e+00
    3.7432586538805075e+00    7.5990377735079195e-01
    9.7201206998556948e+00    1.8808226937165464e+00
    3.2016225931333340e+00    2.2210171626692765e+00
    1.8382053920111133e+01    2.6751796181834586e+00
    3.1541210353349252e+00    4.7196602884636931e+00
    9.1028346783789686e+00    2.4447048424065123e+00
    1.2034295787313436e+01    4.8064661446957047e+00
    2.4048101302616192e+01    3.3947229788738924e+00
    1.7311616604162971e+01    4.7800799270181282e-01
    1.5414240548296595e+01    2.7318525967848495e+00
    1.1301851373012331e+01    3.2592223730129368e+00
    1.3680147804639667e+01    5.1280127027938638e-01
    2.3139260213798369e+00    3.3044642299207512e+00
    1.6547642592297663e+01    3.8588738137266718e+00
    1.2764417280450342e+01    2.7274893684573223e+00
    1.6837805481391502e+01    4.0331638724597596e+00
    2.6535957136170051e+01    2.8619309741796046e+00
    1.9636298731537288e+01    3.5304286267333347e+00
    2.4346102536743757e+01    1.8646342464343220e+00
    8.1598340528373736e+00    3.6572803479416169e+00
    1.9998432815439799e+01    2.6489817786939200e+00
    2.7066621088321266e+01    3.5744295132705055e+00
    2.4910268389439310e+01    1.8102969057188305e+00
    1.6936514491915496e+01    3.6336534056894618e+00
    2.6227731657794230e+01    3.0344908926472520e+00
    2.9935219808534614e+00    4.0920326050083302e+00
    7.1813895016801208e+00    1.2961140065606171e+00
    2.3685820068076850e+01    2.9180109296589678e+00
    1.5709321780898152e+01    2.5571305934046236e+00
    2.1579588208328968e+01    3.9660070468199415e+00
    5.4126659759266404e+00    4.3633015945557903e+00
    2.2559373465288499e+00    4.4485771447205327e+00
    8.1100826041908256e+00    4.4455258581819095e+00
    1.0754712605117330e+01    2.4391270460448271e+00
    1.2638665858448354e+01    2.8261954227068575e-01
    2.1438654837289548e+01    1.1949234791860570e+00
    9.0324264292232694e+00    5.0059633497419416e+00
    1.5740739350199744e+01    3.5659417676485394e+00
    6.9917529031972858e+00    3.6571819447379719e+00
    1.1498889103525620e+01    3.2470220713238533e+00
    1.4492547698303650e+01    5.0313338260558360e-01
    1.8559446737827827e+01    2.3915715439735152e-01
    2.3396142836640387e+01    3.9692183218287376e+00
    8.5090013195112668e+00    9.8310976583670895e-01
    1.6352675870747241e+01    1.6172701503419284e+00
    2.3714811165766100e+01    3.2539179256120225e+00
    1.2413349772219291e+01    2.4273500295209613e+00
    3.3681808850717196e+00    1.8033386789385049e+00
    3.1868861532461858e+00    1.5792119695234681e+00
    1.0292041330556648e+01    3.2704518438338135e+00
    2.2190364479410718e+01    1.7492232752946189e+00
    1.0323968174284488e+01    2.5692291613200924e+00
    2.3227252661276797e+01    2.1757399411639677e+00
    1.4011235526402640e+01    2.7216880605727733e+00
    2.1129146181138196e+01    3.6218920125665441e+00
    1.6877826215703454e+01    2.7859503786858055e+00
    6.1652913431219796e+00    4.8971854811977220e+00
    1.3518540071903978e+01    2.1252506804354447e+00
    4.4322100027310674e+00    1.1944882039689493e+00
    1.5247250614490159e+01    1.0909449619679188e+00
    2.7523488087762338e+01    6.0956313270989104e-01
    9.2354882524741591e+00    1.7575553319094641e+00
    6.7173393711520566e+00    2.9771791712815245e+00
    1.7459851190133762e+01    2.8786776855445391e+00
    6.2716642979249340e+00    1.7121644471344684e+00
    1.9451998917261982e+01    3.6369952995968804e+00
    2.7415049574020099e+01    4.3164708135492429e+00
    2.1615251346004438e+01    3.3968354080160164e+00
    2.2313802063621154e+01    4.7983668646438202e+00
    1.7158295329511453e+00    7.9897950785075900e-01
    2.5224212153673708e+01    5.8682009344973773e-01
    1.8011144087118023e+01    2.6555417298617088e+00
    1.4167347818688615e+01    3.5965951830874872e+00
    9.6529994204808247e+00    4.2251959379763093e+00
    2.9036717414460362e+01    3.5805828321229241e+00
    2.1358850141912558e+01    1.4577468699606206e+00
    5.7231358345711953e+00    1.0605678021689884e+00
    4.1416318823957576e+00    3.2455019991897633e+00
    1.9647066767027841e+01    3.3046730869357490e+00
    9.8657756079955483e+00    4.7749674911543094e+00
    5.8113955754286293e+00    4.0190761064910392e+00
    6.7567297194025082e+00    2.5043707317383337e+00
    2.5961445322032812e+01    3.2069767513499405e+00
    1.4532195408779019e+01    3.6919495224265448e+00
    2.2601208451896579e+01    2.8579235112806405e+00
    2.1600016107847487e+01    4.1932277951808477e+00
    2.3492342414081893e+01    2.3676269754972998e+00
    1.4214746068262151e+01    1.5677941095539518e+00
    1.8182643612663188e+01    1.5672473510765916e+00
    1.5622352726737635e+01    4.4015031109945753e+00
    8.6154838803441276e+00    3.1391746538780851e-01
    2.0578673815482791e+01    2.3164817741522339e+00
    2.4489200172705193e+01    3.5716770091360566e+00
    8.2883450034486543e+00    2.8679944887544822e+00
    6.7472218504767867e-01    2.9340679708169404e+00
    1.5225416003328148e+01    4.2962283965001165e+00
    2.5718712777095853e+01    4.3210750044357138e-01
    1.4886248924377288e+01    4.5368593517863056e+00
    2.6874802058171127e+01    3.5841599357866111e-01
    1.0008170190914326e+01    1.8527746317752118e+00
    5.6726589272294685e+00    3.2962176781203958e+00
    6.6613331121027457e+00    3.2756836242535745e+00
    2.3497343113501586e+01    3.8665221951605009e+00
    2.3933819152472886e+01    1.3937856353728331e+00
    2.8000848387004961e+01    1.6413120210564689e+00
    2.8454498055855474e+01    2.5159485196222047e+00
    1.0150714952260820e+01    3.4808788289594874e+00
    7.2119671617912173e+00    2.9109237795429128e+00
    2.0026143157586219e+01    3.1036813643104599e+00
    6.3781504921068519e+00    2.2858531370032986e-01
    1.6943447527475691e+01    2.2209822825183227e+00
    3.5733755447752746e+00    3.1507289956999314e+00
    1.1363354283627705e+01    4.0459515050240142e+00
    1.1717406588109624e+01    2.9349847968564263e-01
    1.6449617862512863e+01    3.2710630942569474e+00
    2.0289296335343586e+01    4.9149773254190920e+00
    1.3728718414842472e+01    1.1411123685257505e+00
    1.8891459146925975e+01    2.6991261134852356e+00
    1.5314531155665390e+01    3.2745018169167528e+00
    2.5604586255403849e+01    2.7230114474112086e+00
    5.5151843107143224e+00    2.4742395496706067e+00
    7.1194390835724786e+00    2.3686138536571777e+00
    1.1025536993851768e+01    3.0888958742110333e+00
    2.0985585293171908e+01    1.9680600998323211e-01
    1.9139160296699284e+01    1.1115835957317837e+00
    1.6313743324478057e+01    7.1961708188781548e-01
    2.0421956570578715e+01    1.0768455087263962e+00
    2.5889300332027549e+01    1.6010094599692739e+00
    1.7156731172742134e+01    1.7568488381458050e-01
    1.6159256350337206e+01    2.1617536667455908e+00
    1.7977766325999823e+01    3.4157529243312670e+00
    6.3947984974890533e+00    4.6934108554175360e+00
    8.9516849353475809e+00    3.3276890815438587e+00
    1.3439096894758229e+01    2.8095495863734881e+00
    2.9013186634846604e+00    1.1991197551243846e+00
    2.8151266615759408e+01    4.2429823321740940e+00
    1.5179488654564787e+01    3.6506635954168938e+00
    2.5348383068835616e+01    4.1309168277350494e+00
    1.1244030861666896e+01    2.6542006001687084e+00
    7.1729189539103615e+00    1.6483703466033335e+00
    2.3617910957514646e+01    1.0876587794127175e+00
    1.5545194926149154e+01    3.1333459032475481e+00
    2.8297552515518941e+01    2.1327731663244256e+00
    1.7915438039590182e+01    8.5407216127952024e-01
    1.8146236849547254e+01    4.9578082130038776e+00
    2.0827908238558432e+01    1.4366891899387719e+00
    2.6354252138680092e+01    3.5559523588610422e+00
    2.2594699912617955e+01    3.1822666471878787e+00
    1.6553429911788342e+01    4.4462545263354230e+00
    2.3185263257333762e+01    2.4265136931237050e+00
    1.7591015696673487e+01    4.1063136651469172e+00
    1.5551292291426083e+01    4.7142707601390121e+00
    2.4600011263382079e+01    4.0185355247070760e+00
    1.9076183457482852e+01    1.6215599244626731e+00
    9.9394786991883710e-01    3.1543296446160731e+00
    2.2646785182475874e+01    8.2622562909925046e-01
    2.4195010321739115e+01    2.4838574485169578e+00
    1.8121068640624841e+01    3.4924597051900581e+00
    5.8501852099682141e+00    1.4019722974695541e+00
    1.4774772930822850e+00    1.7505469637615820e-01
    2.7399082821586209e+01    3.5843457100744902e+00
    7.9087018104372788e+00    1.0686561821736995e+00
    2.8951170816455924e+01    4.6590362244295491e+00
    8.7968673264424857e-01    4.6890396942778994e+00
    2.3548165189003790e+01    4.0039854260313718e-01
    1.7198438992133195e+01    3.8188986779453900e+00
    2.7131452146673460e+01    5.0341318076093233e-01
    1.9345034937678982e+00    1.4742015811729541e+00
    1.2479476119510540e+01    1.4317907692950516e+00
    2.2108833943231343e+01    3.5763540377105301e+00
    2.1313134738510897e+01    4.7712918741359447e+00
    1.5674604525094027e+01    1.8031146829691000e+00
    1.6696443980721451e+01    1.9146387578427353e+00
    2.1876295970192004e+01    2.2302103835666043e+00
    9.6991211534187702e-02    1.4265935056913384e+00
    1.1100265900595203e+00    4.8651891193912444e+00
    1.7799828505924477e+01    3.0934061430243631e-01
    1.6033309333044279e+01    2.5012753605644771e+00
    7.8572929490622627e+00    3.9845813327608792e+00
    2.1872790999467714e+01    7.2816902878763012e-01
    2.4463178126754226e+01    1.6112782732993050e+00
    2.7137040237524136e+01    1.2893326027677643e+00
    3.3726072125612148e+00    2.2250278350265749e+00
    3.9299446095936158e-01    5.0022451619837849e+00
    1.9519218297061407e+01    1.3017739771668235e+00
    5.2225136235450709e+00    8.0224479864887865e-01
    1.5314127248361812e+01    3.9765518130109023e+00
    9.5049022962160485e+00    2.2676948585688601e+00
    2.6289685709250932e+01    8.5735785938818043e-01
    8.9909729442662432e+00    1.5669066034908006e+00
    2.8511701503419285e+01    3.3233982889348168e-01
    1.6160830196037349e+01    3.4059935670949377e+00
    2.0914515774487715e+01    2.8625761358606101e+00
    2.5863888083160095e+01    2.7569870761168462e+00
    9.7023009394023985e-01    3.8245045831670571e-01
    6.6250529106456524e+00    1.8229834573617404e-01
    1.5215818511792337e+01    2.1313622763295181e+00
    6.8055667752028770e-01    4.1972296263887721e+00
    2.0683887731936352e+01    3.7467772441531850e+00
    2.0414934517966607e+01    2.0496938545534036e+00
    2.3889686072585835e+01    4.2411430703252879e+00
    2.3954187707290135e+01    1.7322657691285228e+00
    4.7990817921373115e+00    2.9436948319243004e+00
    2.6972562764591075e+01    2.1555935656415981e+00
    1.9401617688112104e+01    2.9723671032337409e+00
    3.5060214888374435e+00    3.7668802011543159e+00
    1.5818929627478779e+01    4.6144196063387408e+00
    1.9756869603341229e+01    2.2560353808870093e+00
    1.1942040815832198e+00    1.5038111959834537e+00
    1.3535246816429279e+01    2.5147546616776748e+00
    2.1316581575650265e+01    3.9723001890552632e+00
    2.0925311665654377e+01    2.6068102834072819e+00
    2.5719395846718694e+01    3.6299590769234498e+00
    5.5095395396183404e+00    2.7574287096948047e+00
    9.7517017698648818e+00    3.1527597350440755e+00
    7.3172125672699435e+00    5.2270848665561731e-01
    2.3409896879498159e+01    1.0380016767300342e+00
    2.6625318750685040e+01    9.1931245584723953e-01
    1.0723285952443094e+01    3.8164881930689027e+00
    2.5660164384822529e+01    2.2618776850600923e+00
    3.8635157254375008e+00    4.6302668821444515e+00
    8.3772809105657196e+00    4.0837626786623709e+00
    2.6814370379969592e+01    1.9796116984756282e+00
    7.5455031552608771e+00    2.9478076013901191e+00
    2.5544061321243163e+01    3.0956934464071932e+00
    9.0523335487101910e+00    4.5833823275718517e+00
    2.6787640436510557e+01    1.3976827050162621e+00
    2.1096414550594083e+01    4.5653894985917747e+00
    2.3396689655673566e+01    1.6142828713025374e+00
    2.2344434829526289e+01    2.6916006603611913e+00
    2.7788496695771812e+01    6.8791826109125220e-01
    1.6326386773640535e+00    3.9435851653385767e+00
    2.1932369446198880e+01    1.7939637300324758e+00
    2.6272048221808692e+01    2.8756066082141546e-01
    1.7902693462212262e+01    1.1760997638323112e+00
    1.8928590763178914e+01    2.8771680895668985e+00
    1.0103076296091304e+01    3.8241164094154607e+00
    7.6291525394990458e+00    1.7452259857730159e+00
    7.4142956540906368e+00    1.0981233697011388e+00
    1.2947874763302448e+01    4.9419500371509946e+00
    9.4658165437282644e+00    2.8275243091640934e+00
    7.5188489065738793e+00    4.0345015614317581e-01
    2.6207699793322995e+01    4.8910796381063228e+00
    1.7050203800604226e+01    2.6963314625017181e+00
    1.9025533966060888e+01    4.1069466551085796e+00
    2.2201561855648251e+01    3.1622778379029763e+00
    1.6211555382231349e+01    4.8179982129372663e+00
    1.8133105926052870e+01    2.9375326113666902e+00
    3.8643617507655770e+00    3.5865469746010739e+00
    4.3652192211431853e+00    2.4814542303385858e+00
    2.3923108039450906e+01    2.8007126153512631e+00
    1.3738651991166119e+01    1.7144299613835550e+00
    1.3732008412414187e+01    1.4746605337147543e+00
    6.3333434259696046e+00    3.9414876934834071e+00
    6.0949854332980697e+00    4.3854424364875451e+00
    6.2617361716248761e+00    3.2199156523466290e+00
    8.8874297628210286e+00    1.4162301647299906e+00
    1.9443245573823901e+01    4.3821268843607948e+00
    1.0707451817249810e+01    1.9751179723611136e+00
    6.6154529968771367e+00    3.5835372899091604e+00
    7.0503364178448305e+00    6.5255810233812073e-01
    9.0808795611398772e+00    2.7173270728104986e+00
    1.5098458309439016e+00    1.6323530300617244e+00
    6.0261541787450286e+00    3.3363342117358386e+00
    2.0026653643128824e+01    1.4652507046577719e+00
    2.1855847481695491e+01    2.0491280815493083e+00
    4.9927979149420878e+00    2.1672108359185622e+00
    1.8115107525937570e+00    4.2925710673386748e+00
    2.6500592538675487e+01    4.7317795664687905e+00
    2.0740543754908806e+01    2.4310336399072527e+00
    2.4682861310827562e+01    3.7775469873177951e+00
    2.4874076599475952e+01    1.3060583012639815e+00
    5.7828255828951614e+00    4.5394819636919435e+00
    9.4023316412019362e+00    4.6587148547053996e+00
    2.0288501843016309e+01    3.8645024769751650e+00
    6.3333876317164730e+00    2.2906466034544670e+00
    2.0893398749764589e+01    1.8948736417481493e+00
    1.4866662750723794e+01    2.3174871823923060e+00
    2.0875750967833355e+01    4.2817465332702751e+00
    2.7220041674513691e+01    4.2004879532678645e+00
    2.6467203877510116e+01    1.1631492966744561e+00
    2.8159497968049539e+01    7.5825267453851930e-01
    2.0676168681863352e+01    1.0743552718380931e+00
    8.7871911123437592e+00    2.8636808556415918e+00
    2.6908088985562888e+01    4.6978255561900468e+00
    4.0958655515514710e+00    4.0005132050438155e+00
    2.7245708863373359e+01    4.7964889076275510e+00
    1.2372734985336409e+01    1.8116273170321109e+00
    2.8256699138714605e+01    3.8789104730681029e-01
    2.4626697606652421e+01    1.9662693746219044e+00
    2.7892174916690333e+01    3.5578028235361088e+00
    6.1467188738555711e-01    6.3585865478884496e-01
    8.6933683507441408e+00    1.8412113772875713e+00
    2.3008066640466183e+01    7.6678405668266758e-01
    4.7926060741118430e+00    3.2985928589552067e+00
    1.3200093982628958e+01    3.2175857067075859e+00
    1.3271383924489319e+01    4.2493961621539462e+00
    2.1444092749712510e+01    6.5984572854401413e-01
    7.8604309515317290e+00    1.4178655351408438e+00
    3.4310097864256868e+00    5.0099356297108644e+00
    1.3201408043871479e+00    2.6063856660140767e+00
    9.4013203590475527e+00    3.6873352296791331e+00
    1.4492140157651017e+01    3.3294712998124587e+00
    1.4053186174622390e+01    1.9754954167723868e+00
    2.6696053395697752e+00    4.4723853414954506e-01
    2.8870878041188853e+01    2.7155345600529017e+00
    2.7166262658436729e+01    2.9557846798020311e+00
    2.7517551800960295e+01    2.9768045729936796e+00
    2.1845846688414280e+01    2.9685037026249130e+00
    6.1824789008392438e+00    4.4101428626793893e-01
    2.0014207605931805e+01    6.3694411781982097e-01
    9.7963132407111919e-01    8.6043742549363589e-01
    4.8932673436403373e+00    1.0325204063416473e+00
    3.2208566347073249e+00    3.0114484351468387e+00
    1.9704791600181423e+01    1.4693674708075541e+00
    2.8072103206491100e+01    3.8746575059238735e+00
    1.7541396865267547e+01    2.0461137946152554e+00
    2.3001222016399726e+01    3.1213837675891942e+00
    2.2474003690271527e+01    2.9551401236792016e+00
    1.5856568095925260e+01    3.0992899775277358e+00
    1.6851524401875050e+01    4.5758660183762689e+00
    2.4253234134829952e+01    2.9865728319352005e+00
    2.0259016609855216e+01    4.3462527702167115e+00
    2.3240769325329470e+01    1.2002139987489167e+00
    2.4521031338241180e+01    2.7574858138308276e+00
    7.1248806293445011e+00    4.2419799517249022e+00
    8.8267431446272759e+00    4.3955850514936401e+00
    1.8756112050062704e+01    1.0201115504166542e+00
    2.5424340653118715e+01    3.0463677766749891e-01
    8.7969369656327583e+00    3.1325786114429910e-01
    1.4252870799924183e+01    4.1555207169929922e+00
    1.7647318679229173e+01    3.7053963656214939e+00
    1.2630578629004179e+00    4.5613201476471952e+00
    2.3554082097944189e+01    4.5166750683221011e+00
    3.5446177686513436e-01    8.8326999653015170e-01
    1.2251168575890670e+01    4.2887685253265628e+00
    2.2349929058859647e+01    4.2110577290115057e+00
    6.9356860883303497e+00    1.1418972324780228e+00
    2.1555544520939900e+01    9.5391762283293435e-01
    1.4054197456776771e+01    3.9657311654754324e-01
    8.4412072650025518e+00    3.0698343561614636e+00
    2.3131143917561733e+01    4.7574918198173755e-01
    2.6337217787181424e+00    2.1526902169654392e+00
    3.0396116192080633e+00    7.1408519289147376e-01
    2.6972708704111561e+01    2.6617923619130552e+00
    1.2099919521318373e+01    9.1509910316834098e-01
    7.1760066950511971e+00    3.4332720251500426e+00
    6.4403752280683479e-01    1.2209744708178487e+00
    7.8517321083295135e+00    2.8317635797329368e+00
    2.8157723682593051e+01    2.6298492892260907e+00
    7.4597040394969261e+00    2.6715486913585034e+00
    1.9048399842797096e+01    9.5061878411184908e-01
    1.0238935695171703e+01    4.5567814285601829e+00
    1.6548200311378015e+01    2.8124335571880059e+00
    2.8850807420994339e+01    1.5650403943031508e+00
    5.0820856513595691e-01    1.2660863749410336e+00
    9.9349109738647154e+00    2.3076669060034432e+00
    2.8085248663381716e+01    3.1680871391554524e+00
    1.5717577355515335e+01    2.9242476338722603e+00
    1.9064511929193295e-01    2.3488627865122820e+00
    1.3085873599419633e+01    3.8081191478100895e-01
    2.4790694871951697e+01    3.1979005242922689e+00
    1.7861427700289884e+01    2.4414060036854268e+00
    2.5448277156710585e+01    2.8541727444925997e+00
    2.8660103829004903e+01    4.9583931216463437e+00
    1.2323699912012398e+01    3.5389943076925876e+00
    1.3047626545005993e+01    2.7738484802003671e+00
    2.0526785352032164e+01    1.3401532854861633e+00
    2.6589877852860266e+01    5.0532046495967897e-01
    2.0742681980829239e+01    1.6949195430579111e+00
    1.4941039222608635e+01    4.1653417200516660e+00
    2.0551334680498424e+01    8.1571937640830128e-01
    1.2245086955126324e+01    5.6329437630232859e-01
    1.4128476433795232e+00    4.2655868500014229e+00
    2.5270850427736022e+01    2.3905725436895087e+00
    1.1922424969828064e+01    3.1432401182897340e+00
    2.0824669713431705e+00    9.9846042338205454e-01
    2.4879762185193009e+01    3.9715369435298840e+00
    1.7679780836384840e+01    2.2514298081773365e+00
    2.3903362603997049e+01    4.9479747354467722e+00
    1.8872651115528996e+01    1.8288432754278419e+00
    1.0771586483699283e+01    1.0894307637481386e+00
    1.6112034318192968e+01    4.4512827786521365e+00
    5.7438385363901103e+00    4.2660408369661775e+00
    1.0972545808962140e+01    1.2892213617307822e+00
    1.7224126769970855e+01    1.4150317650991389e+00
    1.1662344999815305e+01    1.3901149839315137e+00
    7.5847324250364396e+00    2.2927136157333701e+00
    1.6916224659661168e+01    1.8377474634076332e+00
    2.4940655298724877e+01    8.8828189877610642e-01
    8.3759856216266613e+00    4.5983347095046598e+00
    8.8332656117439534e-01    3.5692710659458915e+00
    2.2284164229799639e+01    2.3153316980638485e+00
    2.2734788530001470e+01    4.5447491692650157e+00
    5.2888256349731648e+00    1.6390084171980943e+00
    5.9066684066371597e-02    9.3209821118114733e-01
    2.2137115932296176e+01    2.0478062086063140e+00
    6.9558451200186031e+00    2.0848068426257242e+00
    1.1926707477250694e+01    1.2341656473507738e+00
    1.4904395080687600e+01    2.7327820074737992e+00
    1.4245198983388933e+01    3.4349042466583790e+00
    1.4984699361560015e+01    4.8184391804012314e+00
    1.9154354356900246e+01    2.3344527424821466e+00
    1.1200789163415324e+01    1.7395052776817295e+00
    4.2753493010950310e+00    3.5067353153050598e+00
    1.0561059339251251e+01    1.8839244232512540e+00
    7.3976113152178591e-01    3.2687815932720063e+00
    1.5727526676351562e+01    2.9500632560015361e-01
    2.1904858938250626e+01    3.6400193360175712e+00
    4.5863249219284121e+00    4.5637701149167755e+00
    2.6135760693097669e+01    2.7445730729473548e+00
    2.3585038231915458e+01    1.7629018050478118e+00
    2.4911317216200619e+01    3.6064361695659786e+00
    5.2162740732083499e+00    9.7678440790640975e-01
    1.3314612906019189e+01    2.9640532739200021e+00
    1.8440255327549444e+01    4.7079748323360811e+00
    8.1568977012406076e+00    1.7142821446327259e+00
    1.6675876802822387e+01    1.1388183930423788e+00
    9.0288590860068236e+00    3.4625444046121738e+00
    2.6225643087644253e+00    2.4765247445604222e+00
    2.5352094534898018e+01    1.1048732239130079e+00
    2.2848419099547105e+01    4.0109394634996782e+00
    9.1909882043322852e+00    2.1079907585161162e+00
    4.8775743035021246e-01    3.2322955020349782e+00
    1.8406937516690696e+00    2.4636874562257134e+00
    1.1898188714938938e+01    2.0501214997374904e+00
    2.4080989772727960e+01    1.9965885825033654e+00
    4.7767882889893176e+00    5.2090792602985769e-01
    5.1252695793611238e+00    4.1418905217428692e-01
    4.4642073334306263e+00    3.9467740346948506e+00
    1.4483365619676766e+01    1.5097789112548436e+00
    2.6561513507883461e+01    1.7910171445025309e+00
    6.4444651679909217e+00    2.7376602024744319e+00
    1.3185338952105798e+01    1.0469359609511866e+00
    1.7200227810985915e+01    1.0406133280326808e+00
    1.5328269454010583e+01    7.9641932899309609e-01
    9.6792206950717858e+00    3.9365577838145200e+00
    2.1239111307042823e+01    9.9275182645429338e-01
    4.3907720200633538e+00    3.1922338925461240e+00
    2.1579467702251890e+01    4.6600142118448395e-01
    2.4147182731418599e+01    2.2276125995461946e+00
    2.4753872695926834e+01    2.9382709684510244e+00
    1.9436109070716480e+01    2.5161983123699185e+00
    1.9765145161378225e+01    3.1876106980935210e+00
    2.1669797604290743e+01    3.0678355902890266e+00
    1.3567213626996752e+01    3.1374858017196643e+00
    5.9055835491643602e+00    2.1344852609562124e+00
    1.7873132534279133e+01    3.2538766265444004e+00
    1.9841752509584474e+01    4.6360837528741312e+00
    1.0574752220733222e+01    5.4653730989258009e-01
    2.5764441502777391e+01    4.2996095911331755e+00
    2.6911801057183467e+01    3.4838227500334575e+00
    2.0625513134859624e+01    2.6620768531442698e+00
    2.5069240732991840e+01    2.9492932172639792e+00
    3.8781276020077886e+00    1.5620667403227262e+00
    4.2172084494743451e+00    2.9964586297187363e+00
    4.9583492847449602e+00    4.1620245934736575e+00
    2.4763842605741054e+01    4.8575453401995565e+00
    2.5355315498837633e+01    8.1743019936791839e-01
    2.1596059996281873e+01    2.2701375591403252e+00
    1.2064789880396205e-01    1.7958097911490406e-01
    1.5713309987047110e+01    4.0943026609437387e+00
    2.0964307189973894e+01    5.1956583955493896e-01
    1.3321466613458288e+01    8.2449639717107448e-01
    1.2397477486860902e+01    4.1757044554548379e+00
    8.8229687005145419e+00    2.6803835429271108e+00
    2.7890559287476030e+01    2.2510271119901124e+00
    2.5296742278679083e+01    1.2586775523217402e+00
    1.8960629029611187e+01    3.2628856972003226e+00
    1.8056467088821460e+01    4.6834625144349928e-01
    6.3488336041187647e+00    2.5392468254520946e+00
    7.9798688239878555e+00    2.1151081259851674e+00
    5.8598025638122069e+00    2.8683358528590519e-01
    1.0941759836838405e+00    4.2181508741535056e+00
    2.3598167944293493e+01    7.1574713519510180e-01
    9.3346980596099360e+00    1.8740627981995545e-01
    4.0823056506450106e+00    4.3271513458833253e+00
    2.2040199373973959e+01    2.6559364932368235e+00
    2.4559092486294706e+01    1.0040132707468772e+00
    1.0295324666988419e+01    1.5401452315624189e+00
    7.3140945482202948e+00    3.1948867218047572e+00
    2.9505019168944071e+00    3.2729485711552053e-01
    8.2878193789516459e+00    1.3989117458908336e+00
    2.6665679203133887e+01    4.4386992191932881e+00
    1.7533771071153691e+01    4.8855280624136705e+00
    6.3916114448073085e+00    3.0668373276354344e+00
    2.0310238959311942e+01    3.5507652080788730e+00
    2.9497806365506438e+00    1.8367726964112805e+00
    1.6511098973033889e+01    4.1711220756233161e+00
    1.9829965319683247e+01    3.4152929423405674e+00
    1.2233878678841615e+01    4.5197674117050761e+00
    1.7399131871798488e+01    2.1986192612916917e+00
    4.5316243674187904e+00    1.4683308763214036e+00
    8.6782039628938179e+00    1.5829935592226814e+00
    2.0540258415896144e+01    4.1828834687462342e+00
    1.4620906653812686e+00    1.2623142925051880e+00
    2.0187117476469524e+01    3.9680950829281647e-01
    1.7550652821991935e+01    4.1586939739089201e-01
    5.0726332515627943e+00    3.2509137514995134e+00
    1.1592791798804507e+01    1.7193934795312251e+00
    1.0262600908700599e+00    1.3122844082091889e+00
    1.8772313153510815e+01    3.6794291226854812e+00
    1.2955473307298369e+01    1.7027906978997426e-01
    2.3529882176545644e-01    1.9080957623038823e+00
    1.2582382253754309e+01    9.1781902827290573e-01
    2.2634627390970763e+01    4.3866685101270528e+00
    5.6490712251471349e+00    1.8673248625231547e+00
    2.2320438375674971e+01    2.6360554237120837e-01
    1.0428977412074467e+00    2.7351665139045238e+00
    1.9484468341115765e+01    5.6249484573102682e-01
    2.3702661852075462e+00    2.9535492617943051e+00
    4.3648324511359968e+00    1.7457773150640468e-01
    1.3347095652152850e+01    3.6028119038809621e+00
    8.9614586443126889e+00    9.5604349536657174e-01
    1.7690891617803167e+01    2.6520606181295641e+00
    2.3419247908856229e+00    4.7866800157324016e+00
    2.8653649184403971e+00    2.5655906044621162e+00
    1.8347947672506873e+01    4.4951895614487132e+00
    4.1371506913354921e+00    1.4519501643182111e+00
    1.0484551908144093e+01    3.7314171399002896e+00
    6.3071736238236280e+00    1.0575339557058416e+00
    1.4147920906835481e+01    4.9497519881383267e+00
    2.8789190059883644e+01    3.5217871904462301e+00
    6.5291076676381836e+00    4.9603707535384283e+00
    6.6693985414525772e+00    2.1376247167653020e+00
    2.1828111100547485e+01    4.0668151036503657e+00
    1.1248904393869571e+01    1.1764965861052252e+00
    7.6480138600155385e+00    3.3868337669533584e+00
    1.0746124579061373e+01    3.5807204149405742e+00
    2.6153302502348051e+01    4.5557233973145923e+00
    1.7286378756050283e+01    3.4419603921958091e+00
    2.7867400320582497e+01    2.6389919460156999e+00
    9.8475489124477933e-01    1.6775633979443720e+00
    1.9172920770584891e+01    1.3273711635013130e+00
    2.7639989003063519e+01    3.6462369651483106e+00
    1.8518336604356747e+01    2.4069127438507083e+00
    2.6311751038078102e+00    3.2362325385180419e+00
    1.2961321182606675e+01    4.6933188711305593e+00
    9.7336325194429598e+00    4.9994252592243162e+00
    2.3345836696704371e+01    4.1443036601147289e+00
    1.5534592208040723e+00    1.9921617100115114e+00
    2.4069074810051538e+00    2.0188833743397144e-01
    2.7142006420127789e+01    1.6342415237902612e+00
    2.5995617575478285e+00    6.8966886922305071e-01
    3.4196065204082187e+00    3.9944095419618515e+00
    1.5245435151077682e+01    4.6383940178724448e+00
    1.1892802274960957e+01    9.3703302587126203e-01
    2.9066741594398348e+01    1.4428650961111658e+00
    1.2143175752966176e+01    3.3023264278910407e+00
    9.3538452035856317e+00    3.3488182174305083e+00
    2.4137594323255435e+01    4.1267634858714191e+00
    4.8784652612468813e+00    2.2352839123175983e-01
    1.1675957947618006e+01    2.2223471500918328e+00
    2.3917897816902219e+01    2.2471716441933931e+00
    7.7669915082576937e+00    4.4600701544597241e+00
    4.1824629141033896e+00    4.6982162623253796e+00
    1.6285902181765554e+01    4.0181587464097968e+00
    9.1797127110900101e-01    4.0277922686570964e+00
    2.0918049206446288e+01    3.8533622654294710e+00
    1.2042246160609773e+01    2.3484737153840238e+00
    1.7861634195627992e+01    3.7912384154601431e+00
    2.3195021221786288e+01    4.5653178610595209e+00
    3.5454129270926127e+00    4.5637745960472795e+00
    1.0232100154477891e+01    1.8400168036338335e-01
    2.1995503730541145e+01    4.9903572072020248e+00
    8.8553696962944073e-01    1.9597954127151469e+00
    1.6099775398472417e+01    2.0817568871645284e-01
    1.6912581016114508e+01    9.2527599276721317e-01
    2.2782012378820241e+01    4.7387992574040085e+00
    1.1496978567479466e+01    1.0987496379670443e+00
    2.5618224636649952e+01    4.8663651133695742e+00
    1.6021419198253085e+01    9.9049139889388749e-01
    1.5425821242859712e+01    2.3476702002399219e+00
    6.2542690337532072e+00    2.9210899507620649e+00
    1.3536347115635571e+01    9.7785636699005496e-01
    2.0084729700024646e+01    4.5862098603643409e+00
    2.5793468933957218e+01    1.3471907192759462e+00
    2.0908883477890164e+01    4.6789115521122175e+00
    1.4828785086797680e+01    3.5923855243134644e+00
    1.4969476840124768e+01    3.7197184330092187e-01
    1.9609013491230609e+00    4.0371002428288287e+00
    6.9865759863482975e+00    4.0595654326804004e-01
    1.3835554016092102e+01    4.8070402744026319e+00
    2.1860097288976601e+01    2.5248373979407390e-01
    1.6396537660571322e+01    3.5669760004578026e+00
    2.1937092799973840e+01    1.0088418099770553e+00
    5.4031129323609690e+00    1.1643836664609786e+00
    2.7339236718141130e+01    8.7916207152974291e-01
    2.7885327870391173e+01    4.1487207225641267e+00
    1.0986766737173824e+01    1.8991602669663772e+00
    2.8056568822595072e+01    4.7880629894953826e+00
    9.6047267449007462e-03    3.1981584920753630e+00
    1.2644207321319463e+01    4.3185848171426260e+00
    1.7927742376173953e+01    7.1772305335754760e-01
    1.0020359471444602e+01    2.7474021196352845e+00
    5.1863098435298234e+00    4.2070804229097192e+00
    1.7057836861416196e+00    2.7437828304879164e-01
    8.7251068658791588e+00    2.4854361386825112e+00
    1.1385893764506903e+01    7.7468536159998158e-01
    2.7690759606120739e+01    2.6848485765446728e-01
    4.3601090368052207e+00    7.1740779977097802e-01
    7.7726080603426615e+00    4.6567652601568765e+00
    2.1122004833565363e+01    4.2327540306860554e+00
    5.4568134680982867e+00    8.9922706003322095e-01
    4.9163857986918735e+00    1.7086340429667748e+00
    7.9558899313236466e+00    3.3147481216493713e+00
    1.4211268953213970e+01    1.8403917168119299e-01
    5.8083696012217745e+00    4.9436776340720945e+00
    1.1724638769408896e+01    7.3072474468153392e-01
    9.5856522679062035e+00    4.8332212188190526e+00
    1.3326250523050875e+00    3.0978478407309331e+00
    1.0438863149302184e+01    4.8011392916422677e+00
    6.8344361556986968e+00    1.3044805194356923e+00
    6.0416508363666752e+00    4.6351941879131804e+00
    2.7433838833113619e+01    2.3401310009452763e+00
    1.7064073505073669e+01    8.1558530582807365e-01
    2.4027148384158838e+01    3.8363068405062712e+00
    2.1148933400106216e+01    8.2526878662491543e-01
    4.6594116760094195e+00    2.2385598802569264e+00
    1.7691962244658825e+01    1.2699435383006463e+00
    8.6066923867409404e+00    5.3471522772923563e-01
    1.8395648095610369e+01    3.0898281310234115e+00
    1.1508666445839784e+01    3.6209921531165961e+00
    1.5638437563015897e+01    9.3049221034184371e-01
    1.5090900943399085e+01    3.0316596053940699e+00
    9.9294579224873427e+00    8.3751704852156006e-01
    1.3027028483639938e+01    4.0871881395981156e+00
    8.8513427344221671e-02    3.4617116410081574e+00
    3.9116080657926849e-01    5.0204022898576883e-01
    2.8296735011980971e+01    1.6864176273746208e+00
    2.2662658073392439e+01    1.0732931833527213e+00
    5.8500040269618721e+00    2.5813374181663820e+00
    2.0565610714504150e+01    4.3429170034074760e-01
    1.9545759911927618e+01    7.8449564627893587e-01
    9.1529319007441696e+00    2.3313780813979190e+00
    2.1735888223649593e+00    4.0962096241966517e+00
    1.3100598957592155e+01    1.5887856626229511e+00
    9.6546029385316068e+00    2.6558084782383586e+00
    1.6524094857054966e+01    4.8396878534718777e+00
    1.2755820776579916e+00    3.7232726246526373e+00
    1.6961490133337854e+01    5.7552400517388913e-01
    1.3715971415231847e+01    3.5146312489213503e+00
    1.4441659011402056e+01    2.6785254482190233e+00
    1.6808901584079631e+01    2.5374389315168204e+00
    4.5963593236884064e+00    4.2281230850887965e+00
    9.8362522246693498e+00    3.7136843376011059e+00
    4.9644478611382432e+00    7.7249188455154483e-01
    2.0499602451057275e+01    1.8159468846151281e+00
    1.1923466529891261e+01    1.7228057392987270e+00
    4.6592206224048054e+00    1.6157224041991824e+00
    1.4992205860713142e+01    2.0677050925020390e+00
    2.3722566549329677e+01    3.9000704814611393e+00
    1.8496698799602029e+00    3.7712826090958478e+00
    1.7014757452755862e+01    3.2413516851170150e+00
    2.0227390122982811e+01    1.7907554828145613e+00
    1.3120297159508262e+01    3.4349796992071431e+00
    2.0763392070457904e+01    2.8900182762907622e+00
    2.7689122176812084e+01    1.5764040568158901e+00
    1.0547278046275544e+01    2.2686553343922524e+00
    4.9186253344951973e+00    4.9999303552991492e+00
    1.2158275951649813e+01    1.3905823537319641e+00
    1.0953202464137332e+01    4.8916096226222008e+00
    1.9327906724662991e+01    4.5822700383136663e+00
    9.3006656901031821e+00    3.9621668390892650e+00
    3.4511328479582701e+00    2.7651444291978353e+00
    2.8936997121781989e+00    3.3877700810055176e+00
    9.0237227415556429e+00    1.9295350650884204e+00
    3.0801492579792886e+00    4.4579899410125785e+00
    1.6046187133220982e+01    1.6059290145933465e+00
    1.4752831135863639e+01    3.3272952980224291e-01
    2.6913280435808109e+00    9.2805592868704689e-01
    4.0162346513710743e+00    2.1052986285318425e+00
    1.0871763972800750e+01    3.3378224315098568e+00
    2.0746664736954614e+01    3.5754755544642056e+00
    1.7414815223005881e+01    1.1379704904839560e+00
    9.9825508411505854e+00    4.4879274050197138e+00
    2.2235868543008859e+01    3.3541056486466689e+00
    1.4645744833529031e+01    1.2044904505897833e+00
    8.0000974948663810e+00    2.9917398891465202e-01
    2.6981288252353046e+00    2.7351445926985432e+00
    1.4038876834916969e+01    2.2279404487428311e+00
    1.0294688830903329e+01    1.9232075271486866e+00
    2.1725325472380796e+01    1.4533837021889111e+00
    1.9524815471284732e+01    4.1748607312478319e+00
    8.3748798723967806e+00    7.5795165156909217e-01
    1.4731855811753764e+01    1.4869609341703762e+00
    6.8645257359197123e+00    1.0408195205917028e+00
    1.1747531290704865e+01    2.6782923083211565e+00
    8.5866956446439282e+00    4.4458993059092187e+00
    2.1527959529335963e+01    3.7909786310025200e+00
    7.3701540963891174e+00    2.0719636803767054e+00
    2.5131851209511623e+01    3.5397691193791334e+00
    7.8653390005504527e+00    2.4254778253073659e+00
    9.3317713969439904e+00    9.7982249327679038e-01
    5.9351027541391421e-01    4.7194609992678807e+00
    3.9348458158049473e+00    2.2293726290126556e-01
    4.4809661559590861e+00    3.9468214608606556e-01
    9.6965596423331188e+00    2.2278240604613506e+00
    2.3872459153587116e+01    2.3397990945088591e+00
    5.0892181577830273e+00    2.4081796321112967e+00
    1.2801289112245659e+01    3.1230049073829047e+00
    2.2982902064892823e+00    2.3268898658628081e+00
    2.0259453822858490e+01    2.8000211890255904e+00
    1.3082564223986280e+01    3.7015748696384638e+00
    2.6155380778009032e+01    1.8351501032779469e+00
    8.8968395313221933e+00    3.0359858946728444e+00
    8.0989990728904324e+00    1.2148918206046013e+00
    9.1981895021645677e-01    2.3098378320653952e+00
    1.4574031606503452e+01    4.9614467093060366e+00
    9.3047744023292189e+00    2.5272469029635412e+00
    2.1157049090784675e+01    3.2623635243849192e+00
    2.6758000180456335e+01    4.7612632251786247e+00
    1.8541027474780016e+01    8.4304131354046252e-01
    1.3550229536826716e+01    3.3388080379975649e+00
    1.5000806603490803e+01    2.4876549038403892e+00
    1.2530169211121196e+01    1.8063982010683253e+00
    1.3329719765842764e+01    4.7069432034269747e+00
    2.5868226907493113e+01    6.6119304098599396e-01
    2.8509980507082304e+01    1.3262347730277122e+00
    1.0956227227227833e+01    5.2698913501464539e-01
    1.4306019429939645e-01    4.8236245750646889e+00
    1.9930615749720384e+00    3.1748240344223491e+00
    1.5053258841603544e+01    7.5966532670771947e-01
    2.7500124442205223e+01    3.2252193125219137e+00
    7.5541202481092959e+00    1.4370323597572678e+00
    1.2952848818162385e+01    1.3598465823810426e+00
    1.0168238594765919e+01    6.9285621257272001e-01
    1.6128338972089217e+01    1.2764951327656022e+00
    2.8461056856462729e+01    4.1978910170289012e+00
    2.2955244406307738e+01    4.4477268199294038e+00
    2.1156439293701165e+01    1.2165486277748945e+00
    6.7072737831459839e-02    4.0855983071621189e+00
    2.6259365411364751e+01    1.6260736339970048e+00
    1.1541063202712415e+01    1.5100676413932923e+00
    8.9691873833165090e+00    2.6178113376840670e+00
    1.3337076086568176e+01    2.5966381171621848e+00
    2.3366686064713580e+01    4.3376447607409370e+00
    2.1834134587726908e+01    2.6398552297518001e+00
    2.5902087904035987e+01    4.7859381464106452e+00
    2.6435192861195773e+01    1.5692885060213677e+00
    2.0757506650542673e+01    4.0513541739611201e+00
    2.5737452985977090e+00    4.5843644218221371e+00
    1.1273872768593815e+01    4.2986483996005742e-01
    2.0809579203678886e+01    2.1693121833460602e+00
    8.3849315325647993e+00    2.7137514334470372e+00
    2.1530086855209223e+01    2.0142553789613347e+00
    2.7185892432278916e+01    2.1182702902258672e+00
    2.3073452995666019e+00    7.6898033746546046e-01
    7.1165869045622152e+00    1.8504787790614936e+00
    2.6150687096584715e+01    2.3675572151953923e+00
    1.3111934401093881e+01    2.4939057175591888e+00
    1.4784908763577372e+01    3.3151817013035854e+00
    2.6718943494761010e+01    4.9557144956094010e+00
    1.0226484813509277e+01    1.3604396660588880e+00
    1.3988795962622529e+01    7.0534551690143155e-01
    2.1093370409641938e+01    2.0694222132666895e+00
    2.5386871740961588e+01    2.2023275784515759e+00
    2.0397772393692748e+01    5.5482528187219204e-01
    2.0468485844169294e+01    3.2460783694619435e+00
    1.6179103519564677e+01    3.2338562071226966e+00
    2.7535083315721682e+01    4.1506097007392055e+00
    8.4263093227497912e+00    3.4109211756427551e+00
    5.6731345326211162e+00    3.0025180264980147e+00
    4.9376600263175581e+00    1.4809083196426722e+00
    2.0855733636758348e+01    7.5360370147435252e-01
    2.1454723323497049e+01    3.5550248859582569e+00
    1.3799396137386616e+01    2.8961264205032307e+00
    1.6098061063275377e+01    1.9242585339194327e+00
    2.2910502134895349e+01    2.1451484973982193e-01
    1.6826044330491854e+01    3.8400231510340816e+00
    1.2379616548451618e-01    6.0095893825062718e-01
    2.4090055584184999e+01    3.4445087130738195e-01
    9.0655668115363675e+00    2.1526866066881478e-01
    8.0213671202499270e+00    4.6589162743154322e-01
    6.1506634798158375e+00    2.4992921575371705e+00
    1.4704688049733281e+01    4.2466979765879103e+00
    8.9788605696243540e+00    3.6895572648511630e+00
    3.2362399923941894e+00    1.2053533709909776e+00
    2.8814533275119008e+01    7.7202535647695947e-01
    4.9576722101480648e+00    3.5308557874708808e+00
    3.2449463445177908e+00    3.8082937798275251e+00
    2.0795006446166788e+01    1.2204315879128165e+00
    1.2955132378045123e+01    2.3911645979184546e+00
    4.1818695882022734e+00    3.7548954176201690e+00
    2.5297505887539371e+00    4.1730720335067453e+00
    8.2373769884259680e+00    8.9482210874734847e-01
    1.4901208028005856e+01    4.9347114369350518e+00
    1.3697972409558373e+01    3.2672693933942081e+00
    1.5184180519314581e+00    4.8352237997080003e+00
    7.3719834876396497e+00    4.0575885770533420e+00
    2.4937342895500642e+01    2.4047630728807432e+00
    1.9061982512690985e+01    2.1682160624911813e+00
    2.8949540653845382e+01    4.1612346428327038e+00
    2.5564851950109272e+01    7.0809865687196505e-01
    1.6194348446652445e+01    2.8191798991624526e+00
    1.7279337931134712e+01    7.9961292170314457e-01
    9.4796153978910827e+00    1.7792357679597957e+00
    3.4910978103621901e+00    1.3931379303474873e+00
    2.6411424097218731e+01    3.9332284855171684e+00
    9.6165212015000883e+00    1.5588009045222480e+00
    1.7624786465048089e+01    4.4001991020177806e+00
    1.3713352376119451e+01    5.0105307722865096e+00
    5.9362127422762567e+00    8.9650422824941012e-01
    1.5953922472808923e+01    7.9632782915266065e-01
    2.7195098733232854e+01    3.3434427986113344e+00
    1.5487693543962616e+01    1.1756533463447598e+00
    4.6502192423377204e+00    3.1487518482543875e+00
    1.1767941023478096e+01    4.3395473034191632e+00
    2.5119824824130767e+01    2.8898435837175096e-01
    1.6754802227727421e+01    3.0349420940443959e+00
    8.3745534765397682e+00    1.6026261186324799e+00
    1.7131580525006825e+01    2.9259208516691304e+00
    2.0522599128359563e+01    4.8889141015121398e+00
    2.8217466841148163e+01    1.2329653099337579e+00
    2.3604206570427323e+01    2.5557652413845724e+00
    2.8200711046410586e+01    4.5095865254222405e+00
    5.8510949400164352e+00    1.7317954926488262e+00
    2.8604278026292125e+01    2.1808148214602552e+00
    5.1830208148511936e+00    3.5501731538499275e+00
    2.5447038790240100e+01    3.8697888787424257e+00
    1.4163911276038244e+01    4.5463034554360657e+00
    2.2565637359063906e+01    4.6888422823124332e+00
    5.0088469021763151e+00    4.4220445526711476e+00
    2.5126244951915652e+01    4.2936940749765808e+00
    2.3391245082110661e+01    3.3990549603995235e+00
    1.7590044986916915e+01    9.9336628633576141e-01
    2.0163001727657477e+01    2.0956891469441414e+00
    1.1099239479486414e+01    1.5119822952350443e+00
    1.9420613442543733e+01    3.9503465251557954e+00
    1.8038313665813032e+01    3.1233327565795408e+00
    1.7539442729032700e+01    1.6987702269450378e+00
    9.7107714871721580e+00    3.0553483860966268e-01
    1.4197745022463180e+00    8.3751644296338379e-01
    2.2089525720780760e+01    4.5210590176998600e-01
    1.8092094498564524e+01    8.2736746959643792e-01
    1.7327208516085744e+00    1.7315476982430940e+00
    2.8491925184498434e+01    7.4733366128345635e-01
    1.1259714212874288e+01    2.1032610028406734e-01
    2.2294357590580905e+01    9.7970089719499398e-01
    1.1260634055744053e+01    3.5548854864660782e+00
    2.3833395806751852e+01    3.2836656186473162e-01
    1.5743497667692683e+01    2.1522847957664215e+00
    2.4602887664719395e+00    3.5665080856549936e+00
    9.3531954396624872e+00    4.9689122121706299e+00
    2.9022871932317972e+01    2.6020593271400883e-01
    1.8208238740099880e+01    3.9698996958886843e+00
    2.4443737892621211e+01    2.3857427327871603e+00
    4.2235410741027595e+00    1.9306127769747403e+00
    1.4748114443228618e+01    2.7579074034331517e+00
    7.3372359539267125e+00    4.7576249105439183e+00
    6.9272930520071538e+00    4.7607604302248623e+00
    6.8879281372001051e+00    1.8729844092386376e+00
    6.3652533140685099e+00    3.4805724770781095e+00
    2.1736167385968855e+01    1.1143033997247132e+00
    2.1335725086276902e+01    2.6441802473584040e+00
    1.9608074876057380e+01    1.9029098831938833e+00
    2.4477980390815137e+01    4.2955969204338951e+00
    1.9058824526801704e+01    4.4592610681804015e+00
    2.8957710844759713e+01    6.6480079309954354e-01
    6.0813228297249138e+00    3.9248926138858127e+00
    1.8945348980149198e+01    2.3753537876755587e-01
    1.9266988177687725e+01    3.6974985547748567e+00
    2.1921672866573125e+00    1.2539142317071472e+00
    1.7027238006768929e+01    4.8958716621784717e+00
    2.0752926814055492e+01    3.3035211445776202e-01
    2.7588000016955629e+01    4.4093185659292384e+00
    1.0607437223297762e+01    1.2513700395853380e+00
    1.5590168520784877e+00    3.6722987357156396e+00
    1.4700810055172406e+01    1.8515526759313028e+00
    2.5164343039017929e+01    3.3158887510302057e+00
    6.2575935481409664e+00    4.6099809860182681e+00
    2.6391916040569974e+01    4.3302680932608038e+00
    7.2932645580727256e+00    3.6781183314571129e+00
    9.1675464417704351e+00    3.5623231336545622e+00
    1.5761514840111447e+01    4.9590852746418275e+00
    1.0083816518294821e+01    2.1115938296649626e+00
    2.8745268925358292e+01    9.0625419933400719e-01
    1.9041293012040313e+01    5.9881116267775403e-01
    4.4575431051448833e+00    4.8456280764020647e+00
    2.0076879243827395e+00    3.5138313671263055e+00
    2.9597736181313805e+00    2.2893357516702806e+00
    1.0774343590075871e+01    3.1255990580542568e+00
    2.0618348170517915e+01    4.5484359891096418e+00
    1.0870320322108505e+01    7.8505221479875187e-01
    7.3095098672677032e+00    7.8626720672363359e-01
    1.7630585290144118e-02    4.6272953476176442e+00
    2.0047377660595544e+01    4.9097368249615929e+00
    1.9259426572740558e+01    4.9828545230654084e+00
    1.0405734878152611e+01    1.1788103027851435e+00
    1.9261210547127870e+01    3.1790834095226446e+00
    9.1099736037190961e+00    4.1458483894271969e-01
    2.1633611264350971e+01    4.9773659859789063e+00
    1.3567939691250109e+01    8.1124393815071016e-01
    1.4353064033538233e+01    7.7319447736998814e-01
    1.0871439393618264e+01    1.6439617619684030e+00
    2.3774827431058714e+01    3.4913250708351682e+00
    2.5855750592387290e+00    1.7470103234952332e+00
    1.7945123106949445e+01    3.9507504930151893e+00
    8.1506519742104881e+00    3.0764490497883874e+00
    1.5426750774660297e+01    1.8354623896294526e+00
    1.8353427974002177e+01    3.8180254630551991e+00
    3.4842679619152355e+00    4.3330612303488802e+00
    1.1140765631424594e+01    3.1583743493428789e+00
    1.3287253787615004e+01    3.9649878318534508e+00
    2.1858086230273184e+00    1.7461563047992299e+00
    1.8206125342064674e+00    5.3227405921995630e-01
    1.4240756608607766e+01    4.1667737549875283e-01
    9.4661907786812041e+00    4.3978914409196248e+00
    1.7623548704135782e+01    1.9178761929647459e+00
    2.2534900437152448e+01    3.9095135556619991e+00
    1.1940187807812791e+01    3.1961692444268969e-01
    1.0106851345762214e+01    3.1179045330873962e+00
    1.2235277518228814e+01    1.6645675139232963e+00
    1.6675055665935353e+01    1.7881963939616157e+00
    2.2129195231350476e+01    1.5441718300997536e+00
    4.4115208654153006e+00    2.0617086132172759e+00
    2.6901333378548344e+01    3.0015205510700516e+00
    2.5108058223207532e+01    4.9707663707505718e+00
    2.0778032650485748e+01    9.3269414098242132e-01
    1.7758454954646719e+01    3.5144424964378049e+00
    2.4487949089513005e+01    3.3037664452342277e+00
    2.0039429709531909e+01    9.0793365438009310e-01
    2.1347518331759890e+01    2.6704395619634375e-01
    2.2489894747933384e+01    2.2394810553546782e+00
    6.7464806472690231e-01    4.4810856270766868e+00
    9.3737783620741340e+00    1.3208780054003677e+00
    1.8633680297983069e+01    2.8621101588439655e+00
    1.7990729509879377e+00    1.2032101794934991e+00
    7.9595820195244062e+00    4.9842017688959892e+00
    1.7454567695045746e+01    1.6202223070070954e+00
    3.0812311482170247e+00    1.0027742381623972e+00
    2.7929140610002975e+01    1.3596016340987387e+00
    6.6047418838551533e+00    4.3830991080128063e+00
    5.7018012933511537e+00    2.2667955441212713e+00
    2.6008153235285395e+01    3.4444946531635274e+00
    2.6611743347489263e+01    3.9747978743091346e+00
    2.1700278375093635e+01    2.6894922279030307e+00
    1.7786916188931727e+01    2.8195546791177502e+00
    2.8232399905775150e+01    1.0176818693459790e+00
    8.6801278212198483e+00    1.3339219707406400e+00
    1.2568188575660558e+01    2.8974238894517215e+00
    4.4709427148020824e+00    2.2748838635701651e+00
    9.5739680228949435e+00    8.1042806961981240e-01
    2.3364081558997412e+01    1.4124121204285656e+00
    1.6061128070104260e+01    3.5652752297639112e+00
    2.1230225346364140e+00    2.6612471778869531e+00
    2.6483538809315178e+01    3.2042796557886213e+00
    1.6775979808268169e+00    2.5260964635402505e+00
    1.2591167691775732e+01    2.0979998358331784e+00
    6.5221649431471702e+00    1.5364220782272162e+00
    4.2301463815779519e+00    1.7160237299476979e+00
    7.9170252075702043e+00    3.6171804066202045e+00
    6.1595258237256481e+00    4.1020257077007019e+00
    7.6716718068463194e+00    3.6550653372444319e+00
    3.3128427383582957e+00    4.4000222790303081e+00
    1.8577414254476135e+01    3.7680345161499345e+00
    3.1549597939648861e+00    3.5749914712580897e+00
    1.7930078014059852e+01    3.0577814473324860e+00
    2.3321000939220731e+01    3.7704721300327182e+00
    1.2963447902921757e+01    7.9247756915625767e-01
    1.5162896966092980e+01    1.3317371168406333e+00
    1.8969271555903010e+01    1.1195203439691555e+00
    1.8340439962237390e+01    4.0910497235324152e+00
    2.7107627671344204e+01    2.3694285825881434e-01
    2.4241319777711706e+01    3.8457795265019512e+00
    2.5457680869629984e-01    4.7188490827307525e+00
    1.5517374372414647e+01    2.9594504867779401e+00
    1.8928278295159956e+01    1.2541462210444787e+00
    1.4033357777698383e+01    1.7637349319867330e+00
    1.5346933968119785e+01    1.8821009410979617e-01
    2.2084962839922515e+01    7.6865810179311833e-01
    2.5519728782604009e+01    2.5060323228182191e+00
    1.0485875052759257e+01    3.2182900919782313e+00
    1.0576321221967955e+01    4.5445774935220422e+00
    2.7335243667526761e+01    1.6170600822105778e+00
    5.5483130663104374e+00    2.1193982634408175e+00
    1.2866956446439288e+00    2.4452859965882854e+00
    5.8338519737260421e+00    3.6759179752677933e+00
    2.4348548386217739e+00    4.9793429517569967e+00
    2.6087218544129147e+01    4.2189436103620697e+00
    3.5548471601440985e+00    4.1820051671673628e+00
    1.6668391498205427e+01    2.2426441279326426e+00
    1.2966607705485572e+01    5.7882127549929785e-01
    2.9062275602848306e+01    4.9077180756693393e+00
    1.4977301257320441e+01    3.7237872885466543e+00
    2.0077364901484771e+01    1.2368143588138083e+00
    1.0719794303998682e+01    1.7846571486445486e+00
    1.5349959942326638e+01    3.0198170674755311e+00
    2.2529634503251547e+01    4.9080755972166124e+00
    3.7692788226011267e+00    2.5939068075639060e+00
    2.7795548420734555e+01    2.9098685338649326e+00
    9.2215434587908582e+00    4.2416296968757443e+00
    2.6558089681954790e+01    2.3921225303975064e+00
    7.0921744322437927e+00    2.6850626909552013e+00
    1.8137604617744429e+01    1.7926638994070978e+00
    7.1125550982245640e+00    4.5913426320222799e+00
    6.8022119829063037e+00    4.3541858245492078e+00
    1.6709494970536568e+01    3.4056536067347758e+00
    2.7619274068969442e+01    4.8924362095328187e+00
    2.4265833983803741e+01    4.3127548058005205e+00
    1.5135182990597498e+01    4.9636951468145520e+00
    1.1613252398464546e+01    3.8875906541178868e+00
    2.0070170870350601e+01    4.1148365936989251e+00
    1.8321152328764803e+01    3.3086676514455586e+00
    3.5273753473633089e+00    6.7358078715296221e-01
    4.3074633228551589e+00    4.1512155616945705e+00
    5.7830765867592282e+00    2.0256548299622921e+00
    2.2717082008927139e+01    2.7104065723045547e+00
    2.2806856614118349e+01    3.3790307865171263e+00
    1.6521949364436416e+01    1.7983209633340578e+00
    6.6496609782550120e-01    1.0325287630444802e+00
    2.8983207266213672e+01    2.3220225103535310e+00
    7.9118373906740409e+00    1.7556825826935105e+00
    2.4365828594335973e+01    2.0149225829599562e+00
    8.5494604779428460e+00    1.2772752128082820e+00
    2.4425303490618997e+01    2.2772551797932505e-01
    9.2954409341582644e-01    4.4168480762930642e+00
    5.5760980737799972e+00    1.4882654881495292e+00
    2.8716033182165827e+01    4.0753697028949922e+00
    9.7410512126605262e+00    1.0075576027526252e+00
    4.2254663252125964e+00    3.7154526995480719e-01
    1.8247464982084562e+01    2.0387857534566773e+00
    1.4752017871232898e+01    4.0431053815955131e+00
    2.0077492068701783e+00    1.7839491300248460e+00
    2.5879761579634835e+01    4.5445021620849131e+00
    7.5189009845770380e+00    4.6867251298165344e+00
    4.0122882287362787e+00    1.6024500828706363e+00
    2.0560284224785615e+01    2.6473359430872206e-01
    1.0354451972878261e+01    3.8362637853199377e+00
    2.3271120506682639e+01    1.0029580250688974e+00
    2.5200318039154183e+01    3.9269448505452145e+00
    1.5414339859837504e+01    1.5045025011974913e+00
    2.3015359377583085e+01    3.1491129535555046e-01
    1.0915305422349578e+01    1.4705996605846421e+00
    5.4935053885594316e+00    4.0611850476180669e+00
    2.7027683092028489e+01    1.5488561253723425e+00
    2.5876910006182747e+01    2.4360522032931464e+00
    2.1987980275759082e+01    4.7140407691436623e+00
    2.1104076678198513e+01    1.5155384961810474e+00
    9.2254898814256538e+00    2.9019718735788307e+00
    7.9830813101130040e+00    2.6079351077197162e+00
    2.5509566910847912e+01    9.5959321684008847e-01
    5.4953200647462808e+00    3.2227672257987159e+00
    1.7596747304811949e+01    2.4152056208515482e+00
    1.3739331427439902e+01    7.8013768630754243e-01
    1.5678629064733563e+01    1.5253676137192838e+00
    1.9068213100766698e+01    2.5416964899425869e+00
    8.2375756115077863e+00    1.9442954245235315e+00
    1.9121552481607684e+00    2.7076010818296821e+00
    4.3525266006567886e-01    2.4079574528164205e+00
    3.0622930429237805e-01    3.2491965096232280e+00
    1.2911572156192833e-01    2.7004273974502366e+00
    1.9221455652855298e+01    2.7108694609745005e+00
    1.1002565749992884e+01    2.9658905374268261e+00
    2.9050923203717641e+01    3.8004505297725708e+00
    1.5011163464979662e+01    1.1280043956862458e+00
    8.3727337742200572e+00    5.8825904501053372e-01
    1.9936249862992465e+01    2.1973529180334621e+00
    1.1058932921715256e+01    4.6883274973067808e+00
    1.6430909142656791e+01    4.1244440769446440e+00
    1.8570332251604579e+01    2.1809533126151699e+00
    1.2505265631121816e+01    7.2232524099701523e-01
    8.7876404365105572e+00    7.4167094749871165e-01
    6.1922114318483634e-01    1.7947149855059648e+00
    4.3431882880204240e+00    4.4621296578172416e+00
    1.6583298463275018e+01    1.6308982976548547e+00
    2.6837203556564283e+01    9.8691224729300364e-01
    1.4596251958223753e+01    2.7971022169484834e+00
    1.9617017153646458e+01    4.4322938670279024e+00
    2.7069433300491895e+01    2.4473862540110662e+00
    4.0256738499996061e+00    5.0067359814190526e+00
    1.8170090391668975e+01    3.7051510540042836e+00
    2.8764863576826258e+01    3.2577374838088882e+00
    2.1024590506422247e+00    4.8909619781526725e+00
    2.3927535880835840e+01    3.6705920911074390e+00
    1.1331974258933043e+01    1.5144835532821554e+00
    1.3187660662153645e+01    1.3029021320492269e+00
    1.4910692280162701e+01    6.1558667438955195e-01
    9.9765158483658105e+00    2.1094616157866594e-01
    2.2124267804470108e+01    4.7100208317462666e+00
    1.8860120300187301e+01    2.0417362751147681e+00
    1.1870452333790935e+01    3.4648738658046749e+00
    7.0589662274149507e+00    3.1608989819355942e+00
    2.2363471156355725e+01    3.1050132289633634e+00
    1.2292058891743759e+01    3.7876902684378848e+00
    1.4620328345754341e+01    2.4679577919289994e+00
    1.2884624211790340e+01    9.4042518110731155e-01
    2.5177360723133355e+00    1.4911015593123038e+00
    1.4210749989856900e+01    3.2403934498588747e+00
    2.1348079078631123e+01    4.2295666752252226e+00
    1.8275779671290909e+01    2.9760407219101239e+00
    5.1191582862461393e+00    4.6699458394217173e+00
    1.1518650283492060e+00    3.0037026799582649e+00
    2.0858094102529478e+01    3.4336654562971693e+00
    9.5853004386057865e+00    4.5405239476458625e+00
    2.1183537416531376e+01    2.6579066162075224e+00
    1.1048130369408653e+01    6.9240516256512019e-01
    2.6789110731762559e+01    2.2738891737098128e+00
    2.8091986103650974e+01    4.9963429681070677e+00
    2.5956503967314390e+01    2.4851157488120462e-01
    1.6305707567478862e+01    2.5800023440551447e+00
    4.0477008469942213e+00    7.6029866183754213e-01
    1.5244466863553816e+00    3.3232586362587648e+00
    2.2931163174311738e+01    1.4991215112430960e+00
    2.8627035508114783e+01    1.9313493173845455e+00
    9.7285579419257591e+00    2.8831215742211462e+00
    2.3139754349270213e+01    4.2378912229186820e+00
    2.3354742640802876e+01    1.9659988717845616e+00
    2.4957787750648098e+01    4.5631471166650215e+00
    2.1905828436890847e+01    1.3572277249360984e+00
    1.4924459645300356e+01    9.6131966320065354e-01
    9.3559325626192571e+00    2.2823843071415295e+00
    1.1944131202656705e+00    3.9365299886942289e+00
    6.6243292686250017e+00    1.2194795899038917e+00
    5.2097508188660440e+00    1.1040210824473513e+00
    1.1022286963119692e+01    2.5086394929903615e+00
    2.5444496657016092e+01    3.4227497251674222e+00
    3.7523443882015468e+00    3.7577033303277467e+00
    3.1311473692433367e+00    4.9895379475453403e+00
    2.0384793465300608e+00    2.0175271492319400e+00
    6.9837571130377283e+00    1.4675666013471247e+00
    2.4748244032678343e+01    2.1705122179839877e+00
    1.6421719191773612e+01    4.6578050035455441e+00
    5.9851228889485029e+00    2.9171861594228790e+00
    6.4180083312693892e+00    7.0455536037069855e-01
    2.0983973902864834e+00    7.4188911194287899e-01
    1.7136860992303962e+01    2.0318167477408138e+00
    1.4037355672778162e+01    4.1358415296036206e+00
    1.0957888273305361e+01    3.8278654200847906e+00
    1.2820009943265255e+01    3.4186307184523872e+00
    4.4530208572402659e+00    1.6406691604965333e+00
    1.7141003615787870e+01    1.7808542432975305e+00
    9.7514631799434284e+00    6.7090969425973235e-01
    5.4654337704050404e-01    4.3699773890027007e+00
    2.0058020951101781e+01    3.5709900033850710e+00
    1.3128056781979073e+01    8.0362159571846148e-01
    1.2873911282093827e+01    3.5619978387628692e-01
    1.1026397492020257e+01    9.3011228314204764e-01
    2.5194926149152614e+01    8.9474126673081544e-01
    9.1110254582712891e-01    1.5469903400754161e+00
    6.9383311664443257e+00    3.9785549389022083e+00
    1.2241003070785512e+01    2.4119859891399198e+00
    1.1568066858467127e+01    2.4300024348888711e+00
    6.9884998446743278e+00    2.9305470133567968e+00
    2.1710990093673797e+01    3.6546065058142667e+00
    1.9193792544246623e+01    3.3787600414565131e+00
    7.2924470545347519e+00    2.1667704486398862e-01
    1.0162440980786245e+01    4.8328019908936168e+00
    1.6790181358618213e+01    4.8164468334454629e+00
    2.4364595072330899e+00    6.8301351236458974e-01
    9.5377253660447785e+00    2.0284941711392181e+00
    6.6150266839210374e+00    2.2920763263086568e+00
    2.5822280786426294e+01    2.4039669565069952e-01
    9.0883691046640696e+00    3.0460704366498343e+00
    1.2698955836036648e+01    4.6064855225573451e+00
    1.3974988630645242e+01    3.5717500394521156e+00
    2.2473077186261825e+01    1.1848918024378561e+00
    1.6503342983912137e+01    1.4391600489654339e+00
    2.8003435937092195e+01    2.5643012003979726e-01
    2.8128806463001304e+01    1.8790611855375750e+00
    2.4798183204359535e+01    2.7700650132708073e+00
    6.5596120552099499e+00    1.9891980477409952e+00
    2.3961993352182343e+01    3.1437248070540260e+00
    3.3249529935465669e+00    4.7796551169968682e+00
    1.6374964650541461e+01    3.0370475592674926e+00
    1.6504785423488027e+01    9.2625293977300049e-01
    2.3734499073193213e+01    2.0567473961906755e+00
    2.0888237577428182e+01    3.6907823090417713e+00
    2.8953821950151664e+01    1.6718042974647096e+00
    2.6534954937388314e+01    1.3227416106878596e+00
    6.7215352837554789e+00    3.8201860340723366e+00
    2.6122778131356469e+01    3.8858271475969337e+00
    6.8746149406946602e+00    2.0034136640569128e-01
    1.5811781013207829e+01    6.1672191430261802e-01
    8.8399176683103526e+00    1.1835688394901442e+00
    1.4241655256941362e+01    1.2900458291877830e+00
    2.7012000951937456e+01    4.8508557995820443e+00
    7.7421939009391600e+00    8.4729142360066112e-01
    1.9622244937382256e+00    1.2162618354226098e+00
    8.4701626347594026e+00    3.9095260907162483e+00
    1.5428769100061828e+01    2.0191559190586719e+00
    4.7507253073056352e+00    3.9654493882954083e+00
    2.5845630504145349e+00    3.8308606924921085e+00
    2.3804422270249713e+01    8.7884627294081463e-01
    1.7323194876493382e+00    5.0057000530468967e+00
    2.0227141238572361e+01    1.8265994935111413e-01
    2.6378039069402419e+01    6.8361900998504876e-01
    2.6687721520750358e+01    3.3503261784010725e+00
    2.9686957911890074e-02    1.1816535800902159e+00
    2.5011759939783293e+00    4.3867335470751847e+00
    2.5352363402728283e+01    3.2138825367922008e+00
    1.9939194692403699e+01    4.4324576705145855e+00
    2.4392964261773113e+01    4.9537899106135583e+00
    2.3117009584169254e-01    3.8466910126688831e+00
    1.0159212750148514e+01    8.3808058096040317e-01
    1.3528485153832971e+01    1.1398757581739756e+00
    1.7046099932843596e+01    4.5229500438121342e+00
    2.0277529734420352e+01    4.6466283979534557e+00
    4.4275835988201301e-01    4.0475303768570203e+00
    2.1760720347784172e+01    4.4799009736164361e+00
    4.2138046069654935e+00    4.9316271474758215e+00
    1.0713306959256229e+01    4.8884833679813537e+00
    1.4523908345136672e+01    3.9994153280702260e+00
    1.4048083741429082e+01    3.0260036314718270e+00
    5.9648985780888459e+00    2.6835941518219126e+00
    2.3724825281327188e+01    3.7042662729529261e+00
    7.1867329470275871e+00    4.9631235604519652e+00
    2.0924842358067760e+01    8.7814570268668002e-01
    7.5012465415058660e+00    3.7870989408787503e+00
    4.0569776349198756e+00    3.4804683816276074e+00
    2.7199056661472998e+01    1.8824588513530287e+00
    2.7009296529122199e+01    4.9681882068150731e+00
    2.2470246201787727e+01    3.5854797994270213e+00
    6.2172900181606892e+00    1.4468955096650111e+00
    2.0561137456255993e-01    3.3140722581688289e+00
    2.6665206262198211e+01    3.7919562441223009e+00
    3.2260208348346131e+00    2.0336384484025070e+00
    1.3501661954414793e+01    3.8663623278019634e+00
    2.4131077911720517e+01    4.8579197568199479e+00
    9.5327961224898861e+00    2.3866823883698918e-01
    2.2365187913785469e+01    1.9018625703280125e+00
    2.3796117039862079e+01    4.5911777990866973e+00
    8.0675445645400874e+00    2.4410140864337411e+00
    9.5313615551702853e+00    3.3392206047830624e+00
    3.3204234183880161e+00    4.2576933386178384e+00
    6.9652179494710147e+00    4.4313753563861260e+00
    5.2478561121106182e+00    1.9830394109372285e-01
    2.0561871392765639e+01    3.5560112796715937e+00
    2.0221514997556572e+01    9.6676223842157638e-01
    6.2572574633531337e+00    1.9929172043922343e+00
    2.9018322979297782e+01    4.4455575288745282e+00
    1.5983766196410372e+01    3.6900034401154440e+00
    2.7612603845657755e+01    4.6185971705294211e+00
    1.6344506890949269e+01    9.6499092020014909e-01
    1.9878303395546361e+01    9.1325626852629549e-01
    2.8027065422688693e+01    2.4411215730100300e+00
    1.6275516253484231e+01    4.2460459720995125e+00
    1.2798607095082929e+01    1.1700898411560348e+00
    2.3141243416825677e+01    3.9498483324441729e+00
    2.1077496307609021e+01    3.4133615750931501e+00
    1.0535172938331772e+01    2.1059482713433519e+00
    2.5907741395169705e+01    3.8422249605630241e+00
    2.2541454998852466e+01    3.8233537198530432e-01
    1.6652295761879991e+01    3.6430233890184449e+00
    2.2242625361139758e+01    3.0299974693118257e+00
    6.7287032758880674e+00    1.5689179044174864e+00
    2.5327346583349939e+01    3.0933937786769641e+00
    2.1083620317445707e+01    3.9492849816727826e+00
    2.6942436850879481e+01    3.7500895262657834e+00
    2.0491030775072076e+01    3.8808145792369850e+00
    2.1761024337988662e+01    2.1777314403382890e+00
    4.1765305634294938e+00    1.0192078759501966e+00
    1.8180132968464346e+01    2.2182945731087358e+00
    2.5955209283933513e+01    3.6872946572813228e+00
    1.5413619851165912e+01    3.6667632073146583e+00
    1.1856555984761734e+01    3.9499612084882307e+00
    2.2340897158660482e+01    4.5184475976598817e+00
    8.6651687175912837e+00    3.9908833161455743e+00
    1.6954594036826414e+01    1.2299088761506363e+00
    1.3081386413333421e+01    2.1302427809290352e+00
    1.5006036203901127e+01    3.9126009334679290e+00
    2.3256608910546341e+00    4.1665530180716734e+00
    2.6972931549520432e+01    3.1651942060799252e+00
    9.0097240531946525e+00    2.1423937901825694e+00
    1.5950151056487073e+01    3.3050723314413681e+00
    4.6928161422431929e+00    8.1104022838021061e-01
    2.3824496523793286e+00    1.6170599005431252e+00
    2.4047179643071900e+01    7.7839028763407825e-01
    1.7382958018468312e+01    4.4708015536806132e+00
    1.3725114738135449e+00    4.9617001354028085e+00
    9.1627407320835026e+00    1.9671795285608484e+00
    2.7877215813061767e+01    5.1408375166301412e-01
    8.3750427675461996e+00    2.1540438817126879e+00
    1.1668066919022944e+01    4.6062637671531927e+00
    2.4529725336977986e+01    3.0694185799176319e+00
    2.8413941402557516e+01    4.7425554742156359e+00
    4.6753093948112143e+00    4.9966835340254061e+00
    1.7657352172651905e+01    2.9672735111898065e+00
    1.8585093943267676e+01    4.0230031512641942e+00
    2.1929858196441863e+01    3.4895236563723797e+00
    4.3628460992061741e-01    2.2668973990065213e+00
    1.8272308006266314e+01    2.3779740269437055e+00
    3.5138951984686645e-01    2.5405662761623842e+00
    7.1017537570343157e+00    8.7868561835664838e-01
    2.1257730404288807e+01    5.7437151290838084e-01
    9.8930602427440508e+00    1.6239054329468459e+00
    3.3016978034588269e+00    2.1657675776885724e-01
    2.9021378625855277e+01    2.9121484603986150e+00
    1.1171317858092287e+01    2.8387037003237920e+00
    5.3651773770732039e+00    4.6498553569190175e+00
    1.9643333500871094e+01    2.6759909450280341e+00
    1.3973438401713972e+01    3.3606196985046957e+00
    7.4830876684738543e+00    5.1101888245449689e-01
    1.7453938520100596e+01    1.3995855504735768e+00
    1.3326811269922109e+01    1.9496998495793487e+00
    2.5216848566250185e+01    2.5771602778664247e+00
    2.8278033558823012e+01    1.3709999345391612e+00
    2.7719312885248542e+01    8.5978578434014452e-01
    1.9370516825736708e+01    9.8024214509295016e-01
    1.6164903180330988e+01    3.1050472007770522e+00
    1.5474352491781060e+01    4.1679970320988220e+00
    2.7474070301670917e+01    3.2576045747497984e-01
    1.4624839148609428e+01    5.8082279666143666e-01
    5.7370246746790086e+00    5.3862125357809187e-01
    8.2508597412207703e+00    4.7911866402360710e+00
    1.1788645057524999e+01    4.9842761919958534e+00
    1.7536585705557023e+01    4.5374084719405534e+00
    1.5686328736944924e+01    1.2499357144890086e+00
    2.4548105844302516e+01    3.9296079852534471e-01
    2.1651328079914300e+01    6.3112747114666679e-01
    1.3265311992655791e+00    6.8069413371572318e-01
    1.0112222646785789e+01    2.4323865779846900e+00
    1.8043660138951381e+01    3.6439997304660565e+00
    4.4125762927607343e-01    4.8164719035539605e+00
    1.6020388538237064e+01    6.6391050146878139e-01
    1.7224603949813762e+01    4.9483292292031651e+00
    2.2595617938813191e+01    5.6511980720238786e-01
    2.5569989505676801e+01    1.3217635131215373e+00
    1.0526947641623405e+01    2.5472724090739258e+00
    2.7795061551960831e+01    4.3906146905385777e+00
    1.2886625581562935e+01    2.1070613478271665e+00
    1.7430519768749445e+01    2.5927154929637166e+00
    1.0297990939638566e+01    4.0849558208976916e-01
    1.8183503505273503e+01    1.0521593846681148e+00
    1.1926954544986614e+01    4.6214658812778975e+00
    6.5707155699301611e-01    4.4446576803851834e-01
    6.5588375463024917e+00    3.9612978631063078e+00
    1.3866900735087070e+01    9.7823260028497561e-01
    8.4891190279095703e+00    1.8697212378941348e+00
    2.5723770398984115e+01    3.8283340615574111e+00
    1.1373210954062962e+01    2.5900764098756848e+00
    2.4387347104129969e+01    4.2278648860430346e-01
    1.3713114391756173e+01    2.7570414552410756e+00
    1.7186005066099703e+01    3.2121132774685730e+00
    1.6073194422324750e+01    2.6569210702756321e+00
    1.6701413191115979e+01    4.2726261610215523e+00
    1.8664626743023518e+01    3.1963843277305073e+00
    1.1061662777973911e+01    4.0997505650766124e+00
    2.0690925529061040e+01    2.0572721729062371e+00
    1.1761463367666463e+00    7.5389662207538111e-01
    4.9529312346301761e+00    1.2681304971208736e+00
    2.3867540204521219e+01    3.9550821717617328e+00
    1.9313073577135093e+01    7.5688153338230291e-01
    1.9244266423797470e+01    4.1488055612646235e+00
    8.3345351644605188e+00    4.7051245305561631e+00
    1.1781558815746207e+01    2.3554920135354362e+00
    6.0494155455261667e-01    4.9520562581106953e+00
    1.5056821945912755e+01    2.2615645509271398e+00
    1.1977009378279476e+01    1.5181029745017618e+00
    1.4283595005113938e+01    3.8373596033957287e+00
    1.0990020401254959e+01    2.1402895360758256e+00
    8.4952085209302108e+00    4.6675002321710055e+00
    5.5960380145200741e+00    3.5040353736203120e+00
    1.8705114362689379e+01    2.6376053994594786e+00
    1.3491015030559494e+01    1.8707757569023034e+00
    2.7448100939281289e+01    4.9972934522205517e+00
    2.3644885546476893e+01    4.8543981332458106e+00
    8.2812175837138753e+00    4.2786867689171837e+00
    1.6153665837253819e-01    1.1128963853021341e+00
    2.4238472443166852e+01    3.9975921135130914e+00
    2.6363095104728259e+01    4.5122948238098211e+00
    1.2405400004481132e+01    1.1152862812006281e+00
    5.1878334279013352e+00    4.9027877421097292e+00
    1.8314736439887149e+01    1.8682784349833379e+00
    2.5844630122038140e+01    1.8615322746763439e+00
    1.5655471914514564e+01    3.8745880484010544e+00
    1.7034132286605839e+01    3.1123783302823296e+00
    3.8921513604772766e+00    3.2075626894413061e+00
    3.8183121398064270e+00    2.8012148047468495e+00
    1.0608303171489837e+01    2.7189874637346345e-01
    2.0882326724069546e+01    1.1271471675319085e+00
    2.1883198727843382e+01    4.2706816531617102e+00
    2.1984761128493997e+01    1.5980438599125937e+00
    1.4599334854899178e+01    2.9262445830701678e+00
    2.6073462079038666e+01    1.3626984586122182e+00
    7.3248771171070794e+00    3.9281730436383389e+00
    2.2855899559698653e+01    4.9886121096496305e+00
    1.8161166886383356e+01    1.3531956158193594e+00
    2.4035591681810670e-01    3.6109497579886751e+00
    2.7212893665800920e+01    1.5243227230861180e+00
    1.9585200521506700e+00    4.5583805260362764e+00
    8.4711430334467952e+00    4.2868631970807263e+00
    2.6248851104750059e+01    6.7894036457024443e-01
    2.6191280083373254e+01    3.2395875730378854e+00
    8.5127860581129973e+00    2.4974513817929243e+00
    2.1296485522012343e+01    4.5197041308756560e+00
    2.8085457580952529e+01    2.2608588939843246e+00
    2.2003079263326370e+01    2.4102496721810813e+00
    9.3445559411615466e+00    3.0501316125590341e+00
    2.8365467681662913e+00    6.0504477248876543e-01
    7.3721833218378210e+00    3.6022627341314994e-01
    1.0265535443622837e+00    3.3935038085975946e+00
    7.7037803180270430e+00    4.2314798151715340e+00
    9.2285110111670985e+00    3.4029026770515860e+00
    1.8011688483918494e+01    2.2799417276816993e+00
    6.4722209270005679e+00    4.4918006156709982e+00
    1.6105665057294885e+01    7.3890288657471470e-01
    2.8663785622716667e+01    2.8663373182492831e+00
    1.4877462275239514e+01    1.1601628048606945e+00
    2.6676256487798913e+01    2.6996458035121162e+00
    1.6808471637774478e+01    1.7415882766964863e+00
    1.9853547571741990e+00    2.0516975909079072e-01
    9.4169407322046137e+00    1.9493381496806588e+00
    1.8462741519309130e+01    1.3866898257748572e+00
    1.2108390674646309e+01    1.8108164746340760e+00
    2.4644380510957880e+01    4.6825659140385953e+00
    2.5555689249344027e+01    1.1072180662831868e+00
    3.6218880819489767e+00    1.6119029065581345e+00
    5.4993440593834571e+00    1.3123805708475815e+00
    1.6497261968705967e+01    5.7704728676631334e-01
    1.8777536092781202e+00    1.0115459300132192e+00
    2.3180371558385801e+01    3.7346720150977766e+00
    5.3454989163536437e+00    3.3968039189908494e+00
    2.8341242932379139e+01    4.4423611505968692e+00
    1.2059735286298823e+01    6.5422381726918699e-01
    2.3054947743357179e+01    2.3960529057406310e+00
    3.8933418272960192e+00    4.8687343706948594e-01
    1.9754994189669297e+01    2.5873635698017825e+00
    3.6617531878096292e+00    1.4860349751630313e+00
    1.3653182904608236e+01    2.8576602751414129e+00
    2.6825998308070456e+01    6.2062064317545018e-01
    2.3096887491529756e+01    1.4680451739738363e+00
    2.8950748136848883e+01    2.5408065010909131e+00
    1.7107791777609972e+01    4.0170370709998799e+00
    2.7846796203634682e+01    3.2395555390103605e+00
    1.5667093787033666e+01    2.2643274101064024e+00
    1.9220044096746396e+00    4.8666403395606919e+00
    2.4950398729781170e+01    4.7916477231920906e-01
    2.3002347749049424e+01    1.3399630796629947e+00
    3.4618081119362181e+00    1.9718416604041857e+00
    1.2582788583290592e+01    3.3175513110031742e+00
    1.1270277569701259e+00    1.7189091541018391e+00
    1.9763697271778749e+01    3.7204742192084268e+00
    2.2097178159454366e+01    4.1476416784498200e+00
    2.5976480120433409e+00    3.4287864135150903e+00
    2.4294231634480241e+01    3.4159450073847824e+00
    2.6931366641858968e+01    1.2320655715954458e+00
    1.9468174587266688e+01    3.3576030498937555e+00
    9.4564279697632685e+00    3.1883955014899756e+00
    1.5536854573387293e+01    3.4352270091663346e+00
    5.3618788411312064e+00    4.1078514910961755e-01
    2.4670458268261061e+01    1.4716159083160698e+00
    2.3158399485517776e+01    4.0886349391928762e+00
    1.1865795591415365e+00    1.8145057518943372e-01
    1.8840142935951928e+01    3.4645815628729868e+00
    2.0961668167441680e+01    4.0402636787416988e+00
    7.8813977978271366e+00    4.2267247301481383e+00
    1.0625398078806130e+01    3.3739117610297886e+00
    2.8477447499620009e+01    1.8064427095942819e+00
    7.3603125649082672e+00    2.4552308968498258e+00
    8.2140666319883682e+00    4.9585365893389066e-01
    1.1186042610706632e+01    3.7494689502467349e+00
    2.8743672674005627e+01    2.9121727542420861e-01
    1.5050869309039955e+01    1.8839177621113148e+00
    1.1955855414507599e+01    2.8008054474196866e+00
    1.5976164019065394e+01    2.9258721042359399e+00
    2.5463970802406973e+01    4.4509798784523635e+00
    2.6534706658536038e+01    3.7453102189153369e+00
    1.2047633206145932e+01    4.6886502102195216e-01
    3.5777596648598831e+00    3.9609349520912653e+00
    1.9383526637595839e+01    1.6223042160171348e+00
    7.2739145521079793e+00    1.8141814403080108e+00
    9.6514267858970353e+00    3.7335844326131840e+00
    6.7817271609192122e+00    6.6584367327956384e-01
    8.1453890681004673e+00    4.9302282475328054e+00
    7.9822280786426294e+00    1.8670180867510529e+00
    2.8199880826150910e+01    2.8928815370156520e+00
    1.6645074480627891e+01    3.1175606365990882e+00
    1.1435942542218003e+01    1.9880827306919289e+00
