.009765625
256
1
1.674436611403141
1.8653198134601392
2.015287639142148
2.118140250655795
2.183210826968134
2.225208407754332
2.255919451088093
2.2817431406487527
2.3051568022842757
2.32688076866198
2.3471758978607364
2.3662763777954683
2.384426090376005
2.401836325328594
2.4186677846279303
2.435037528347013
2.451032591577592
2.4667205206801297
2.4821554919268496
2.497381657943483
2.5124352396504404
2.52734608844076
2.5421389404591292
2.556834415926396
2.571449798591753
2.585999639997276
2.6004962324965293
2.6149499854345173
2.6293697285971924
2.643762959504219
2.6581360464677712
2.672494396397154
2.6868425943350753
2.7011845201686766
2.7155234467978193
2.729862123114752
2.74420284447153
2.7585475127594257
2.772897687828113
2.787254631635042
2.801619346277879
2.815992606844718
2.8303749898681065
2.844766898024729
2.8591685816312458
2.8735801573861663
2.8880016247487994
2.9024328802759074
2.916873730201483
2.931323901492016
2.9457830515869983
2.96025077699474
2.97472662090132
2.989210079918681
3.0037006100921624
3.018197632263723
3.0327005368856366
3.047208688357274
3.0617214289595114
3.076238082445299
3.0907579573484716
3.105280350055571
3.1198045476923815
3.134329830866497
3.1488554763146634
3.163380759489396
3.1779049571277564
3.1924273498367253
3.206947224740452
3.221463878224578
3.2359766188239663
3.25048477029353
3.2649876749153446
3.2794846970886224
3.293975227264409
3.308458686283036
3.3229345301889293
3.337402255594607
3.3518614056875724
3.3663115769770755
3.3807524269026366
3.3951836824304156
3.40960514979407
3.4240167255499254
3.438418409156837
3.4528103173131335
3.4671927003355623
3.4815659609010488
3.495930675542699
3.5102876193493247
3.5246377944186436
3.5389824627072364
3.5533231840640753
3.567661860380796
3.5820007870101556
3.596342712844244
3.6106909107821905
3.62504926071104
3.6394223476741803
3.653815578581222
3.6682353217437926
3.682689074681181
3.6971856671798755
3.711735508585504
3.7263508912514585
3.7410463667193463
3.7558392187382883
3.770750067529067
3.7858036492359326
3.801029815251741
3.8164647864974097
3.832152715599273
3.848147778829707
3.864517522549234
3.8813489818498037
3.8987592168040917
3.9169089293855586
3.936009409319455
3.956304538516154
3.9780285048921957
4.0014421665275695
4.02726585608953
4.057976899425212
4.099974480212903
4.165045056525617
4.267897668038744
4.417865493720147
4.608748695776908
4.816029314766625
5.006912508775999
5.156880322296493
5.259732922335405
5.324803490539557
5.366801066614728
5.397512107367405
5.4233357952869365
5.446749455600179
5.468473420784508
5.488768548901617
5.507869027875233
5.526018739610499
5.5434289738197515
5.560260432463619
5.576630175604381
5.592625238326034
5.608313166982958
5.62374813784208
5.638974303524286
5.65402788494555
5.6689387334949
5.683731585313381
5.698427060618473
5.713042443156217
5.727592284465819
5.742088876898308
5.7565426297964395
5.770962372944096
5.785355603859008
5.799728690851611
5.814087040829723
5.828435238834802
5.8427771647529125
5.857116091482964
5.871454767916365
5.885795489404463
5.900140157837974
5.914490333066178
5.928847277046238
5.943211991875622
5.957585252642303
5.97196763587877
5.986359544261691
6.0007612281077405
6.015172804115479
6.029594271744283
6.044025527551001
6.058466377769696
6.0729165493669
6.087375699782064
6.101843425523366
6.116319269776656
6.1308027291535385
6.145293259698886
6.159790282254066
6.1742931872706635
6.188801339147242
6.203314080163718
6.217830734071879
6.232350609404191
6.246873002545727
6.2613972006208
6.275922484235542
6.290448130125179
6.304973413740614
6.3194976118172965
6.334020004960677
6.3485398802934645
6.363056534199912
6.37756927521355
6.392077427088095
6.406580332104623
6.421077354661531
6.435567885209179
6.450051344587296
6.464527188839827
6.478994914578974
6.49345406499209
6.507904236588337
6.5223450868071575
6.536776342614645
6.551197810244475
6.565609386253084
6.580011070099457
6.5944029784820035
6.608785361717481
6.623158622482803
6.63752333731103
6.6518802812908415
6.666230456519715
6.680575124953904
6.694915846441995
6.709254522875138
6.72359344960544
6.737935375524132
6.752283573529325
6.766641923506921
6.781015010499053
6.795408241413892
6.809827984561397
6.824281737458951
6.838778329890937
6.853328171200674
6.867943553739001
6.882639029044683
6.897431880863726
6.912342729413534
6.927396310834687
6.942622476516026
6.958057447374084
6.973745376030392
6.989740438752007
7.006110181893274
7.022941640538321
7.040351874749124
7.0585015864851846
7.0776020654579375
7.0978971935730675
7.119621158755847
7.143034819069017
7.168858506989883
7.199569547744505
7.241567123821206
7.3066376920257685
7.409490292064162
7.559458105584004
7.7503412995930585
.6831104184838003
-4726071151182201e-32
-14050500781672718e-26
.14346004679266952
.14292625098559264
.1419535941659774
.14067574221674325
.1392082639551389
.13762605260111205
.13596831763909134
.13425281193302
.13248771809170956
.13067796580464583
.12882745073932533
.1269394644819084
.12501672087077884
.12306141235349616
.12107532353271852
.1190599399844597
.11701653113496158
.11494620310504047
.11284993626009256
.11072861026874728
.1085830253761369
.10641391726717041
.1042219707677063
.10200782895317945
.09977210219936805
.09751537380020191
.09523820619405733
.09294114447534645
.09062472084802244
.08828945680340074
.0859358664025366
.083564457575325
.08117573460205452
.07877019881820033
.07634835053317474
.07391068932424308
.07145771555020339
.06898993035604489
.06650783688918711
.06401194009756413
.061502747723769284
.05898076995394085
.05644652024371739
.05390051485841244
.051343273570097735
.048775319118037945
.04619717780607776
.04360937890430687
.04101245516875583
.03840694219961514
.03579337890009664
.033172306802497796
.030544270479350932
.02790981684572011
.025269495533029724
.022623858173877257
.019973458746927162
.017318852848993864
.01466059801791818
.011999252995574061
.009335378034582504
.0066695341551147955
.00400228344055085
.0013341882904207166
-.0013341882903822897
-.0040022834405123485
-.006669534155076073
-.009335378034543214
-.011999252995533822
-.014660598017876895
-.01731885284895187
-.01997345874688505
-.02262385817383534
-.025269495532987716
-.027909816845677185
-.030544270479306173
-.03317230680245092
-.03579337890004821
-.038406942199566224
-.04101245516870729
-.04360937890425897
-.046197177806030394
-.048775319117990434
-.051343273570049384
-.05390051485836273
-.05644652024366615
-.058980769953888616
-.061502747723717
-.06401194009751304
-.06650783688913796
-.06898993035599761
-.07145771555015722
-.0739106893241977
-.07634835053313031
-.07877019881815693
-.0811757346020117
-.0835644575752824
-.08593586640249463
-.08828945680336003
-.09062472084798329
-.09294114447530889
-.09523820619402185
-.09751537380016947
-.09977210219933909
-.10200782895315348
-.10422197076768246
-.1064139172671478
-.1085830253761147
-.11072861026872526
-.11284993626007135
-.11494620310502177
-.11701653113494702
-.11905993998444996
-.12107532353271357
-.1230614123534945
-.12501672087077778
-.1269394644819054
-.12882745073932003
-.13067796580464128
-.1324877180917097
-.13425281193302685
-.1359683176391037
-.13762605260112656
-.13920826395515162
-.14067574221675214
-.1419535941659825
-.14292625098559533
-.14346004679267077
-.14346004672540016
-.1429262507974175
-.14195359388888104
-.14067574188425694
-.1392082635920358
-.13762605222212687
-.1359683172520435
-.13425281154225452
-.13248771770021195
-.13067796541488766
-.12882745035346183
-.12693946410179224
-.1250167204979721
-.12306141198930332
-.12107532317822475
-.1190599396405624
-.11701653080239428
-.11494620278439129
-.11284993595181968
-.11072860997319262
-.10858302509353855
-.10641391699767364
-.10422197051137363
-.10200782870999955
-.0997721019692642
-.09751537358303934
-.09523820598965026
-.0929411442834639
-.09062472066839393
-.0882894566357212
-.08593586624647112
-.08356445743051291
-.08117573446811317
-.0787701986947283
-.07634835041975493
-.07391068922044544
-.07145771545558756
-.06898993027016248
-.06650783681158381
-.06401194002778175
-.0615027476613475
-.05898076989841899
-.05644652019463609
-.05390051481531536
-.051343273532533124
-.04877531908556023
-.046197177778249256
-.04360937888069928
-.04101245514895197
-.03840694218321055
-.03579337888670131
-.033172306791737945
-.030544270470870764
-.02790981683918361
-.02526949552812249
-.022623858170308236
-.019973458744430458
-.0173188528473303
-.014660598016876898
-.011999252994973961
-.009335378034273553
-.006669534154979109
-.00400228344050362
-.0013341882904107775
.001334188290372031
.004002283440464803
.006669534154940071
.009335378034233927
.011999252994933375
.01466059801683527
.017318852847287965
.019973458744388013
.022623858170265986
.025269495528080128
.02790981683914031
.030544270470825623
.033172306791690705
.03579337888665258
.0384069421831614
.041012455148903296
.043609378880651264
.04619717777820172
.048775319085512484
.05134327353248445
.05390051481526531
.05644652019458454
.058980769898366474
.06150274766129503
.06401194002773056
.0665078368115346
.06898993027011512
.07145771545554128
.07391068922039999
.07634835041971051
.078770198694685
.08117573446807048
.08356445743047036
.08593586624642902
.08828945663568025
.09062472066835447
.09294114428342609
.09523820598961458
.09751537358300676
.09977210196923501
.10200782870997332
.10422197051134949
.10641391699765075
.10858302509351607
.11072860997317033
.11284993595179829
.11494620278437254
.1170165308023798
.11905993964055267
.12107532317821962
.12306141198930125
.12501672049797055
.12693946410178897
.1288274503534567
.1306779654148836
.13248771770021284
.13425281154226204
.13596831725205638
.13762605222214172
.13920826359204863
.14067574188426554
.14195359388888545
.14292625079741914
.14346004672540014
.0013317992878386553
.003942109906835409
.00642423035535841
.00876542269867346
.010993508057140894
.013141979128580167
.01523284414625352
.017276616451682898
.019277735373669207
.021238570984752885
.023160993422701025
.025046636811658987
.02689683141137561
.028712581453093338
.03049461445989538
.03224345108489442
.03395946012870807
.035642895649469174
.03729392034802398
.03891262284492859
.04049903062179185
.04205312114508019
.043574830495971995
.04506406087680637
.04652068636148059
.04794455803467995
.0493355079552175
.050693352831105834
.052017896865330385
.05330893447539903
.05456625239594446
.055789631742825294
.05697884960316565
.05813368063605919
.05925389829930275
.06033927611334421
.061389588623721555
.06240461241405541
.06338412687176222
.06432791500987803
.06523576408336658
.06610746626241472
.06694281913316501
.06774162625348029
.06850369756271929
.06922884984286924
.06991690705553257
.07056770072556261
.07118107021882947
.07175686306130802
.07229493516782953
.07279515110646956
.07325738428601014
.07368151717314812
.07406744144452848
.0744150581625151
.07472427789622554
.07499502086020977
.07522721700779322
.07542080613590564
.07557573795315141
.07569197215312193
.07576947845888608
.07580823666637519
.07580823666637314
.07576947845887919
.07569197215310734
.07557573795312426
.07542080613586234
.07522721700773526
.0749950208601436
.07472427789615804
.07441505816244938
.07406744144446212
.07368151717307554
.07325738428592625
.0727951511063736
.07229493516772546
.07175686306120145
.07118107021872447
.07056770072546048
.06991690705543234
.06922884984276872
.06850369756261585
.06774162625337213
.06694281913305203
.0661074662622987
.06523576408325045
.0643279150097652
.06338412687165457
.06240461241395244
.06138958862362136
.060339276113245854
.059253898299206506
.058133680635965176
.05697884960307285
.05578963174273294
.054566252395853256
.053308934475310224
.05201789686524439
.0506933528310226
.04933550795513778
.04794455803460525
.04652068636141139
.045064060876741766
.043574830495910516
.042053121145020536
.0404990306217328
.03891262284486967
.03729392034796618
.03564289564941461
.03395946012865853
.03224345108485066
.030494614459857062
.028712581453058744
.026896831411341682
.025046636811622957
.023160993422662767
.021238570984715332
.01927773537363597
.01727661645165553
.015232844146230792
.013141979128559142
.01099350805711863
.00876542269864866
.006424230355331537
.0039421099068075545
.0013317992878105261
-.001331799314362245
-.00394210990898198
-.0064242303230908964
-.008765422636463226
-.010993507974893646
-.013141979034677244
-.015232844045965572
-.017276616348270876
-.01927773526960407
-.02123857088228361
-.023160993323969516
-.0250466367186689
-.02689683132596702
-.028712581376944702
-.03049461439453924
-.03224345103173133
-.03395946008901719
-.03564289562441479
-.03729392033866184
-.038912622852211046
-.040499030646573723
-.04205312118812365
-.043574830557951826
-.04506406095831437
-.046520686463030536
-.047944558156711684
-.049335508098101326
-.05069335299514585
-.05201789705076812
-.053308934682416376
-.05456625262466702
-.055789631993324804
-.05697884987546252
-.05813368093012413
-.0592538986150587
-.060339276450667646
-.06138958898244392
-.062404612793964066
-.06338412727260129
-.06432791543134869
-.06523576452512748
-.06610746672408195
-.06694281961431224
-.06774162675363853
-.06850369808137684
-.06922885037947142
-.06991690760948159
-.07056770129621727
-.07118107080550504
-.07175686366327609
-.07229493578431823
-.07279515173666376
-.07325738492905234
-.07368151782813936
-.07406744211052972
-.074415058838549
-.07472427858127859
-.07499502155323476
-.07522721770771211
-.07542080684161291
-.07557573866351813
-.07569197286700012
-.07576947917511347
-.07580823738377969
-.07580823738377769
-.0757694791751066
-.07569197286698533
-.0755757386634905
-.07542080684156903
-.07522721770765363
-.07499502155316819
-.07472427858121072
-.07441505883848283
-.07406744211046282
-.07368151782806613
-.07325738492896773
-.07279515173656714
-.07229493578421377
-.07175686366316962
-.07118107080540054
-.07056770129611575
-.06991690760938177
-.06922885037937093
-.06850369808127316
-.06774162675353007
-.06694281961419905
-.06610746672396589
-.06523576452501152
-.06432791543123625
-.06338412727249411
-.06240461279386153
-.06138958898234408
-.06033927645056965
-.05925389861496305
-.05813368093003092
-.05697884987537057
-.055789631993233134
-.054566252624576185
-.05330893468232768
-.05201789705068215
-.05069335299506275
-.04933550809802187
-.047944558156637264
-.04652068646296153
-.04506406095824987
-.04357483055789041
-.042053121188064056
-.04049903064651477
-.038912622852152245
-.03729392033860428
-.035642895624360627
-.03395946008896817
-.03224345103168806
-.03049461439450116
-.028712581376910087
-.02689683132593305
-.025046636718633084
-.023160993323931876
-.021238570882247034
-.019277735269571966
-.01727661634824462
-.015232844045943857
-.013141979034657079
-.010993507974872056
-.008765422636438864
-.006424230323064232
-.003942109908954186
-.0013317993143341167
