   1.3752913846153847e-01
   3.0303030384615387e-01
   2.9836829999999998e-01
   2.4941724999999998e-01
   1.3986013846153847e-01
   2.0979021153846153e-01
   1.7482517307692308e-01
   2.3776223846153846e-01
   9.5571096153846152e-02
   2.5641025769230769e-01
   1.3519813461538463e-01
   1.5384615384615385e-01
   2.6107226153846153e-01
   2.3543123461538462e-01
   1.7016316923076924e-01
   1.7249417307692305e-01
   2.6107226153846153e-01
   1.9813520000000001e-01
   1.8881118846153847e-01
   2.3543123461538462e-01
   2.1911421923076921e-01
   8.8578088461538459e-02
   2.3543123461538462e-01
   1.8648018461538463e-01
   1.5617715769230767e-01
   1.4219114230769228e-01
   2.8205128076923075e-01
   2.5174825000000001e-01
   2.2843822692307694e-01
   2.1445221538461540e-01
   2.0745920769230769e-01
   2.1911421923076921e-01
   1.0256410384615385e-01
   3.0536130384615384e-01
   9.0909092307692313e-02
   2.0979021153846153e-01
   1.4685314615384615e-01
   2.8205128076923075e-01
   2.5641025769230769e-01
   2.0279720384615382e-01
   2.7972028076923078e-01
   1.2820512692307692e-01
   2.7972028076923078e-01
   8.1585080769230767e-02
   1.7715617692307692e-01
   1.1888111923076923e-01
   1.3519813461538463e-01
   2.9370629230769230e-01
   1.8881118846153847e-01
   1.5850815769230769e-01
   2.3310023461538459e-01
   1.3752913846153847e-01
   2.0512820384615385e-01
   1.5151515000000002e-01
   1.7482517307692308e-01
   2.6573426538461536e-01
   2.3776223846153846e-01
   1.3986013846153847e-01
   1.1655011538461538e-01
   2.2144522307692308e-01
   2.1212121153846156e-01
   1.3986013846153847e-01
   1.5850815769230769e-01
   3.0536130384615384e-01
   9.5571096153846152e-02
   2.4475524615384617e-01
   2.8205128076923075e-01
   2.5174825000000001e-01
   2.0046620000000001e-01
   2.8205128076923075e-01
   1.3053613076923076e-01
   1.3986013846153847e-01
   8.1585080769230767e-02
   1.3519813461538463e-01
   2.0745920769230769e-01
   2.4475524615384617e-01
   2.2144522307692308e-01
   2.9836829999999998e-01
   2.6806526923076923e-01
   1.4452214615384615e-01
   7.9254080769230767e-02
   2.5174825000000001e-01
   2.0046620000000001e-01
   1.1421911538461539e-01
   1.5384615384615385e-01
   1.8181818076923079e-01
   2.2610722692307691e-01
   2.3776223846153846e-01
   2.7272727307692307e-01
   2.4475524615384617e-01
   2.4475524615384617e-01
   1.1888111923076923e-01
   2.8438228461538456e-01
   1.9813520000000001e-01
   1.7482517307692308e-01
   1.8881118846153847e-01
   1.2587412692307692e-01
   1.3519813461538463e-01
   2.2377622307692308e-01
   1.6783216923076924e-01
   2.7039626923076926e-01
   1.9813520000000001e-01
   1.0722610769230770e-01
   1.5617715769230767e-01
   1.3752913846153847e-01
   1.7948718076923076e-01
   2.0745920769230769e-01
   2.3543123461538462e-01
   1.3519813461538463e-01
   1.5384615384615385e-01
   1.1655011538461538e-01
   1.8648018461538463e-01
   2.9137529230769232e-01
   1.1188811153846154e-01
   2.8904428846153846e-01
   2.3543123461538462e-01
   8.8578088461538459e-02
   1.3986013846153847e-01
   1.7016316923076924e-01
   1.3286713461538460e-01
   1.2820512692307692e-01
   2.0512820384615385e-01
   2.3776223846153846e-01
   1.1421911538461539e-01
   2.9836829999999998e-01
   2.4941724999999998e-01
   8.6247084615384620e-02
   2.5407925384615387e-01
   2.4708624615384614e-01
   2.2377622307692308e-01
   1.8181818076923079e-01
   1.3286713461538460e-01
   1.3286713461538460e-01
   1.3053613076923076e-01
   2.1445221538461540e-01
   1.1188811153846154e-01
   2.0279720384615382e-01
   1.7715617692307692e-01
   2.8671328846153848e-01
   2.2843822692307694e-01
   1.3286713461538460e-01
   8.6247084615384620e-02
   2.5174825000000001e-01
   1.8181818076923079e-01
   1.2121212307692308e-01
   1.4452214615384615e-01
   2.6806526923076923e-01
   2.6573426538461536e-01
   1.1421911538461539e-01
   2.5641025769230769e-01
   1.5384615384615385e-01
   1.9813520000000001e-01
   2.1212121153846156e-01
   1.1888111923076923e-01
   2.4475524615384617e-01
   1.2121212307692308e-01
   2.0512820384615385e-01
   2.1911421923076921e-01
   2.2843822692307694e-01
   1.2354312307692307e-01
   2.1911421923076921e-01
   1.6317016153846153e-01
   2.5407925384615387e-01
   2.2377622307692308e-01
   1.2121212307692308e-01
   2.7738927692307691e-01
   8.1585080769230767e-02
   2.2377622307692308e-01
   2.3776223846153846e-01
   2.0046620000000001e-01
   1.1188811153846154e-01
   1.7016316923076924e-01
   1.8648018461538463e-01
   2.6107226153846153e-01
   2.0745920769230769e-01
   3.0303030384615387e-01
   1.3986013846153847e-01
   2.5174825000000001e-01
   2.3076923076923078e-01
   1.7016316923076924e-01
   2.6573426538461536e-01
   2.4475524615384617e-01
   1.7016316923076924e-01
   1.5151515000000002e-01
   1.5850815769230769e-01
   1.7715617692307692e-01
   2.9603729615384616e-01
   1.8648018461538463e-01
   1.0256410384615385e-01
   2.1445221538461540e-01
   2.1212121153846156e-01
   2.0046620000000001e-01
   1.1655011538461538e-01
   9.3240092307692313e-02
   2.7972028076923078e-01
   1.9347319230769230e-01
   8.6247084615384620e-02
   1.6783216923076924e-01
   2.1445221538461540e-01
   9.3240092307692313e-02
   1.4219114230769228e-01
   1.9347319230769230e-01
   1.5151515000000002e-01
   1.4918414999999999e-01
   1.5617715769230767e-01
   2.0512820384615385e-01
   2.6340326153846155e-01
   2.6806526923076923e-01
   1.6083916153846153e-01
   2.0046620000000001e-01
   2.4708624615384614e-01
   1.6317016153846153e-01
   7.6923076923076927e-02
   1.4219114230769228e-01
   2.2843822692307694e-01
   1.8414918461538463e-01
   2.5174825000000001e-01
   1.7016316923076924e-01
   1.3519813461538463e-01
   3.0769230769230771e-01
   9.5571096153846152e-02
   1.4685314615384615e-01
   3.0769230769230771e-01
   2.3543123461538462e-01
   1.3286713461538460e-01
   2.6340326153846155e-01
   2.9137529230769232e-01
   2.1212121153846156e-01
   1.1888111923076923e-01
   8.6247084615384620e-02
   1.3986013846153847e-01
   1.2354312307692307e-01
   1.0489510384615384e-01
   1.7715617692307692e-01
   2.6806526923076923e-01
   2.7039626923076926e-01
   1.4685314615384615e-01
   1.2354312307692307e-01
   8.3916084615384620e-02
   2.1445221538461540e-01
   2.3076923076923078e-01
   1.2354312307692307e-01
   1.8881118846153847e-01
   2.9370629230769230e-01
   9.3240092307692313e-02
   2.2377622307692308e-01
   8.3916084615384620e-02
   1.9813520000000001e-01
   2.9836829999999998e-01
   1.1888111923076923e-01
   1.3519813461538463e-01
   2.4242424230769233e-01
   2.7272727307692307e-01
   2.0745920769230769e-01
   1.1421911538461539e-01
   1.1655011538461538e-01
   2.3776223846153846e-01
   2.8904428846153846e-01
   1.5617715769230767e-01
   1.3986013846153847e-01
   1.5850815769230769e-01
   2.2610722692307691e-01
   1.6550116538461540e-01
   1.9114219230769230e-01
   1.8181818076923079e-01
   2.9370629230769230e-01
   2.7738927692307691e-01
   2.9836829999999998e-01
   1.4452214615384615e-01
   1.3286713461538460e-01
   2.7972028076923078e-01
   1.3286713461538460e-01
   1.2820512692307692e-01
   1.2354312307692307e-01
   1.0955710769230768e-01
   8.3916084615384620e-02
   1.0955710769230768e-01
   1.7482517307692308e-01
   1.2354312307692307e-01
   1.3519813461538463e-01
   1.7249417307692305e-01
   8.3916084615384620e-02
   2.2377622307692308e-01
   7.9254080769230767e-02
   9.0909092307692313e-02
   1.5850815769230769e-01
   1.5384615384615385e-01
   8.6247084615384620e-02
   9.7902096153846152e-02
   8.1585080769230767e-02
   1.2820512692307692e-01
   1.3519813461538463e-01
   8.1585080769230767e-02
   1.1421911538461539e-01
   1.1421911538461539e-01
   1.2587412692307692e-01
   1.5617715769230767e-01
   1.5384615384615385e-01
   9.0909092307692313e-02
   2.2610722692307691e-01
   2.2610722692307691e-01
   2.1911421923076921e-01
   2.4242424230769233e-01
   1.9813520000000001e-01
   1.3286713461538460e-01
   9.0909092307692313e-02
   1.7016316923076924e-01
   2.3310023461538459e-01
   1.3752913846153847e-01
   1.9114219230769230e-01
   1.4452214615384615e-01
   2.1212121153846156e-01
   1.1888111923076923e-01
   2.0979021153846153e-01
   2.1212121153846156e-01
   1.5850815769230769e-01
   1.6317016153846153e-01
   2.1445221538461540e-01
   2.9370629230769230e-01
   1.5151515000000002e-01
   1.7948718076923076e-01
   2.1212121153846156e-01
   3.0769230769230771e-01
   1.0489510384615384e-01
   1.2354312307692307e-01
   1.4685314615384615e-01
   1.0256410384615385e-01
   2.0979021153846153e-01
   1.2354312307692307e-01
   1.7715617692307692e-01
   2.6107226153846153e-01
   7.6923076923076927e-02
   1.4219114230769228e-01
   1.7016316923076924e-01
   1.4685314615384615e-01
   1.8648018461538463e-01
   1.3519813461538463e-01
   1.3752913846153847e-01
   1.4219114230769228e-01
   1.1421911538461539e-01
   7.6923076923076927e-02
   1.5384615384615385e-01
   1.0256410384615385e-01
   1.1655011538461538e-01
   1.9347319230769230e-01
   1.1888111923076923e-01
   2.1678321538461540e-01
   1.8414918461538463e-01
   1.1655011538461538e-01
   7.9254080769230767e-02
   1.6783216923076924e-01
   1.7482517307692308e-01
   2.0979021153846153e-01
   1.6783216923076924e-01
   1.1655011538461538e-01
   1.8881118846153847e-01
   1.6550116538461540e-01
   3.0069930000000000e-01
   1.5850815769230769e-01
   1.4452214615384615e-01
   1.0722610769230770e-01
   1.4452214615384615e-01
   1.4685314615384615e-01
   8.6247084615384620e-02
   1.2587412692307692e-01
   1.7249417307692305e-01
   1.2121212307692308e-01
   2.0046620000000001e-01
   1.5384615384615385e-01
   2.3543123461538462e-01
   1.3286713461538460e-01
   1.1188811153846154e-01
   1.5617715769230767e-01
   1.0722610769230770e-01
   1.3286713461538460e-01
   1.8881118846153847e-01
   1.1655011538461538e-01
   1.0023310000000001e-01
   2.4475524615384617e-01
   2.6340326153846155e-01
   1.7482517307692308e-01
   9.0909092307692313e-02
   1.0023310000000001e-01
   1.5151515000000002e-01
   1.2587412692307692e-01
   9.0909092307692313e-02
   2.2377622307692308e-01
   1.4918414999999999e-01
   8.8578088461538459e-02
   2.4242424230769233e-01
   1.0489510384615384e-01
   9.7902096153846152e-02
   1.2354312307692307e-01
   1.0722610769230770e-01
   1.3986013846153847e-01
   2.9370629230769230e-01
   1.7715617692307692e-01
   7.6923076923076927e-02
   1.8881118846153847e-01
   1.4219114230769228e-01
   8.3916084615384620e-02
   1.5850815769230769e-01
   1.3053613076923076e-01
   9.7902096153846152e-02
   1.1888111923076923e-01
   1.0722610769230770e-01
   9.3240092307692313e-02
   1.3286713461538460e-01
   1.4452214615384615e-01
   1.3519813461538463e-01
   1.3519813461538463e-01
   2.0046620000000001e-01
   1.6083916153846153e-01
   1.6783216923076924e-01
   1.4452214615384615e-01
   1.1188811153846154e-01
   1.4219114230769228e-01
   1.3053613076923076e-01
   1.2820512692307692e-01
   2.8205128076923075e-01
   8.1585080769230767e-02
   1.4452214615384615e-01
   2.8671328846153848e-01
   9.7902096153846152e-02
   1.7715617692307692e-01
   9.7902096153846152e-02
   7.6923076923076927e-02
   9.7902096153846152e-02
   8.8578088461538459e-02
   1.2354312307692307e-01
   9.0909092307692313e-02
   1.2820512692307692e-01
   1.2820512692307692e-01
   2.1212121153846156e-01
   1.3752913846153847e-01
   2.0512820384615385e-01
   2.4941724999999998e-01
   8.8578088461538459e-02
   1.8181818076923079e-01
   1.0256410384615385e-01
   8.8578088461538459e-02
   1.3286713461538460e-01
   1.5151515000000002e-01
   8.1585080769230767e-02
   1.2354312307692307e-01
   8.6247084615384620e-02
   1.7482517307692308e-01
   1.7482517307692308e-01
   1.3519813461538463e-01
   1.4918414999999999e-01
   2.2144522307692308e-01
   7.6923076923076927e-02
   2.3543123461538462e-01
   1.9580419615384614e-01
   1.5384615384615385e-01
   1.0722610769230770e-01
   1.1188811153846154e-01
   1.3519813461538463e-01
   2.2610722692307691e-01
   1.0955710769230768e-01
   1.2121212307692308e-01
   1.4685314615384615e-01
   7.6923076923076927e-02
   1.3986013846153847e-01
   8.8578088461538459e-02
   9.7902096153846152e-02
   1.2587412692307692e-01
   8.1585080769230767e-02
   8.8578088461538459e-02
   1.3986013846153847e-01
   9.7902096153846152e-02
   2.0279720384615382e-01
   2.2843822692307694e-01
   1.2121212307692308e-01
   1.0023310000000001e-01
   9.0909092307692313e-02
   1.9347319230769230e-01
   1.1421911538461539e-01
   1.0023310000000001e-01
   1.0955710769230768e-01
   1.1421911538461539e-01
   7.9254080769230767e-02
   7.6923076923076927e-02
   8.8578088461538459e-02
   8.8578088461538459e-02
   7.6923076923076927e-02
   1.7948718076923076e-01
   2.8438228461538456e-01
   1.2121212307692308e-01
   1.3752913846153847e-01
   1.0722610769230770e-01
   8.3916084615384620e-02
   1.3053613076923076e-01
   1.0256410384615385e-01
   9.0909092307692313e-02
   1.0023310000000001e-01
   9.7902096153846152e-02
   1.4219114230769228e-01
   7.6923076923076927e-02
   1.3986013846153847e-01
   1.3986013846153847e-01
   7.6923076923076927e-02
   8.1585080769230767e-02
   1.2121212307692308e-01
   1.0489510384615384e-01
   7.9254080769230767e-02
   1.1655011538461538e-01
   7.6923076923076927e-02
   1.1888111923076923e-01
   1.0489510384615384e-01
   1.5617715769230767e-01
   1.0256410384615385e-01
   9.3240092307692313e-02
   1.5384615384615385e-01
   8.1585080769230767e-02
   1.2587412692307692e-01
   1.7249417307692305e-01
   1.0722610769230770e-01
   1.0955710769230768e-01
   1.6550116538461540e-01
   1.1888111923076923e-01
   1.7482517307692308e-01
   1.1655011538461538e-01
   1.1188811153846154e-01
   1.6550116538461540e-01
   1.2354312307692307e-01
   7.9254080769230767e-02
   9.5571096153846152e-02
   8.1585080769230767e-02
   1.7715617692307692e-01
   1.3519813461538463e-01
   1.3053613076923076e-01
   1.3986013846153847e-01
   1.7948718076923076e-01
   1.0955710769230768e-01
   9.5571096153846152e-02
   1.5151515000000002e-01
   1.6783216923076924e-01
   8.1585080769230767e-02
   1.6317016153846153e-01
   1.0489510384615384e-01
   1.8181818076923079e-01
   7.9254080769230767e-02
   7.6923076923076927e-02
   1.1888111923076923e-01
   2.2144522307692308e-01
   1.2354312307692307e-01
   1.3986013846153847e-01
   1.0722610769230770e-01
   9.7902096153846152e-02
   8.3916084615384620e-02
   8.3916084615384620e-02
   1.8414918461538463e-01
   8.6247084615384620e-02
   1.0489510384615384e-01
   1.0023310000000001e-01
   9.0909092307692313e-02
   1.1655011538461538e-01
   1.0722610769230770e-01
   1.1888111923076923e-01
   1.5151515000000002e-01
   1.3752913846153847e-01
   1.0256410384615385e-01
   1.2820512692307692e-01
   1.0023310000000001e-01
   1.3752913846153847e-01
   9.3240092307692313e-02
   7.9254080769230767e-02
   7.6923076923076927e-02
   1.1888111923076923e-01
   9.5571096153846152e-02
   1.1655011538461538e-01
   7.9254080769230767e-02
   1.0023310000000001e-01
   1.5850815769230769e-01
   1.1421911538461539e-01
   1.4452214615384615e-01
   1.8414918461538463e-01
   1.2587412692307692e-01
   1.8648018461538463e-01
   1.0489510384615384e-01
   1.0722610769230770e-01
   1.1655011538461538e-01
   9.3240092307692313e-02
   9.0909092307692313e-02
   1.2820512692307692e-01
   8.3916084615384620e-02
   9.0909092307692313e-02
   1.2820512692307692e-01
   9.0909092307692313e-02
   1.2121212307692308e-01
   7.6923076923076927e-02
   1.0256410384615385e-01
   8.8578088461538459e-02
   1.0955710769230768e-01
   8.3916084615384620e-02
   1.0722610769230770e-01
   1.4918414999999999e-01
   7.6923076923076927e-02
   1.9580419615384614e-01
   8.6247084615384620e-02
   7.9254080769230767e-02
   9.5571096153846152e-02
   1.2820512692307692e-01
   8.3916084615384620e-02
   1.2587412692307692e-01
   1.2820512692307692e-01
   1.6083916153846153e-01
   1.6550116538461540e-01
   9.5571096153846152e-02
   1.0489510384615384e-01
   9.7902096153846152e-02
   1.0489510384615384e-01
   1.3752913846153847e-01
   1.1655011538461538e-01
   1.1421911538461539e-01
   9.3240092307692313e-02
   1.1421911538461539e-01
   1.4685314615384615e-01
   8.1585080769230767e-02
   1.4685314615384615e-01
   8.3916084615384620e-02
   1.5151515000000002e-01
   9.0909092307692313e-02
   8.3916084615384620e-02
   1.3053613076923076e-01
   1.5151515000000002e-01
   8.1585080769230767e-02
   9.5571096153846152e-02
   7.6923076923076927e-02
   1.1421911538461539e-01
   7.6923076923076927e-02
   7.6923076923076927e-02
   8.8578088461538459e-02
   8.3916084615384620e-02
   1.0955710769230768e-01
   8.8578088461538459e-02
   8.6247084615384620e-02
   1.0955710769230768e-01
   8.1585080769230767e-02
   1.1888111923076923e-01
   9.7902096153846152e-02
   1.7715617692307692e-01
   1.1655011538461538e-01
   1.2587412692307692e-01
   1.5384615384615385e-01
   7.9254080769230767e-02
   1.6317016153846153e-01
   1.2587412692307692e-01
   1.4219114230769228e-01
   2.0512820384615385e-01
   8.6247084615384620e-02
   9.0909092307692313e-02
   1.2354312307692307e-01
   1.3986013846153847e-01
   1.1188811153846154e-01
   9.3240092307692313e-02
   1.1188811153846154e-01
   9.3240092307692313e-02
   9.5571096153846152e-02
   8.3916084615384620e-02
   9.3240092307692313e-02
   1.1188811153846154e-01
   1.2820512692307692e-01
   1.0489510384615384e-01
   7.6923076923076927e-02
   1.1421911538461539e-01
   1.0955710769230768e-01
   7.9254080769230767e-02
   8.3916084615384620e-02
   1.6317016153846153e-01
   1.2121212307692308e-01
   1.6083916153846153e-01
   1.2354312307692307e-01
   1.4452214615384615e-01
   8.3916084615384620e-02
   9.5571096153846152e-02
   1.5384615384615385e-01
   8.6247084615384620e-02
   2.0745920769230769e-01
   8.1585080769230767e-02
   1.6317016153846153e-01
   7.9254080769230767e-02
   1.1655011538461538e-01
   1.2354312307692307e-01
   7.9254080769230767e-02
   9.3240092307692313e-02
   7.6923076923076927e-02
   9.5571096153846152e-02
   1.1655011538461538e-01
   7.9254080769230767e-02
   1.0023310000000001e-01
   9.7902096153846152e-02
   1.1188811153846154e-01
   8.1585080769230767e-02
   1.0955710769230768e-01
   7.9254080769230767e-02
   1.2121212307692308e-01
   8.3916084615384620e-02
   8.1585080769230767e-02
   1.0256410384615385e-01
   7.6923076923076927e-02
   8.3916084615384620e-02
   7.9254080769230767e-02
   1.8181818076923079e-01
   8.1585080769230767e-02
   9.5571096153846152e-02
   1.7016316923076924e-01
   8.3916084615384620e-02
   8.1585080769230767e-02
   8.3916084615384620e-02
   1.2121212307692308e-01
   9.0909092307692313e-02
   1.0955710769230768e-01
   8.6247084615384620e-02
   1.3053613076923076e-01
   9.5571096153846152e-02
   8.6247084615384620e-02
   1.2587412692307692e-01
   9.7902096153846152e-02
   1.9114219230769230e-01
   1.0955710769230768e-01
   8.3916084615384620e-02
   9.7902096153846152e-02
   9.7902096153846152e-02
   1.0023310000000001e-01
   1.6083916153846153e-01
   8.3916084615384620e-02
   7.9254080769230767e-02
   7.6923076923076927e-02
   8.8578088461538459e-02
   1.0722610769230770e-01
   1.1655011538461538e-01
   7.9254080769230767e-02
   1.2820512692307692e-01
   1.2121212307692308e-01
   1.0489510384615384e-01
   1.1888111923076923e-01
   1.3519813461538463e-01
   9.0909092307692313e-02
   1.1188811153846154e-01
   1.6317016153846153e-01
   1.3986013846153847e-01
   9.3240092307692313e-02
   1.3519813461538463e-01
   1.2121212307692308e-01
   1.2354312307692307e-01
   1.0023310000000001e-01
   8.6247084615384620e-02
   7.9254080769230767e-02
   7.9254080769230767e-02
   7.6923076923076927e-02
   7.6923076923076927e-02
   1.3752913846153847e-01
   9.0909092307692313e-02
   7.6923076923076927e-02
   8.3916084615384620e-02
   1.1888111923076923e-01
