   1.6507230644853843e-01
   1.6201541271494424e-01
   9.5782694230992380e-02
   1.4265507975758740e-01
   1.4163611368524090e-01
   1.2125681913898290e-01
   1.6099644664259774e-01
   1.5080679936946875e-01
   1.4265507975758740e-01
   1.0291544777052722e-01
   1.2737060660617122e-01
   6.7251680072853037e-02
   1.2533267446147822e-01
   1.1718095933304223e-01
   1.2329474680023056e-01
   1.3144646641211191e-01
   1.4265507975758740e-01
   8.2536153224269215e-02
   1.0699130757646788e-01
   1.3756025387930024e-01
   1.1004820579350739e-01
   1.2533267446147822e-01
   8.9668906763804040e-02
   1.2125681913898290e-01
   9.5782694230992380e-02
   1.3959818602399324e-01
   9.2725800497398217e-02
   7.8460293418328539e-02
   1.4265507975758740e-01
   1.2737060660617122e-01
   1.1616199326069573e-01
   1.1514302718834922e-01
   1.1310509952710156e-01
   1.2838957267851775e-01
   1.1616199326069573e-01
   9.5782694230992380e-02
   1.0495337991522022e-01
   1.3552232621805257e-01
   1.0699130757646788e-01
   1.2227578072788406e-01
   1.2023785306663640e-01
   1.4061714761289440e-01
   1.1310509952710156e-01
   1.1921888699428990e-01
   8.8649940691457541e-02
   7.0308573806447200e-02
   1.2940853426741888e-01
   1.1718095933304223e-01
   1.1616199326069573e-01
   6.9289607734100700e-02
   8.7630979102556378e-02
   1.1718095933304223e-01
   1.6711023410978609e-01
   7.7441327345982039e-02
   1.4673093956352806e-01
   1.5488265917540942e-01
   1.1514302718834922e-01
   1.0393441384287372e-01
   1.1514302718834922e-01
   7.6422365757080876e-02
   9.8839592448031893e-02
   1.0902923972116089e-01
   1.6099644664259774e-01
   1.5793955290900358e-01
   9.7820626375685379e-02
   1.6099644664259774e-01
   1.3246543248445841e-01
   1.1616199326069573e-01
   1.5182576095836992e-01
   1.4571197349118156e-01
   1.1616199326069573e-01
   1.5386369310306292e-01
   7.1327539878793700e-02
   1.1004820579350739e-01
   9.1706834425051703e-02
   1.6405334037619193e-01
   1.3450336014570607e-01
   1.2940853426741888e-01
   1.1412406111600272e-01
   1.0393441384287372e-01
   1.5997748057025124e-01
   8.5593046957863378e-02
   1.6201541271494424e-01
   1.5997748057025124e-01
   1.6201541271494424e-01
   1.5488265917540942e-01
   7.6422365757080876e-02
   1.6812920018213259e-01
   9.4763732642091217e-02
   9.8839592448031893e-02
   1.6609127252088490e-01
   1.1106716738240856e-01
   1.5793955290900358e-01
   9.9858554036933056e-02
   1.3756025387930024e-01
   9.0687872836150554e-02
   1.1412406111600272e-01
   1.4673093956352806e-01
   1.2227578072788406e-01
   7.0308573806447200e-02
   8.7630979102556378e-02
   1.4876886722477575e-01
   8.8649940691457541e-02
   1.2227578072788406e-01
   1.1921888699428990e-01
   1.2940853426741888e-01
   1.5386369310306292e-01
   1.6099644664259774e-01
   1.5692058683665708e-01
   1.3857921995164674e-01
   1.1412406111600272e-01
   1.5590162076431061e-01
   1.0393441384287372e-01
   1.0495337991522022e-01
   1.5793955290900358e-01
   1.6711023410978609e-01
   1.6609127252088490e-01
   1.1819992092194340e-01
   1.5080679936946875e-01
   1.1208613345475506e-01
   6.9289607734100700e-02
   1.5590162076431061e-01
   1.2431371287257707e-01
   1.3756025387930024e-01
   1.4265507975758740e-01
   1.3654128780695374e-01
   1.3959818602399324e-01
   1.6711023410978609e-01
   9.1706834425051703e-02
   1.3654128780695374e-01
   1.0801027364881439e-01
   1.0699130757646788e-01
   1.5284472703071642e-01
   8.1517187151922701e-02
   1.4571197349118156e-01
   1.1819992092194340e-01
   1.1208613345475506e-01
   1.5997748057025124e-01
   1.5182576095836992e-01
   1.3042750033976541e-01
   1.5182576095836992e-01
   1.1412406111600272e-01
   1.1106716738240856e-01
   8.9668906763804040e-02
   1.1106716738240856e-01
   1.5793955290900358e-01
   9.5782694230992380e-02
   1.2431371287257707e-01
   9.7820626375685379e-02
   1.3959818602399324e-01
   1.6507230644853843e-01
   1.3756025387930024e-01
   1.4876886722477575e-01
   1.1310509952710156e-01
   8.2536153224269215e-02
   1.3246543248445841e-01
   8.7630979102556378e-02
   1.2635164053382472e-01
   1.4876886722477575e-01
   8.1517187151922701e-02
   1.2227578072788406e-01
   1.2838957267851775e-01
   1.6507230644853843e-01
   1.3857921995164674e-01
   1.5997748057025124e-01
   1.5692058683665708e-01
   1.3552232621805257e-01
   1.6099644664259774e-01
   1.4876886722477575e-01
   7.4384433612387876e-02
   1.4876886722477575e-01
   1.3959818602399324e-01
   1.0087752010927956e-01
   1.0495337991522022e-01
   1.5692058683665708e-01
   1.4876886722477575e-01
   1.1921888699428990e-01
   9.1706834425051703e-02
   1.3654128780695374e-01
   6.7251680072853037e-02
   1.5284472703071642e-01
   1.3348439407335957e-01
   1.4265507975758740e-01
   8.1517187151922701e-02
   8.0498221079576202e-02
   1.2329474680023056e-01
   1.4673093956352806e-01
   7.9479259490675039e-02
   1.5590162076431061e-01
   1.4061714761289440e-01
   8.5593046957863378e-02
   7.9479259490675039e-02
   1.0699130757646788e-01
   1.1616199326069573e-01
   9.3744766569744717e-02
   7.9479259490675039e-02
   1.1004820579350739e-01
   1.4774990115242925e-01
   1.2227578072788406e-01
   8.4574080885516878e-02
   1.3042750033976541e-01
   1.1106716738240856e-01
   8.9668906763804040e-02
   1.4469300741883509e-01
   8.1517187151922701e-02
   9.8839592448031893e-02
   1.0291544777052722e-01
   1.3654128780695374e-01
   8.3555119296615715e-02
   9.5782694230992380e-02
   9.1706834425051703e-02
   7.7441327345982039e-02
   1.2737060660617122e-01
   1.0189648618162606e-01
   1.4469300741883509e-01
   1.2838957267851775e-01
   1.5284472703071642e-01
   1.3959818602399324e-01
   1.1310509952710156e-01
   1.6099644664259774e-01
   1.5488265917540942e-01
   1.0699130757646788e-01
   1.5793955290900358e-01
   8.4574080885516878e-02
   7.6422365757080876e-02
   1.3144646641211191e-01
   9.4763732642091217e-02
   9.6801660303338879e-02
   1.1819992092194340e-01
   1.2431371287257707e-01
   1.4265507975758740e-01
   1.3144646641211191e-01
   1.5590162076431061e-01
   1.2125681913898290e-01
   1.0597234598756672e-01
   1.5692058683665708e-01
   1.3959818602399324e-01
   1.5793955290900358e-01
   1.4571197349118156e-01
   1.5386369310306292e-01
   1.5997748057025124e-01
   1.1106716738240856e-01
   1.4673093956352806e-01
   6.9289607734100700e-02
   1.3552232621805257e-01
   1.5488265917540942e-01
   1.1514302718834922e-01
   1.5590162076431061e-01
   1.0597234598756672e-01
   1.5692058683665708e-01
   1.1921888699428990e-01
   1.2635164053382472e-01
   1.6609127252088490e-01
   1.5895851449790477e-01
   1.0699130757646788e-01
   1.4163611368524090e-01
   1.5284472703071642e-01
   1.4265507975758740e-01
   1.3552232621805257e-01
   1.0393441384287372e-01
   1.3348439407335957e-01
   8.3555119296615715e-02
   1.2227578072788406e-01
   1.0801027364881439e-01
   1.3144646641211191e-01
   1.3959818602399324e-01
   1.4978783329712222e-01
   1.2023785306663640e-01
   1.2533267446147822e-01
   1.4367404582993390e-01
   7.9479259490675039e-02
   1.4673093956352806e-01
   1.3756025387930024e-01
   7.1327539878793700e-02
   1.2431371287257707e-01
   1.0801027364881439e-01
   1.2125681913898290e-01
   1.2227578072788406e-01
   7.8460293418328539e-02
   1.4469300741883509e-01
   1.3959818602399324e-01
   1.1004820579350739e-01
   1.0699130757646788e-01
   1.4163611368524090e-01
   1.2431371287257707e-01
   1.3552232621805257e-01
   9.7820626375685379e-02
   9.1706834425051703e-02
   1.1514302718834922e-01
   1.6099644664259774e-01
   1.6507230644853843e-01
   1.1412406111600272e-01
   1.6711023410978609e-01
   1.4876886722477575e-01
   8.4574080885516878e-02
   8.5593046957863378e-02
   1.2023785306663640e-01
   1.1921888699428990e-01
   1.4265507975758740e-01
   1.4367404582993390e-01
   9.6801660303338879e-02
   7.3365467540041363e-02
   1.0495337991522022e-01
   1.4978783329712222e-01
   1.2431371287257707e-01
   1.6099644664259774e-01
   1.5488265917540942e-01
   1.0597234598756672e-01
   9.4763732642091217e-02
   7.0308573806447200e-02
   1.2125681913898290e-01
   1.5793955290900358e-01
   1.3756025387930024e-01
   1.2533267446147822e-01
   1.1310509952710156e-01
   8.5593046957863378e-02
   1.3348439407335957e-01
   1.2431371287257707e-01
   8.3555119296615715e-02
   1.4978783329712222e-01
   1.5997748057025124e-01
   1.0291544777052722e-01
   9.7820626375685379e-02
   1.3348439407335957e-01
   9.5782694230992380e-02
   9.6801660303338879e-02
   1.1514302718834922e-01
   1.0189648618162606e-01
   1.1616199326069573e-01
   1.1819992092194340e-01
   1.4163611368524090e-01
   1.1819992092194340e-01
   1.0801027364881439e-01
   1.5895851449790477e-01
   8.6612013030209878e-02
   1.0189648618162606e-01
   1.6099644664259774e-01
   1.0291544777052722e-01
   7.7441327345982039e-02
   1.3756025387930024e-01
   9.5782694230992380e-02
   9.5782694230992380e-02
   1.0189648618162606e-01
   1.3246543248445841e-01
   1.5080679936946875e-01
   7.2346505951140214e-02
   8.3555119296615715e-02
   1.2125681913898290e-01
   1.1106716738240856e-01
   1.5997748057025124e-01
   1.5590162076431061e-01
   1.2737060660617122e-01
   1.6405334037619193e-01
   9.4763732642091217e-02
   1.3654128780695374e-01
   1.3857921995164674e-01
   1.3857921995164674e-01
   1.1514302718834922e-01
   1.4163611368524090e-01
   9.7820626375685379e-02
   1.4571197349118156e-01
   9.9858554036933056e-02
   9.5782694230992380e-02
   1.6201541271494424e-01
   8.8649940691457541e-02
   1.4163611368524090e-01
   9.6801660303338879e-02
   1.3144646641211191e-01
   1.6201541271494424e-01
   1.3144646641211191e-01
   9.8839592448031893e-02
   1.2329474680023056e-01
   1.1310509952710156e-01
   1.2431371287257707e-01
   9.0687872836150554e-02
   7.5403399684734376e-02
   1.1412406111600272e-01
   1.5284472703071642e-01
   1.6711023410978609e-01
   1.6201541271494424e-01
   9.6801660303338879e-02
   8.1517187151922701e-02
   1.5488265917540942e-01
   1.2431371287257707e-01
   9.3744766569744717e-02
   1.4673093956352806e-01
   1.6812920018213259e-01
   1.3450336014570607e-01
   8.5593046957863378e-02
   1.0393441384287372e-01
   1.3450336014570607e-01
   1.3144646641211191e-01
   1.3348439407335957e-01
   9.6801660303338879e-02
   1.3756025387930024e-01
   1.3857921995164674e-01
   1.6609127252088490e-01
   1.2635164053382472e-01
   1.2940853426741888e-01
   1.3246543248445841e-01
   6.8270646145199537e-02
   1.3348439407335957e-01
   8.3555119296615715e-02
   8.2536153224269215e-02
   1.3144646641211191e-01
   1.5997748057025124e-01
   1.4774990115242925e-01
   1.6507230644853843e-01
   1.1106716738240856e-01
   1.6405334037619193e-01
   1.5080679936946875e-01
   1.5997748057025124e-01
   1.6201541271494424e-01
   1.4061714761289440e-01
   1.0291544777052722e-01
   1.2125681913898290e-01
   9.7820626375685379e-02
   1.2431371287257707e-01
   1.6507230644853843e-01
   1.0597234598756672e-01
   1.3348439407335957e-01
   1.6099644664259774e-01
   6.7251680072853037e-02
   1.3450336014570607e-01
   1.2838957267851775e-01
   8.1517187151922701e-02
   1.2227578072788406e-01
   1.0495337991522022e-01
   9.3744766569744717e-02
   1.5284472703071642e-01
   1.0597234598756672e-01
   1.3450336014570607e-01
   1.3959818602399324e-01
   1.0189648618162606e-01
   1.6099644664259774e-01
   1.4469300741883509e-01
   1.3959818602399324e-01
   1.2737060660617122e-01
   1.5488265917540942e-01
   8.0498221079576202e-02
   1.2329474680023056e-01
   7.6422365757080876e-02
   1.5182576095836992e-01
   9.9858554036933056e-02
   1.3348439407335957e-01
   1.3552232621805257e-01
   1.2737060660617122e-01
   1.5692058683665708e-01
   1.0291544777052722e-01
   9.2725800497398217e-02
   1.1310509952710156e-01
   1.5590162076431061e-01
   9.8839592448031893e-02
   1.6812920018213259e-01
   1.6099644664259774e-01
   1.0393441384287372e-01
   1.0495337991522022e-01
   1.4061714761289440e-01
   7.5403399684734376e-02
   1.1310509952710156e-01
   1.5997748057025124e-01
   1.4469300741883509e-01
   8.6612013030209878e-02
   1.4163611368524090e-01
   1.5793955290900358e-01
   1.0699130757646788e-01
   1.1616199326069573e-01
   1.2635164053382472e-01
   1.1412406111600272e-01
   1.6099644664259774e-01
   1.1004820579350739e-01
   1.4265507975758740e-01
   1.3959818602399324e-01
   1.4876886722477575e-01
   1.5386369310306292e-01
   7.1327539878793700e-02
   1.2227578072788406e-01
   9.6801660303338879e-02
   1.6099644664259774e-01
   1.1514302718834922e-01
   6.9289607734100700e-02
   1.4265507975758740e-01
   1.5182576095836992e-01
   1.5692058683665708e-01
   1.2329474680023056e-01
   1.1718095933304223e-01
   7.9479259490675039e-02
   1.4673093956352806e-01
   1.2737060660617122e-01
   1.6812920018213259e-01
   7.6422365757080876e-02
   1.2431371287257707e-01
   1.0087752010927956e-01
   1.6609127252088490e-01
   1.4571197349118156e-01
   1.2533267446147822e-01
   9.9858554036933056e-02
   1.0699130757646788e-01
   8.3555119296615715e-02
   1.1718095933304223e-01
   1.3144646641211191e-01
   1.1208613345475506e-01
   1.4265507975758740e-01
   1.4978783329712222e-01
   6.9289607734100700e-02
   1.6303437430384540e-01
   9.0687872836150554e-02
   8.1517187151922701e-02
   1.5793955290900358e-01
   1.1208613345475506e-01
   1.4571197349118156e-01
   9.2725800497398217e-02
   8.3555119296615715e-02
   1.4469300741883509e-01
   1.2737060660617122e-01
   1.5590162076431061e-01
   1.6201541271494424e-01
   1.6711023410978609e-01
   1.2329474680023056e-01
   9.8839592448031893e-02
   1.0801027364881439e-01
   1.1718095933304223e-01
   7.7441327345982039e-02
   1.5692058683665708e-01
   7.0308573806447200e-02
   7.2346505951140214e-02
   9.0687872836150554e-02
   6.8270646145199537e-02
   1.6609127252088490e-01
   9.7820626375685379e-02
   1.3756025387930024e-01
   1.0087752010927956e-01
   8.4574080885516878e-02
   7.6422365757080876e-02
   1.6201541271494424e-01
   1.0597234598756672e-01
   8.2536153224269215e-02
   1.1921888699428990e-01
   1.1514302718834922e-01
   1.2838957267851775e-01
   1.5488265917540942e-01
   1.1106716738240856e-01
   1.1412406111600272e-01
   9.5782694230992380e-02
   7.9479259490675039e-02
   8.5593046957863378e-02
   1.5080679936946875e-01
   1.3348439407335957e-01
   9.3744766569744717e-02
   1.4978783329712222e-01
   6.9289607734100700e-02
   1.6711023410978609e-01
   1.1819992092194340e-01
   8.3555119296615715e-02
   1.5997748057025124e-01
   8.2536153224269215e-02
   1.4571197349118156e-01
   1.2635164053382472e-01
   1.5080679936946875e-01
   1.2635164053382472e-01
   8.9668906763804040e-02
   1.6201541271494424e-01
   8.8649940691457541e-02
   1.2227578072788406e-01
   9.8839592448031893e-02
   9.2725800497398217e-02
   1.2635164053382472e-01
   1.0291544777052722e-01
   1.4469300741883509e-01
   1.2533267446147822e-01
   1.5997748057025124e-01
   8.1517187151922701e-02
   1.0189648618162606e-01
   1.5284472703071642e-01
   1.1106716738240856e-01
   7.6422365757080876e-02
   7.1327539878793700e-02
   1.3144646641211191e-01
   9.0687872836150554e-02
   1.4163611368524090e-01
   1.3042750033976541e-01
   9.8839592448031893e-02
   1.3144646641211191e-01
   1.3857921995164674e-01
   7.3365467540041363e-02
   1.5284472703071642e-01
   1.1718095933304223e-01
   1.0801027364881439e-01
   7.6422365757080876e-02
   1.6405334037619193e-01
   7.5403399684734376e-02
   1.2125681913898290e-01
   7.6422365757080876e-02
   1.3348439407335957e-01
   1.0597234598756672e-01
   1.2431371287257707e-01
   8.2536153224269215e-02
   1.4469300741883509e-01
   1.1412406111600272e-01
   1.1412406111600272e-01
   1.6609127252088490e-01
   9.9858554036933056e-02
   1.0699130757646788e-01
   8.2536153224269215e-02
   1.5997748057025124e-01
   8.6612013030209878e-02
   1.0699130757646788e-01
   1.6099644664259774e-01
   1.1310509952710156e-01
   8.7630979102556378e-02
   1.6711023410978609e-01
   1.3552232621805257e-01
   1.0902923972116089e-01
   1.1616199326069573e-01
   1.0902923972116089e-01
   1.1718095933304223e-01
   9.1706834425051703e-02
   1.4774990115242925e-01
   1.1921888699428990e-01
   9.7820626375685379e-02
   1.4367404582993390e-01
   1.2838957267851775e-01
   1.0902923972116089e-01
   1.0393441384287372e-01
   1.0801027364881439e-01
   1.2737060660617122e-01
   7.7441327345982039e-02
   1.5793955290900358e-01
   1.0495337991522022e-01
   1.6303437430384540e-01
   9.3744766569744717e-02
   1.0597234598756672e-01
   1.4978783329712222e-01
   1.2023785306663640e-01
   1.5997748057025124e-01
   1.0699130757646788e-01
   8.2536153224269215e-02
   1.0189648618162606e-01
   1.6303437430384540e-01
   1.5182576095836992e-01
   1.3450336014570607e-01
   1.6201541271494424e-01
   1.3348439407335957e-01
   1.1208613345475506e-01
   8.6612013030209878e-02
   1.5895851449790477e-01
   1.4061714761289440e-01
   1.4774990115242925e-01
   1.0597234598756672e-01
   1.2533267446147822e-01
   1.5080679936946875e-01
   1.3144646641211191e-01
   1.0291544777052722e-01
   1.2431371287257707e-01
   1.2125681913898290e-01
   7.4384433612387876e-02
   1.2635164053382472e-01
   6.8270646145199537e-02
   8.3555119296615715e-02
   1.6303437430384540e-01
   1.2533267446147822e-01
   7.7441327345982039e-02
   1.3246543248445841e-01
   1.2635164053382472e-01
   1.5488265917540942e-01
   1.2533267446147822e-01
   1.1412406111600272e-01
   8.7630979102556378e-02
   1.4163611368524090e-01
   7.8460293418328539e-02
   1.5080679936946875e-01
   1.5182576095836992e-01
   1.6099644664259774e-01
   1.3959818602399324e-01
   8.7630979102556378e-02
   1.2635164053382472e-01
   1.3348439407335957e-01
   1.4469300741883509e-01
   8.7630979102556378e-02
   1.0801027364881439e-01
   1.2635164053382472e-01
   1.5793955290900358e-01
   1.5284472703071642e-01
   1.0597234598756672e-01
   8.3555119296615715e-02
   9.0687872836150554e-02
   1.3042750033976541e-01
   9.3744766569744717e-02
   1.2737060660617122e-01
   1.0495337991522022e-01
   1.0801027364881439e-01
   1.1819992092194340e-01
   1.3756025387930024e-01
   1.1004820579350739e-01
   8.5593046957863378e-02
   1.2227578072788406e-01
   1.1004820579350739e-01
   9.7820626375685379e-02
   1.5284472703071642e-01
   1.2431371287257707e-01
   1.1208613345475506e-01
   1.1310509952710156e-01
   7.2346505951140214e-02
   1.0699130757646788e-01
   1.3042750033976541e-01
   9.1706834425051703e-02
   6.7251680072853037e-02
   1.2635164053382472e-01
   1.4978783329712222e-01
   1.4876886722477575e-01
   1.0291544777052722e-01
   1.2838957267851775e-01
   1.4673093956352806e-01
   1.4469300741883509e-01
   1.4367404582993390e-01
   7.7441327345982039e-02
   7.8460293418328539e-02
   1.1106716738240856e-01
   1.4774990115242925e-01
   1.3348439407335957e-01
   1.5386369310306292e-01
   9.7820626375685379e-02
   1.6303437430384540e-01
   7.5403399684734376e-02
   1.1412406111600272e-01
   8.7630979102556378e-02
   1.6609127252088490e-01
   1.5284472703071642e-01
   1.4061714761289440e-01
   7.9479259490675039e-02
   1.4367404582993390e-01
   1.6609127252088490e-01
   1.4469300741883509e-01
   1.2533267446147822e-01
   1.6812920018213259e-01
   1.3959818602399324e-01
   1.3654128780695374e-01
   1.6507230644853843e-01
   1.4571197349118156e-01
   1.4571197349118156e-01
   7.9479259490675039e-02
   8.4574080885516878e-02
   9.1706834425051703e-02
   1.1208613345475506e-01
   1.2227578072788406e-01
   1.2940853426741888e-01
   1.4265507975758740e-01
   1.3450336014570607e-01
   1.2329474680023056e-01
   1.3348439407335957e-01
   1.0495337991522022e-01
   1.1310509952710156e-01
   1.2533267446147822e-01
   1.2737060660617122e-01
   8.3555119296615715e-02
   1.0189648618162606e-01
   8.7630979102556378e-02
   1.1921888699428990e-01
   1.3756025387930024e-01
   1.6099644664259774e-01
   1.2023785306663640e-01
   1.1616199326069573e-01
   1.0393441384287372e-01
   1.5997748057025124e-01
   7.1327539878793700e-02
   1.4367404582993390e-01
   8.8649940691457541e-02
   1.3552232621805257e-01
   1.4061714761289440e-01
   1.1514302718834922e-01
   9.5782694230992380e-02
   1.2023785306663640e-01
   9.0687872836150554e-02
   7.9479259490675039e-02
   1.3144646641211191e-01
   1.5386369310306292e-01
   8.7630979102556378e-02
   7.7441327345982039e-02
   9.1706834425051703e-02
   1.2838957267851775e-01
   9.2725800497398217e-02
   1.0801027364881439e-01
   1.3756025387930024e-01
   1.5895851449790477e-01
   7.2346505951140214e-02
   1.5895851449790477e-01
   1.4163611368524090e-01
   1.0801027364881439e-01
   9.1706834425051703e-02
   9.0687872836150554e-02
   9.6801660303338879e-02
   1.2227578072788406e-01
   1.5386369310306292e-01
   9.5782694230992380e-02
   1.2635164053382472e-01
   1.2023785306663640e-01
   1.2940853426741888e-01
   8.9668906763804040e-02
   1.6303437430384540e-01
   1.2023785306663640e-01
   1.5997748057025124e-01
   1.2023785306663640e-01
   1.1310509952710156e-01
   1.4673093956352806e-01
   1.4367404582993390e-01
   8.9668906763804040e-02
   1.6099644664259774e-01
   1.2329474680023056e-01
   1.4876886722477575e-01
   1.6609127252088490e-01
   1.2329474680023056e-01
   7.8460293418328539e-02
   1.2737060660617122e-01
   1.2838957267851775e-01
   7.5403399684734376e-02
   1.4978783329712222e-01
   7.8460293418328539e-02
   1.3552232621805257e-01
   7.1327539878793700e-02
   1.6812920018213259e-01
   7.6422365757080876e-02
   9.4763732642091217e-02
   9.5782694230992380e-02
   9.5782694230992380e-02
   9.3744766569744717e-02
   1.4163611368524090e-01
   8.7630979102556378e-02
   1.3857921995164674e-01
   1.2023785306663640e-01
   1.3348439407335957e-01
   1.3144646641211191e-01
   7.9479259490675039e-02
   1.6201541271494424e-01
   7.6422365757080876e-02
   9.9858554036933056e-02
   1.1718095933304223e-01
   8.5593046957863378e-02
   1.2329474680023056e-01
   1.0902923972116089e-01
   7.3365467540041363e-02
   9.1706834425051703e-02
   1.5997748057025124e-01
   1.6507230644853843e-01
   6.9289607734100700e-02
   1.2431371287257707e-01
   1.3959818602399324e-01
   1.2533267446147822e-01
   1.3959818602399324e-01
   8.9668906763804040e-02
   1.5793955290900358e-01
   7.7441327345982039e-02
   9.4763732642091217e-02
   1.1921888699428990e-01
   1.4673093956352806e-01
   1.2329474680023056e-01
   1.3756025387930024e-01
   1.5182576095836992e-01
   6.8270646145199537e-02
   1.6812920018213259e-01
   1.4469300741883509e-01
   7.5403399684734376e-02
   9.7820626375685379e-02
   7.7441327345982039e-02
   1.0699130757646788e-01
   1.0291544777052722e-01
   1.5997748057025124e-01
   1.4061714761289440e-01
   1.1106716738240856e-01
   1.5895851449790477e-01
   1.1514302718834922e-01
   1.5284472703071642e-01
   1.2431371287257707e-01
   1.5182576095836992e-01
   1.3450336014570607e-01
   1.4367404582993390e-01
   1.4876886722477575e-01
   1.0393441384287372e-01
   1.6711023410978609e-01
   1.6507230644853843e-01
   1.2635164053382472e-01
   1.2023785306663640e-01
   1.6609127252088490e-01
   1.4367404582993390e-01
   1.2533267446147822e-01
   1.2125681913898290e-01
   1.3654128780695374e-01
   9.5782694230992380e-02
   1.4673093956352806e-01
   1.3959818602399324e-01
   1.1921888699428990e-01
   8.4574080885516878e-02
   1.6099644664259774e-01
   7.7441327345982039e-02
   1.1514302718834922e-01
   7.0308573806447200e-02
   1.3654128780695374e-01
   1.4265507975758740e-01
   6.9289607734100700e-02
   1.0495337991522022e-01
   1.5386369310306292e-01
   9.4763732642091217e-02
   1.0393441384287372e-01
   1.4163611368524090e-01
   9.1706834425051703e-02
   1.1310509952710156e-01
   1.6711023410978609e-01
   8.6612013030209878e-02
   1.6405334037619193e-01
   1.5590162076431061e-01
   1.5590162076431061e-01
   7.5403399684734376e-02
   1.2023785306663640e-01
   1.2737060660617122e-01
   1.3042750033976541e-01
   1.3348439407335957e-01
   1.2125681913898290e-01
   1.6405334037619193e-01
   8.1517187151922701e-02
   1.5793955290900358e-01
   1.3246543248445841e-01
   1.5080679936946875e-01
   1.3348439407335957e-01
   9.9858554036933056e-02
   1.0902923972116089e-01
   1.0495337991522022e-01
   1.0291544777052722e-01
   9.7820626375685379e-02
   1.3857921995164674e-01
   1.3756025387930024e-01
   8.2536153224269215e-02
   8.6612013030209878e-02
   1.2838957267851775e-01
   1.2940853426741888e-01
   1.5386369310306292e-01
   1.5590162076431061e-01
   1.5284472703071642e-01
   1.4673093956352806e-01
   9.7820626375685379e-02
   1.3857921995164674e-01
   8.2536153224269215e-02
   7.5403399684734376e-02
   1.4469300741883509e-01
   1.6201541271494424e-01
   1.5895851449790477e-01
   1.5590162076431061e-01
   1.4673093956352806e-01
   1.2431371287257707e-01
   7.8460293418328539e-02
   1.6405334037619193e-01
   1.4978783329712222e-01
   7.4384433612387876e-02
   7.1327539878793700e-02
   8.8649940691457541e-02
   1.2940853426741888e-01
   1.4061714761289440e-01
   1.3959818602399324e-01
   1.3857921995164674e-01
   9.0687872836150554e-02
   1.4774990115242925e-01
   1.0495337991522022e-01
   1.3756025387930024e-01
   1.1819992092194340e-01
   1.5284472703071642e-01
   1.4367404582993390e-01
   1.5284472703071642e-01
   1.1004820579350739e-01
   1.6405334037619193e-01
   6.7251680072853037e-02
   1.1208613345475506e-01
   1.2737060660617122e-01
   1.3450336014570607e-01
   9.3744766569744717e-02
   1.2940853426741888e-01
   1.5386369310306292e-01
   9.0687872836150554e-02
   8.5593046957863378e-02
   9.9858554036933056e-02
   1.4673093956352806e-01
   1.0189648618162606e-01
   1.6711023410978609e-01
   1.2940853426741888e-01
   1.5386369310306292e-01
   1.3042750033976541e-01
   1.3654128780695374e-01
   1.0801027364881439e-01
   1.6812920018213259e-01
   1.5793955290900358e-01
   1.5080679936946875e-01
   1.0291544777052722e-01
   1.2838957267851775e-01
   1.1921888699428990e-01
   9.8839592448031893e-02
   9.7820626375685379e-02
   9.5782694230992380e-02
   1.3552232621805257e-01
   1.1310509952710156e-01
   1.2431371287257707e-01
   1.1310509952710156e-01
   1.6201541271494424e-01
   1.4367404582993390e-01
   8.7630979102556378e-02
   1.0699130757646788e-01
   1.2635164053382472e-01
   1.5284472703071642e-01
   1.4265507975758740e-01
   1.2227578072788406e-01
   1.6507230644853843e-01
   1.6507230644853843e-01
   1.3246543248445841e-01
   1.4061714761289440e-01
   1.2533267446147822e-01
