   1.0777984849556344e-01
   2.3257757218508332e-01
   1.6450609220887810e-01
   1.4465190794919899e-01
   2.2690495405363806e-01
   9.6434604952805647e-02
   1.2763403275524254e-01
   1.3614297035222075e-01
   2.4959544737903980e-01
   2.0421446072823632e-01
   1.9570552313125808e-01
   2.4108650978206156e-01
   1.6166978314315547e-01
   5.6726238513409515e-02
   1.8152395700302423e-01
   2.8930381589839799e-01
   7.6580421733107584e-02
   1.7017871034032336e-01
   2.2690495405363806e-01
   2.2123232552238245e-01
   2.3825020071633893e-01
   1.3614297035222075e-01
   2.7228594070444151e-01
   1.9854183219698071e-01
   1.7585133887157897e-01
   2.3825020071633893e-01
   1.5883346367762249e-01
   1.6450609220887810e-01
   1.0210722828415608e-01
   2.1555970739093719e-01
   8.7925669435789486e-02
   1.1061616796109638e-01
   1.3614297035222075e-01
   7.6580421733107584e-02
   2.0421446072823632e-01
   1.5883346367762249e-01
   7.9416732878792293e-02
   1.3897927941794341e-01
   7.6580421733107584e-02
   1.7585133887157897e-01
   2.2974126311936069e-01
   2.3541389165061627e-01
   2.3257757218508332e-01
   7.9416732878792293e-02
   8.5089357250123759e-02
   2.3541389165061627e-01
   1.3047035222077549e-01
   8.5089357250123759e-02
   2.2123232552238245e-01
   1.9570552313125808e-01
   1.5316084554617723e-01
   1.1628878609254166e-01
   1.1061616796109638e-01
   9.3598292767139921e-02
   1.1061616796109638e-01
   1.7301502980585634e-01
   2.7512224977016414e-01
   1.2479772368951990e-01
   1.2196141462379725e-01
   2.9214012496412062e-01
   2.7795856923569712e-01
   1.5883346367762249e-01
   1.0210722828415608e-01
   1.9286921406553545e-01
   4.5380990810727606e-02
   2.1555970739093719e-01
   1.1061616796109638e-01
   5.3889926327743781e-02
   4.8217301956412315e-02
   1.4748821701492162e-01
   2.8930381589839799e-01
   1.4465190794919899e-01
   1.6450609220887810e-01
   1.6166978314315547e-01
   1.5316084554617723e-01
   1.0494353942984079e-01
   2.4392281884778419e-01
   2.1555970739093719e-01
   2.4959544737903980e-01
   3.0064906256109886e-01
   2.2406864498791540e-01
   1.6166978314315547e-01
   2.6377700310746327e-01
   9.0761980581474194e-02
   1.7301502980585634e-01
   2.4108650978206156e-01
   2.0421446072823632e-01
   7.6580421733107584e-02
   1.5883346367762249e-01
   5.6726238513409515e-02
   2.0705076979395895e-01
   2.1555970739093719e-01
   2.7795856923569712e-01
   8.7925669435789486e-02
   6.8071485176110377e-02
   2.0705076979395895e-01
   9.0761980581474194e-02
   6.5235174030425683e-02
   2.1839601645665982e-01
   1.5599715461189986e-01
   1.3614297035222075e-01
   1.3047035222077549e-01
   9.0761980581474194e-02
   1.8436027646855721e-01
   7.3744109547441858e-02
   1.4465190794919899e-01
   1.6734240127460073e-01
   2.6094069404174064e-01
   1.7868764793730160e-01
   1.1061616796109638e-01
   1.5032452608064428e-01
   2.0421446072823632e-01
   2.1272338792540421e-01
   2.4108650978206156e-01
   1.7868764793730160e-01
   1.5599715461189986e-01
   3.1199430922379975e-02
   2.2974126311936069e-01
   1.4181559888347636e-01
   1.9286921406553545e-01
   1.5316084554617723e-01
   1.4748821701492162e-01
   1.3330666128649812e-01
   9.0761980581474194e-02
   1.7017871034032336e-01
   1.6450609220887810e-01
   4.8217301956412315e-02
   1.4748821701492162e-01
   1.7301502980585634e-01
   1.1345247702681903e-01
   2.3825020071633893e-01
   9.6434604952805647e-02
   2.0988707885968158e-01
   2.3257757218508332e-01
   2.0421446072823632e-01
   2.2123232552238245e-01
   2.0421446072823632e-01
   2.4392281884778419e-01
   1.9286921406553545e-01
   2.4675913831331714e-01
   1.5316084554617723e-01
   2.5243175644476240e-01
   2.0421446072823632e-01
   1.4465190794919899e-01
   1.0494353942984079e-01
   1.5032452608064428e-01
   2.4959544737903980e-01
   6.2398861844759949e-02
   1.4181559888347636e-01
   2.7512224977016414e-01
   8.7925669435789486e-02
   1.2479772368951990e-01
   1.1628878609254166e-01
   2.2690495405363806e-01
   2.4392281884778419e-01
   2.0421446072823632e-01
   8.2253045064458019e-02
   1.0777984849556344e-01
   1.4748821701492162e-01
   9.3598292767139921e-02
   1.5599715461189986e-01
   1.5316084554617723e-01
   6.5235174030425683e-02
   1.8719658553427984e-01
   1.3614297035222075e-01
   2.4959544737903980e-01
   8.2253045064458019e-02
   1.5599715461189986e-01
   2.2406864498791540e-01
   2.3257757218508332e-01
   9.0761980581474194e-02
   1.5316084554617723e-01
   1.6166978314315547e-01
   1.4181559888347636e-01
   1.6450609220887810e-01
   1.9003289460000247e-01
   9.0761980581474194e-02
   1.9570552313125808e-01
   3.4035743108045705e-02
   9.3598292767139921e-02
   1.8719658553427984e-01
   2.3825020071633893e-01
   1.4748821701492162e-01
   2.2123232552238245e-01
   1.3330666128649812e-01
   8.5089357250123759e-02
   2.4675913831331714e-01
   2.3541389165061627e-01
   1.5599715461189986e-01
   2.1555970739093719e-01
   2.0705076979395895e-01
   8.5089357250123759e-02
   1.3614297035222075e-01
   9.9270916098490355e-02
   1.7301502980585634e-01
   1.5032452608064428e-01
   1.7301502980585634e-01
   1.7585133887157897e-01
   1.1345247702681903e-01
   2.2123232552238245e-01
   1.8719658553427984e-01
   1.7868764793730160e-01
   2.4108650978206156e-01
   1.3047035222077549e-01
   1.5883346367762249e-01
   1.1345247702681903e-01
   2.0421446072823632e-01
   9.0761980581474194e-02
   1.5032452608064428e-01
   5.3889926327743781e-02
   9.6434604952805647e-02
   7.9416732878792293e-02
   9.9270916098490355e-02
   1.2479772368951990e-01
   1.3614297035222075e-01
   2.4392281884778419e-01
   1.0210722828415608e-01
   1.4748821701492162e-01
   8.2253045064458019e-02
   2.2123232552238245e-01
   1.3897927941794341e-01
   9.6434604952805647e-02
   1.5883346367762249e-01
   1.2763403275524254e-01
   1.3897927941794341e-01
   1.5883346367762249e-01
   1.9286921406553545e-01
   8.5089357250123759e-02
   1.6450609220887810e-01
   1.4748821701492162e-01
   1.8152395700302423e-01
   1.3330666128649812e-01
   1.9854183219698071e-01
   1.4465190794919899e-01
   2.1272338792540421e-01
   1.8719658553427984e-01
   5.9562549659094216e-02
   7.9416732878792293e-02
   2.7512224977016414e-01
   1.7301502980585634e-01
   9.9270916098490355e-02
   9.6434604952805647e-02
   1.9570552313125808e-01
   1.2196141462379725e-01
   1.4465190794919899e-01
   4.8217301956412315e-02
   1.0210722828415608e-01
   5.6726238513409515e-02
   2.1555970739093719e-01
   1.8436027646855721e-01
   1.7585133887157897e-01
   2.2690495405363806e-01
   1.0494353942984079e-01
   1.7017871034032336e-01
   1.9570552313125808e-01
   6.8071485176110377e-02
   7.6580421733107584e-02
   4.5380990810727606e-02
   1.3897927941794341e-01
   1.9003289460000247e-01
   1.2763403275524254e-01
   1.5599715461189986e-01
   1.6166978314315547e-01
   1.7301502980585634e-01
   8.5089357250123759e-02
   1.1345247702681903e-01
   1.1061616796109638e-01
   6.2398861844759949e-02
   8.7925669435789486e-02
   3.9708366439396146e-02
   1.1628878609254166e-01
   3.6872054253730406e-02
   1.4748821701492162e-01
   2.0705076979395895e-01
   2.1555970739093719e-01
   1.7585133887157897e-01
   1.5883346367762249e-01
   3.4035743108045705e-02
   5.1053614142078041e-02
   1.3897927941794341e-01
   3.6872054253730406e-02
   1.4465190794919899e-01
   2.3825020071633893e-01
   8.2253045064458019e-02
   7.6580421733107584e-02
   1.6450609220887810e-01
   2.0421446072823632e-01
   1.3614297035222075e-01
   1.9003289460000247e-01
   1.3897927941794341e-01
   1.5316084554617723e-01
   1.2763403275524254e-01
   1.5883346367762249e-01
   1.6166978314315547e-01
   1.1061616796109638e-01
   2.0705076979395895e-01
   7.9416732878792293e-02
   1.6166978314315547e-01
   4.5380990810727606e-02
   4.8217301956412315e-02
   1.8436027646855721e-01
   2.2406864498791540e-01
   1.5883346367762249e-01
   7.3744109547441858e-02
   1.6734240127460073e-01
   1.0494353942984079e-01
   5.9562549659094216e-02
   1.2763403275524254e-01
   4.8217301956412315e-02
   6.8071485176110377e-02
   1.4465190794919899e-01
   9.0761980581474194e-02
   1.6734240127460073e-01
   1.8719658553427984e-01
   5.3889926327743781e-02
   4.5380990810727606e-02
   7.0907797361776118e-02
   3.6872054253730406e-02
   1.1912509515826430e-01
   2.8079487830141975e-01
   3.6872054253730406e-02
   1.1912509515826430e-01
   1.9854183219698071e-01
   1.3330666128649812e-01
   1.1061616796109638e-01
   1.6166978314315547e-01
   2.2974126311936069e-01
   4.5380990810727606e-02
   2.5243175644476240e-01
   9.9270916098490355e-02
   1.5599715461189986e-01
   3.1199430922379975e-02
   3.6872054253730406e-02
   2.2974126311936069e-01
   2.3257757218508332e-01
   1.0494353942984079e-01
   2.2974126311936069e-01
   1.3330666128649812e-01
   7.9416732878792293e-02
   1.8152395700302423e-01
   1.3047035222077549e-01
   4.2544678625061880e-02
   2.0705076979395895e-01
   2.2123232552238245e-01
   1.1345247702681903e-01
   1.9286921406553545e-01
   9.0761980581474194e-02
   1.7868764793730160e-01
   1.8152395700302423e-01
   1.9003289460000247e-01
   1.7017871034032336e-01
   1.5316084554617723e-01
   1.0777984849556344e-01
   1.0494353942984079e-01
   9.0761980581474194e-02
   3.4035743108045705e-02
   2.2690495405363806e-01
   1.5883346367762249e-01
   5.9562549659094216e-02
   4.5380990810727606e-02
   4.2544678625061880e-02
   1.9854183219698071e-01
   9.6434604952805647e-02
   5.6726238513409515e-02
   1.9286921406553545e-01
   1.2763403275524254e-01
   1.1345247702681903e-01
   1.8152395700302423e-01
   5.3889926327743781e-02
   5.6726238513409515e-02
   1.4748821701492162e-01
   1.8436027646855721e-01
   7.9416732878792293e-02
   1.5032452608064428e-01
   1.0494353942984079e-01
   1.9003289460000247e-01
   4.5380990810727606e-02
   2.4675913831331714e-01
   2.0137814126270334e-01
   8.7925669435789486e-02
   6.2398861844759949e-02
   1.3330666128649812e-01
   3.1199430922379975e-02
   2.2974126311936069e-01
   1.7017871034032336e-01
   1.1061616796109638e-01
   4.2544678625061880e-02
   2.1839601645665982e-01
   1.6450609220887810e-01
   1.6734240127460073e-01
   1.2479772368951990e-01
   9.0761980581474194e-02
   1.9286921406553545e-01
   6.2398861844759949e-02
   5.9562549659094216e-02
   1.1345247702681903e-01
   9.3598292767139921e-02
   1.2196141462379725e-01
   1.6166978314315547e-01
   1.1912509515826430e-01
   1.2763403275524254e-01
   1.6450609220887810e-01
   1.4181559888347636e-01
   2.1839601645665982e-01
   5.1053614142078041e-02
   1.2763403275524254e-01
   1.1912509515826430e-01
   5.1053614142078041e-02
   1.2479772368951990e-01
   7.9416732878792293e-02
   4.5380990810727606e-02
   1.1912509515826430e-01
   5.1053614142078041e-02
   8.5089357250123759e-02
   7.9416732878792293e-02
   3.6872054253730406e-02
   1.6734240127460073e-01
   1.8152395700302423e-01
   9.3598292767139921e-02
   6.5235174030425683e-02
   7.6580421733107584e-02
   4.2544678625061880e-02
   1.2196141462379725e-01
   2.0137814126270334e-01
   1.2479772368951990e-01
   5.9562549659094216e-02
   1.0777984849556344e-01
   1.3330666128649812e-01
   7.6580421733107584e-02
   3.4035743108045705e-02
   1.1061616796109638e-01
   1.1061616796109638e-01
   3.9708366439396146e-02
   8.5089357250123759e-02
   6.5235174030425683e-02
   1.5316084554617723e-01
   4.5380990810727606e-02
   7.9416732878792293e-02
   1.1628878609254166e-01
   1.3614297035222075e-01
   5.9562549659094216e-02
   3.6872054253730406e-02
   4.2544678625061880e-02
   1.4748821701492162e-01
   1.4465190794919899e-01
   1.5883346367762249e-01
   3.4035743108045705e-02
   1.1061616796109638e-01
   7.6580421733107584e-02
   3.4035743108045705e-02
   4.8217301956412315e-02
   1.2479772368951990e-01
   9.6434604952805647e-02
   1.5599715461189986e-01
   7.0907797361776118e-02
   3.1199430922379975e-02
   1.1912509515826430e-01
   5.9562549659094216e-02
   1.3614297035222075e-01
   5.9562549659094216e-02
   9.3598292767139921e-02
   9.6434604952805647e-02
   1.2763403275524254e-01
   3.1199430922379975e-02
   7.9416732878792293e-02
   2.7512224977016414e-01
   3.4035743108045705e-02
   9.9270916098490355e-02
   8.7925669435789486e-02
   7.0907797361776118e-02
   1.1912509515826430e-01
   7.6580421733107584e-02
   1.0777984849556344e-01
   4.2544678625061880e-02
   6.8071485176110377e-02
   3.9708366439396146e-02
   7.0907797361776118e-02
   3.6872054253730406e-02
   1.8152395700302423e-01
   1.7017871034032336e-01
   3.1199430922379975e-02
   1.0777984849556344e-01
   1.0210722828415608e-01
   9.6434604952805647e-02
   1.4748821701492162e-01
   1.5883346367762249e-01
   1.0210722828415608e-01
   8.2253045064458019e-02
   4.2544678625061880e-02
   8.7925669435789486e-02
   1.1628878609254166e-01
   1.1628878609254166e-01
   1.1912509515826430e-01
   6.8071485176110377e-02
   6.8071485176110377e-02
   6.8071485176110377e-02
   1.4181559888347636e-01
   6.8071485176110377e-02
   1.0494353942984079e-01
   1.6450609220887810e-01
   8.7925669435789486e-02
   7.6580421733107584e-02
   4.2544678625061880e-02
   7.0907797361776118e-02
   3.9708366439396146e-02
   4.2544678625061880e-02
   1.1345247702681903e-01
   5.1053614142078041e-02
   2.3541389165061627e-01
   9.0761980581474194e-02
   6.8071485176110377e-02
   3.6872054253730406e-02
   5.6726238513409515e-02
   9.3598292767139921e-02
   1.0494353942984079e-01
   1.8719658553427984e-01
   2.0137814126270334e-01
   1.6166978314315547e-01
   1.2763403275524254e-01
   3.4035743108045705e-02
   8.7925669435789486e-02
   5.3889926327743781e-02
   7.9416732878792293e-02
   1.5032452608064428e-01
   5.6726238513409515e-02
   1.5316084554617723e-01
   5.3889926327743781e-02
   1.1628878609254166e-01
   1.4465190794919899e-01
   3.6872054253730406e-02
   1.2763403275524254e-01
   5.6726238513409515e-02
   7.0907797361776118e-02
   9.6434604952805647e-02
   6.2398861844759949e-02
   3.4035743108045705e-02
   1.9570552313125808e-01
   7.9416732878792293e-02
   6.5235174030425683e-02
   9.9270916098490355e-02
   7.9416732878792293e-02
   1.0777984849556344e-01
   8.2253045064458019e-02
   3.4035743108045705e-02
   5.9562549659094216e-02
   9.9270916098490355e-02
   1.0494353942984079e-01
   5.9562549659094216e-02
   8.5089357250123759e-02
   9.6434604952805647e-02
   7.0907797361776118e-02
   1.9003289460000247e-01
   1.0777984849556344e-01
   1.9286921406553545e-01
   6.8071485176110377e-02
   5.9562549659094216e-02
   1.2196141462379725e-01
   9.9270916098490355e-02
   4.8217301956412315e-02
   6.8071485176110377e-02
   6.2398861844759949e-02
   1.0777984849556344e-01
   3.6872054253730406e-02
   9.0761980581474194e-02
   1.0777984849556344e-01
   7.9416732878792293e-02
   8.5089357250123759e-02
   3.4035743108045705e-02
   1.1912509515826430e-01
   1.0777984849556344e-01
   1.1061616796109638e-01
   5.6726238513409515e-02
   7.3744109547441858e-02
   7.3744109547441858e-02
   1.1628878609254166e-01
   8.7925669435789486e-02
   7.0907797361776118e-02
   1.3330666128649812e-01
   8.5089357250123759e-02
   1.7301502980585634e-01
   6.8071485176110377e-02
   1.5316084554617723e-01
   5.6726238513409515e-02
   9.3598292767139921e-02
   9.3598292767139921e-02
   5.6726238513409515e-02
   1.3047035222077549e-01
   7.9416732878792293e-02
   1.3897927941794341e-01
   9.6434604952805647e-02
   3.4035743108045705e-02
   3.4035743108045705e-02
   1.6166978314315547e-01
   1.1061616796109638e-01
   9.0761980581474194e-02
   6.8071485176110377e-02
   6.8071485176110377e-02
   5.9562549659094216e-02
   8.5089357250123759e-02
   1.0210722828415608e-01
   7.0907797361776118e-02
   1.2763403275524254e-01
   3.6872054253730406e-02
   8.5089357250123759e-02
   9.0761980581474194e-02
   7.6580421733107584e-02
   6.2398861844759949e-02
   4.8217301956412315e-02
   4.8217301956412315e-02
   7.9416732878792293e-02
   3.4035743108045705e-02
   6.2398861844759949e-02
   6.8071485176110377e-02
   1.6734240127460073e-01
   6.5235174030425683e-02
   7.3744109547441858e-02
   1.0777984849556344e-01
   6.5235174030425683e-02
   5.6726238513409515e-02
   6.5235174030425683e-02
   5.9562549659094216e-02
   8.2253045064458019e-02
   5.6726238513409515e-02
   3.6872054253730406e-02
   9.6434604952805647e-02
   6.5235174030425683e-02
   6.2398861844759949e-02
   8.5089357250123759e-02
   5.6726238513409515e-02
   1.1628878609254166e-01
   3.4035743108045705e-02
   5.3889926327743781e-02
   3.1199430922379975e-02
   3.4035743108045705e-02
   6.5235174030425683e-02
   7.3744109547441858e-02
   7.6580421733107584e-02
   1.0210722828415608e-01
   1.4181559888347636e-01
   3.6872054253730406e-02
   7.3744109547441858e-02
   3.4035743108045705e-02
   3.4035743108045705e-02
   5.1053614142078041e-02
   1.0494353942984079e-01
   7.9416732878792293e-02
   7.3744109547441858e-02
   7.9416732878792293e-02
   4.8217301956412315e-02
   1.1912509515826430e-01
   5.3889926327743781e-02
   3.1199430922379975e-02
   9.9270916098490355e-02
   1.2196141462379725e-01
   8.5089357250123759e-02
   4.2544678625061880e-02
   4.8217301956412315e-02
   1.2479772368951990e-01
   3.9708366439396146e-02
   1.0777984849556344e-01
   4.2544678625061880e-02
   1.0494353942984079e-01
   1.2479772368951990e-01
   3.9708366439396146e-02
   5.1053614142078041e-02
   6.5235174030425683e-02
   5.9562549659094216e-02
   7.0907797361776118e-02
   5.3889926327743781e-02
   3.1199430922379975e-02
   6.5235174030425683e-02
   3.6872054253730406e-02
   1.0777984849556344e-01
   7.3744109547441858e-02
   9.6434604952805647e-02
   3.6872054253730406e-02
   7.3744109547441858e-02
   3.4035743108045705e-02
   4.2544678625061880e-02
   5.9562549659094216e-02
   3.4035743108045705e-02
   3.6872054253730406e-02
   1.2479772368951990e-01
   4.2544678625061880e-02
   6.2398861844759949e-02
   1.1628878609254166e-01
   3.4035743108045705e-02
   1.0210722828415608e-01
   3.4035743108045705e-02
   4.8217301956412315e-02
   7.9416732878792293e-02
   5.3889926327743781e-02
   3.9708366439396146e-02
   6.5235174030425683e-02
   3.4035743108045705e-02
   7.3744109547441858e-02
   7.6580421733107584e-02
   6.2398861844759949e-02
   6.8071485176110377e-02
   1.1061616796109638e-01
   4.2544678625061880e-02
   6.2398861844759949e-02
   4.2544678625061880e-02
   8.2253045064458019e-02
   5.6726238513409515e-02
   8.2253045064458019e-02
   1.3897927941794341e-01
   4.8217301956412315e-02
   5.9562549659094216e-02
   6.5235174030425683e-02
   3.1199430922379975e-02
   7.6580421733107584e-02
   7.3744109547441858e-02
   3.4035743108045705e-02
   7.0907797361776118e-02
   8.2253045064458019e-02
   6.5235174030425683e-02
   7.9416732878792293e-02
   7.6580421733107584e-02
   5.1053614142078041e-02
   5.3889926327743781e-02
   8.5089357250123759e-02
   4.5380990810727606e-02
   4.8217301956412315e-02
   6.5235174030425683e-02
   3.6872054253730406e-02
   3.6872054253730406e-02
   6.8071485176110377e-02
   8.5089357250123759e-02
   4.5380990810727606e-02
   1.2196141462379725e-01
   6.5235174030425683e-02
   1.0777984849556344e-01
   1.3897927941794341e-01
   3.4035743108045705e-02
   1.0210722828415608e-01
   1.3897927941794341e-01
   7.3744109547441858e-02
   5.9562549659094216e-02
   6.5235174030425683e-02
   5.3889926327743781e-02
   3.1199430922379975e-02
   9.0761980581474194e-02
   6.5235174030425683e-02
   5.6726238513409515e-02
   8.5089357250123759e-02
   1.3897927941794341e-01
   7.3744109547441858e-02
   3.4035743108045705e-02
   3.4035743108045705e-02
   1.1628878609254166e-01
   3.9708366439396146e-02
   5.3889926327743781e-02
   3.4035743108045705e-02
   8.7925669435789486e-02
   7.0907797361776118e-02
   8.2253045064458019e-02
   4.2544678625061880e-02
   5.6726238513409515e-02
   5.1053614142078041e-02
   5.9562549659094216e-02
   6.5235174030425683e-02
   5.3889926327743781e-02
   6.5235174030425683e-02
   6.8071485176110377e-02
   1.3047035222077549e-01
   3.6872054253730406e-02
   9.9270916098490355e-02
   8.5089357250123759e-02
   8.5089357250123759e-02
   8.7925669435789486e-02
   3.6872054253730406e-02
   4.5380990810727606e-02
   8.2253045064458019e-02
   5.1053614142078041e-02
   7.3744109547441858e-02
   7.0907797361776118e-02
   6.8071485176110377e-02
   7.6580421733107584e-02
   3.1199430922379975e-02
   1.3614297035222075e-01
   3.1199430922379975e-02
   1.1345247702681903e-01
   5.3889926327743781e-02
   4.8217301956412315e-02
   6.8071485176110377e-02
   5.1053614142078041e-02
   7.9416732878792293e-02
   6.5235174030425683e-02
   9.9270916098490355e-02
   7.6580421733107584e-02
   5.1053614142078041e-02
   3.6872054253730406e-02
   6.2398861844759949e-02
   8.2253045064458019e-02
   3.4035743108045705e-02
   1.0494353942984079e-01
   1.1345247702681903e-01
   8.5089357250123759e-02
   3.6872054253730406e-02
   1.0494353942984079e-01
   7.6580421733107584e-02
   5.3889926327743781e-02
   3.1199430922379975e-02
   5.6726238513409515e-02
   3.1199430922379975e-02
   7.9416732878792293e-02
   3.1199430922379975e-02
   4.8217301956412315e-02
   3.6872054253730406e-02
   3.4035743108045705e-02
   5.9562549659094216e-02
   7.3744109547441858e-02
   7.3744109547441858e-02
   4.2544678625061880e-02
   3.1199430922379975e-02
   5.9562549659094216e-02
   5.3889926327743781e-02
   7.6580421733107584e-02
   7.9416732878792293e-02
   4.2544678625061880e-02
   5.1053614142078041e-02
   6.8071485176110377e-02
   1.1628878609254166e-01
   4.8217301956412315e-02
   5.9562549659094216e-02
   1.0777984849556344e-01
   5.6726238513409515e-02
   6.8071485176110377e-02
   1.1912509515826430e-01
   4.8217301956412315e-02
   3.4035743108045705e-02
   9.6434604952805647e-02
   8.5089357250123759e-02
   7.6580421733107584e-02
   6.2398861844759949e-02
   8.7925669435789486e-02
   3.6872054253730406e-02
   3.4035743108045705e-02
   4.8217301956412315e-02
   8.2253045064458019e-02
   3.9708366439396146e-02
   8.7925669435789486e-02
   4.8217301956412315e-02
   4.5380990810727606e-02
   1.1628878609254166e-01
   7.3744109547441858e-02
   5.1053614142078041e-02
   3.1199430922379975e-02
   9.0761980581474194e-02
   5.6726238513409515e-02
   4.5380990810727606e-02
   5.3889926327743781e-02
   3.9708366439396146e-02
   6.2398861844759949e-02
   3.4035743108045705e-02
   3.4035743108045705e-02
   8.5089357250123759e-02
   9.3598292767139921e-02
   4.2544678625061880e-02
   9.6434604952805647e-02
   7.0907797361776118e-02
   1.0210722828415608e-01
   5.6726238513409515e-02
   3.1199430922379975e-02
   3.6872054253730406e-02
   5.3889926327743781e-02
   3.6872054253730406e-02
   6.8071485176110377e-02
   5.9562549659094216e-02
   3.6872054253730406e-02
   5.1053614142078041e-02
   1.2763403275524254e-01
   7.0907797361776118e-02
   1.2479772368951990e-01
   4.8217301956412315e-02
   5.1053614142078041e-02
   3.9708366439396146e-02
   6.2398861844759949e-02
   6.2398861844759949e-02
   6.2398861844759949e-02
   5.3889926327743781e-02
   5.3889926327743781e-02
   4.5380990810727606e-02
   3.9708366439396146e-02
   7.0907797361776118e-02
   3.9708366439396146e-02
   4.5380990810727606e-02
   7.9416732878792293e-02
   4.5380990810727606e-02
   5.6726238513409515e-02
   1.1628878609254166e-01
   6.2398861844759949e-02
   5.3889926327743781e-02
   8.2253045064458019e-02
   9.0761980581474194e-02
   3.1199430922379975e-02
   3.1199430922379975e-02
   6.8071485176110377e-02
   7.6580421733107584e-02
   1.3614297035222075e-01
   1.1061616796109638e-01
   4.8217301956412315e-02
   3.9708366439396146e-02
   1.2196141462379725e-01
   5.6726238513409515e-02
   3.4035743108045705e-02
   5.3889926327743781e-02
   7.0907797361776118e-02
   9.3598292767139921e-02
   3.1199430922379975e-02
   3.1199430922379975e-02
   4.5380990810727606e-02
   4.2544678625061880e-02
   5.1053614142078041e-02
   6.2398861844759949e-02
   3.6872054253730406e-02
   7.9416732878792293e-02
   1.2196141462379725e-01
   9.3598292767139921e-02
   4.8217301956412315e-02
   5.1053614142078041e-02
   9.0761980581474194e-02
   1.1061616796109638e-01
   1.1628878609254166e-01
   4.2544678625061880e-02
   3.1199430922379975e-02
   5.3889926327743781e-02
   7.3744109547441858e-02
   8.5089357250123759e-02
   6.8071485176110377e-02
   5.6726238513409515e-02
   3.6872054253730406e-02
   5.1053614142078041e-02
   7.3744109547441858e-02
   7.3744109547441858e-02
   3.6872054253730406e-02
   5.3889926327743781e-02
   3.6872054253730406e-02
   8.7925669435789486e-02
   1.0777984849556344e-01
   7.3744109547441858e-02
   3.1199430922379975e-02
   5.1053614142078041e-02
   7.3744109547441858e-02
