   2.2491607058395488e-01
   1.4388013461888299e-01
   1.6207187556849187e-01
   2.0176294342368564e-01
   1.1907321448062577e-01
   2.0341674004002180e-01
   1.4388013461888299e-01
   2.1830089139530651e-01
   2.4806919410587594e-01
   1.4057254502455885e-01
   2.1333950882299435e-01
   1.8853258868473710e-01
   1.8853258868473710e-01
   1.9349397125704929e-01
   1.2238080407494996e-01
   1.3726495543023465e-01
   2.3153124977260323e-01
   1.7860981990176461e-01
   2.0176294342368564e-01
   1.8687879206840094e-01
   2.0176294342368564e-01
   1.2072700745861378e-01
   1.0915044569765325e-01
   1.8357120247407677e-01
   2.5303058031653630e-01
   1.9349397125704929e-01
   2.5137678370020006e-01
   2.1168571220665816e-01
   1.3891874840822266e-01
   1.6041807895215571e-01
   2.1830089139530651e-01
   1.1411182826996542e-01
   2.0507053301800982e-01
   1.7860981990176461e-01
   1.6868705111879206e-01
   2.2822366017827903e-01
   1.3230356921957431e-01
   1.9845535746770962e-01
   1.4222633800254683e-01
   1.1411182826996542e-01
   1.7695602692377660e-01
   1.3726495543023465e-01
   1.4222633800254683e-01
   1.7695602692377660e-01
   1.2403459705293797e-01
   1.7695602692377660e-01
   1.4388013461888299e-01
   1.4057254502455885e-01
   1.6868705111879206e-01
   2.5303058031653630e-01
   2.1333950882299435e-01
   1.7034084773512823e-01
   1.1080423867564125e-01
   1.5876428597416772e-01
   1.7199464071311624e-01
   2.5964575586683641e-01
   1.1080423867564125e-01
   1.7530223030744041e-01
   1.5049531016918319e-01
   2.3483883936692740e-01
   1.9514776787338547e-01
   1.2403459705293797e-01
   2.2656986356194286e-01
   1.9184017827906127e-01
   1.9680156085137349e-01
   1.1411182826996542e-01
   1.3726495543023465e-01
   1.1080423867564125e-01
   2.5137678370020006e-01
   1.4388013461888299e-01
   2.2160848098963068e-01
   1.1411182826996542e-01
   1.6537946152446789e-01
   2.5137678370020006e-01
   1.4553392759687100e-01
   1.8853258868473710e-01
   2.0837812261233399e-01
   1.3064977624158630e-01
   1.9514776787338547e-01
   1.4718772057485902e-01
   1.6207187556849187e-01
   1.4553392759687100e-01
   1.9680156085137349e-01
   1.2899597962525014e-01
   1.5876428597416772e-01
   2.2491607058395488e-01
   1.8522499909041293e-01
   2.3318504275059121e-01
   1.2899597962525014e-01
   2.5303058031653630e-01
   2.0341674004002180e-01
   2.5303058031653630e-01
   2.3153124977260323e-01
   1.1080423867564125e-01
   2.0837812261233399e-01
   1.8522499909041293e-01
   1.1907321448062577e-01
   2.2656986356194286e-01
   1.4222633800254683e-01
   1.4884151719119518e-01
   1.8357120247407677e-01
   2.1995468437329452e-01
   1.6537946152446789e-01
   1.6537946152446789e-01
   2.6791473167182095e-01
   1.4553392759687100e-01
   1.1741941786428961e-01
   1.7695602692377660e-01
   1.5049531016918319e-01
   1.6372566854647988e-01
   2.5303058031653630e-01
   1.2568839366927412e-01
   1.7199464071311624e-01
   1.5876428597416772e-01
   1.5545669637984352e-01
   1.4884151719119518e-01
   2.3483883936692740e-01
   2.3153124977260323e-01
   1.8191740949608876e-01
   1.5214910678551935e-01
   1.9184017827906127e-01
   1.1080423867564125e-01
   1.2238080407494996e-01
   1.7199464071311624e-01
   1.9514776787338547e-01
   1.5876428597416772e-01
   1.1907321448062577e-01
   1.7364843732945240e-01
   1.3395736583591047e-01
   2.2491607058395488e-01
   1.7199464071311624e-01
   1.1576562488630161e-01
   1.9349397125704929e-01
   2.2491607058395488e-01
   1.8522499909041293e-01
   1.8357120247407677e-01
   1.6041807895215571e-01
   1.2734218664726213e-01
   2.1333950882299435e-01
   1.6041807895215571e-01
   1.7199464071311624e-01
   1.0915044569765325e-01
   1.1080423867564125e-01
   1.6537946152446789e-01
   1.7530223030744041e-01
   1.1411182826996542e-01
   1.8026361651810074e-01
   1.4388013461888299e-01
   1.6372566854647988e-01
   1.5214910678551935e-01
   2.4806919410587594e-01
   1.5214910678551935e-01
   1.9514776787338547e-01
   1.3230356921957431e-01
   2.2987745315626704e-01
   1.3230356921957431e-01
   1.3230356921957431e-01
   1.5049531016918319e-01
   1.7695602692377660e-01
   1.1411182826996542e-01
   1.8191740949608876e-01
   1.2072700745861378e-01
   2.4641540112788790e-01
   1.4884151719119518e-01
   1.1080423867564125e-01
   1.7034084773512823e-01
   2.1830089139530651e-01
   1.9680156085137349e-01
   1.0915044569765325e-01
   1.8191740949608876e-01
   2.1830089139530651e-01
   2.6791473167182095e-01
   1.5049531016918319e-01
   1.8357120247407677e-01
   1.3064977624158630e-01
   1.4553392759687100e-01
   2.2656986356194286e-01
   1.4222633800254683e-01
   1.2899597962525014e-01
   1.6207187556849187e-01
   1.2568839366927412e-01
   1.4718772057485902e-01
   1.1245803529197744e-01
   1.5711048935783153e-01
   2.4972299072221210e-01
   1.2238080407494996e-01
   2.1333950882299435e-01
   1.1245803529197744e-01
   1.6207187556849187e-01
   2.0176294342368564e-01
   2.4641540112788790e-01
   1.6703325814080405e-01
   1.5214910678551935e-01
   1.6372566854647988e-01
   2.1333950882299435e-01
   1.0915044569765325e-01
   1.5380289976350736e-01
   1.7034084773512823e-01
   1.5049531016918319e-01
   1.6207187556849187e-01
   1.1576562488630161e-01
   1.7034084773512823e-01
   2.2822366017827903e-01
   2.1830089139530651e-01
   1.8026361651810074e-01
   1.2238080407494996e-01
   1.8687879206840094e-01
   2.7122232126614515e-01
   2.2491607058395488e-01
   1.8853258868473710e-01
   1.7695602692377660e-01
   1.1245803529197744e-01
   1.7364843732945240e-01
   1.3064977624158630e-01
   1.6041807895215571e-01
   1.3064977624158630e-01
   2.0341674004002180e-01
   2.1333950882299435e-01
   1.1741941786428961e-01
   1.1741941786428961e-01
   2.6460714207749680e-01
   1.5545669637984352e-01
   1.1907321448062577e-01
   1.2238080407494996e-01
   1.6703325814080405e-01
   2.4476160451155174e-01
   2.5137678370020006e-01
   1.6207187556849187e-01
   2.3483883936692740e-01
   2.1664709841731850e-01
   1.7860981990176461e-01
   2.1333950882299435e-01
   2.1333950882299435e-01
   1.7034084773512823e-01
   1.7530223030744041e-01
   1.2734218664726213e-01
   1.5214910678551935e-01
   2.6129955248317260e-01
   2.2160848098963068e-01
   1.4222633800254683e-01
   1.4222633800254683e-01
   2.2326227396761869e-01
   1.4057254502455885e-01
   1.6041807895215571e-01
   2.5303058031653630e-01
   1.3230356921957431e-01
   1.5214910678551935e-01
   1.3395736583591047e-01
   1.9514776787338547e-01
   1.5545669637984352e-01
   2.0507053301800982e-01
   2.6295334546116061e-01
   1.1245803529197744e-01
   1.7364843732945240e-01
   1.5049531016918319e-01
   1.6372566854647988e-01
   1.8357120247407677e-01
   1.2238080407494996e-01
   1.9845535746770962e-01
   2.0341674004002180e-01
   1.3064977624158630e-01
   2.1664709841731850e-01
   1.8357120247407677e-01
   1.6041807895215571e-01
   1.2403459705293797e-01
   2.0507053301800982e-01
   1.5380289976350736e-01
   1.9845535746770962e-01
   1.3395736583591047e-01
   1.1245803529197744e-01
   1.1411182826996542e-01
   1.6207187556849187e-01
   1.9845535746770962e-01
   1.2734218664726213e-01
   2.4145401491722757e-01
   1.9349397125704929e-01
   1.4222633800254683e-01
   1.9018638166272511e-01
   2.2987745315626704e-01
   1.1576562488630161e-01
   1.8687879206840094e-01
   1.8853258868473710e-01
   1.4222633800254683e-01
   1.6703325814080405e-01
   1.5711048935783153e-01
   1.6703325814080405e-01
   1.5049531016918319e-01
   1.1411182826996542e-01
   1.1411182826996542e-01
   1.3891874840822266e-01
   1.3064977624158630e-01
   1.2899597962525014e-01
   1.0915044569765325e-01
   1.8191740949608876e-01
   1.4057254502455885e-01
   1.7364843732945240e-01
   1.9680156085137349e-01
   1.8522499909041293e-01
   1.1080423867564125e-01
   1.8026361651810074e-01
   1.8026361651810074e-01
   1.3064977624158630e-01
   1.6207187556849187e-01
   1.1741941786428961e-01
   1.2568839366927412e-01
   2.4476160451155174e-01
   2.1003191922867015e-01
   1.9845535746770962e-01
   1.7530223030744041e-01
   1.0915044569765325e-01
   1.7364843732945240e-01
   2.4476160451155174e-01
   1.9349397125704929e-01
   2.4476160451155174e-01
   1.5711048935783153e-01
   1.3230356921957431e-01
   1.2238080407494996e-01
   1.1576562488630161e-01
   2.4310781153356373e-01
   1.6868705111879206e-01
   1.1907321448062577e-01
   1.9514776787338547e-01
   1.3395736583591047e-01
   1.9514776787338547e-01
   2.2656986356194286e-01
   1.6372566854647988e-01
   1.5380289976350736e-01
   1.4222633800254683e-01
   1.8357120247407677e-01
   1.4222633800254683e-01
   2.0010915044569763e-01
   1.9680156085137349e-01
   1.8522499909041293e-01
   1.4057254502455885e-01
   1.2734218664726213e-01
   1.3891874840822266e-01
   1.3891874840822266e-01
   1.4057254502455885e-01
   1.1411182826996542e-01
   1.7695602692377660e-01
   2.2491607058395488e-01
   1.9845535746770962e-01
   1.6207187556849187e-01
   2.4806919410587594e-01
   1.8357120247407677e-01
   1.4718772057485902e-01
   2.1830089139530651e-01
   1.7199464071311624e-01
   1.7034084773512823e-01
   1.4718772057485902e-01
   1.3230356921957431e-01
   1.3230356921957431e-01
   1.1741941786428961e-01
   1.1576562488630161e-01
   1.4222633800254683e-01
   1.1080423867564125e-01
   1.1576562488630161e-01
   1.5214910678551935e-01
   1.4057254502455885e-01
   1.3561115881389849e-01
   1.5545669637984352e-01
   1.3395736583591047e-01
   1.1411182826996542e-01
   1.9680156085137349e-01
   1.7034084773512823e-01
   2.5137678370020006e-01
   2.6791473167182095e-01
   1.2734218664726213e-01
   1.0915044569765325e-01
   1.1411182826996542e-01
   1.7034084773512823e-01
   1.4884151719119518e-01
   1.5711048935783153e-01
   1.3064977624158630e-01
   1.5876428597416772e-01
   2.1168571220665816e-01
   1.2568839366927412e-01
   1.3230356921957431e-01
   1.1907321448062577e-01
   1.5545669637984352e-01
   1.2238080407494996e-01
   1.4553392759687100e-01
   1.4388013461888299e-01
   1.0915044569765325e-01
   1.6537946152446789e-01
   2.1333950882299435e-01
   1.2899597962525014e-01
   1.5214910678551935e-01
   1.6537946152446789e-01
   2.4972299072221210e-01
   1.1411182826996542e-01
   1.4718772057485902e-01
   1.2072700745861378e-01
   1.1245803529197744e-01
   1.0915044569765325e-01
   1.5214910678551935e-01
   1.9349397125704929e-01
   1.9184017827906127e-01
   1.7695602692377660e-01
   1.2072700745861378e-01
   1.5876428597416772e-01
   2.1333950882299435e-01
   1.7695602692377660e-01
   1.7364843732945240e-01
   1.5545669637984352e-01
   1.1741941786428961e-01
   1.6207187556849187e-01
   2.1995468437329452e-01
   2.4310781153356373e-01
   1.4553392759687100e-01
   1.1411182826996542e-01
   1.4553392759687100e-01
   1.2072700745861378e-01
   1.2238080407494996e-01
   1.6041807895215571e-01
   1.1576562488630161e-01
   1.0915044569765325e-01
   1.4222633800254683e-01
   1.2899597962525014e-01
   1.4718772057485902e-01
   1.2899597962525014e-01
   1.1741941786428961e-01
   1.5711048935783153e-01
   1.3230356921957431e-01
   1.7530223030744041e-01
   1.2403459705293797e-01
   1.5049531016918319e-01
   2.1830089139530651e-01
   1.7034084773512823e-01
   1.8853258868473710e-01
   1.3891874840822266e-01
   2.1333950882299435e-01
   1.3726495543023465e-01
   1.4057254502455885e-01
   1.4057254502455885e-01
   1.8687879206840094e-01
   1.4057254502455885e-01
   1.6537946152446789e-01
   1.1080423867564125e-01
   1.2568839366927412e-01
   1.2899597962525014e-01
   2.4641540112788790e-01
   1.1080423867564125e-01
   1.5711048935783153e-01
   1.8522499909041293e-01
   1.3891874840822266e-01
   1.2403459705293797e-01
   1.3395736583591047e-01
   1.4553392759687100e-01
   1.4884151719119518e-01
   2.0837812261233399e-01
   1.5545669637984352e-01
   2.4310781153356373e-01
   1.1245803529197744e-01
   1.1245803529197744e-01
   1.1245803529197744e-01
   1.5049531016918319e-01
   1.6207187556849187e-01
   1.3064977624158630e-01
   1.3064977624158630e-01
   1.5711048935783153e-01
   1.6207187556849187e-01
   1.4884151719119518e-01
   1.6041807895215571e-01
   1.4222633800254683e-01
   1.3726495543023465e-01
   1.1411182826996542e-01
   2.5799196288884846e-01
   1.1245803529197744e-01
   1.2072700745861378e-01
   1.1907321448062577e-01
   1.4718772057485902e-01
   1.5049531016918319e-01
   1.3891874840822266e-01
   1.4718772057485902e-01
   1.8522499909041293e-01
   1.6703325814080405e-01
   1.9514776787338547e-01
   2.0507053301800982e-01
   1.1576562488630161e-01
   1.2568839366927412e-01
   1.5380289976350736e-01
   1.8687879206840094e-01
   1.5711048935783153e-01
   1.0915044569765325e-01
   1.1741941786428961e-01
   1.3561115881389849e-01
   1.8191740949608876e-01
   2.5468437329452426e-01
   1.4553392759687100e-01
   2.0507053301800982e-01
   1.6372566854647988e-01
   1.6703325814080405e-01
   1.3064977624158630e-01
   1.0915044569765325e-01
   1.7199464071311624e-01
   1.2072700745861378e-01
   1.1411182826996542e-01
   1.6537946152446789e-01
   1.3064977624158630e-01
   1.0915044569765325e-01
   1.9514776787338547e-01
   1.0915044569765325e-01
   1.8522499909041293e-01
   1.0915044569765325e-01
   1.3395736583591047e-01
   1.4388013461888299e-01
   1.6537946152446789e-01
   1.9680156085137349e-01
   1.5876428597416772e-01
   1.4222633800254683e-01
   1.8357120247407677e-01
   1.1741941786428961e-01
   1.5214910678551935e-01
   1.4884151719119518e-01
   1.5380289976350736e-01
   1.1907321448062577e-01
   2.1499330180098236e-01
   1.4553392759687100e-01
   1.3561115881389849e-01
   1.1907321448062577e-01
   1.2072700745861378e-01
   1.6207187556849187e-01
   1.0915044569765325e-01
   1.5214910678551935e-01
   1.5049531016918319e-01
   1.6703325814080405e-01
   2.3318504275059121e-01
   1.4057254502455885e-01
   1.5214910678551935e-01
   1.5214910678551935e-01
   1.2899597962525014e-01
   1.2403459705293797e-01
   1.0915044569765325e-01
   1.4718772057485902e-01
   1.4388013461888299e-01
   1.6207187556849187e-01
   1.2238080407494996e-01
   2.2491607058395488e-01
   1.2899597962525014e-01
   1.6537946152446789e-01
   1.4718772057485902e-01
   1.3891874840822266e-01
   1.5876428597416772e-01
   1.1907321448062577e-01
   1.2734218664726213e-01
   1.5214910678551935e-01
   1.2072700745861378e-01
   1.6207187556849187e-01
   1.5049531016918319e-01
   1.2072700745861378e-01
   2.1664709841731850e-01
   1.5711048935783153e-01
   1.1411182826996542e-01
   1.3561115881389849e-01
   2.1333950882299435e-01
   1.6703325814080405e-01
   1.1576562488630161e-01
   1.2899597962525014e-01
   1.3726495543023465e-01
   1.1741941786428961e-01
   2.0507053301800982e-01
   1.2734218664726213e-01
   2.5468437329452426e-01
   1.5711048935783153e-01
   1.3395736583591047e-01
   1.2072700745861378e-01
   1.0915044569765325e-01
   2.2160848098963068e-01
   1.5049531016918319e-01
   1.5214910678551935e-01
   1.3064977624158630e-01
   1.1245803529197744e-01
   1.2734218664726213e-01
   1.2568839366927412e-01
   1.1576562488630161e-01
   1.5380289976350736e-01
   1.4057254502455885e-01
   2.0837812261233399e-01
   1.4718772057485902e-01
   2.4806919410587594e-01
   1.9845535746770962e-01
   1.4057254502455885e-01
   1.3230356921957431e-01
   2.5799196288884846e-01
   1.1245803529197744e-01
   1.5049531016918319e-01
   1.1907321448062577e-01
   1.3395736583591047e-01
   1.6207187556849187e-01
   1.3726495543023465e-01
   2.1168571220665816e-01
   1.2072700745861378e-01
   1.4222633800254683e-01
   1.9845535746770962e-01
   1.3230356921957431e-01
   1.3891874840822266e-01
   2.2987745315626704e-01
   1.1245803529197744e-01
   1.9845535746770962e-01
   1.5380289976350736e-01
   1.5214910678551935e-01
   1.6868705111879206e-01
   1.1907321448062577e-01
   1.2568839366927412e-01
   1.5876428597416772e-01
   1.4553392759687100e-01
   1.1907321448062577e-01
   1.1576562488630161e-01
   1.6207187556849187e-01
   1.3230356921957431e-01
   1.4057254502455885e-01
   1.5214910678551935e-01
   2.0837812261233399e-01
   1.1741941786428961e-01
   2.2656986356194286e-01
   1.3561115881389849e-01
   1.2072700745861378e-01
   1.2403459705293797e-01
   1.1576562488630161e-01
   1.0915044569765325e-01
   1.2238080407494996e-01
   1.1245803529197744e-01
   1.7695602692377660e-01
   1.6537946152446789e-01
   1.3395736583591047e-01
   1.3561115881389849e-01
   1.1907321448062577e-01
   1.3230356921957431e-01
   1.3561115881389849e-01
   1.3561115881389849e-01
   1.3230356921957431e-01
   1.3230356921957431e-01
   1.2072700745861378e-01
   1.3726495543023465e-01
   1.1080423867564125e-01
   1.7695602692377660e-01
   1.1245803529197744e-01
   1.4057254502455885e-01
   1.3891874840822266e-01
   1.1080423867564125e-01
   1.2238080407494996e-01
   1.5049531016918319e-01
   1.6207187556849187e-01
   1.8687879206840094e-01
   1.0915044569765325e-01
   1.6041807895215571e-01
   2.0837812261233399e-01
   1.1907321448062577e-01
   1.5049531016918319e-01
   1.3891874840822266e-01
   1.5049531016918319e-01
   1.1080423867564125e-01
   1.1907321448062577e-01
   1.4222633800254683e-01
   1.2568839366927412e-01
   1.2734218664726213e-01
   1.4222633800254683e-01
   1.6207187556849187e-01
   1.8853258868473710e-01
   1.8357120247407677e-01
   1.1245803529197744e-01
   1.9018638166272511e-01
   1.2568839366927412e-01
   1.4057254502455885e-01
   1.3064977624158630e-01
   1.1411182826996542e-01
   1.2238080407494996e-01
   1.2734218664726213e-01
   1.2899597962525014e-01
   1.1576562488630161e-01
   1.3230356921957431e-01
   1.2072700745861378e-01
   1.3726495543023465e-01
   1.4057254502455885e-01
   1.1741941786428961e-01
   1.6703325814080405e-01
   1.1411182826996542e-01
   1.1245803529197744e-01
   1.2568839366927412e-01
   1.6537946152446789e-01
   1.3891874840822266e-01
   1.1741941786428961e-01
   1.2734218664726213e-01
   1.5049531016918319e-01
   1.8191740949608876e-01
   1.6041807895215571e-01
   1.3064977624158630e-01
   1.2734218664726213e-01
   1.2238080407494996e-01
   1.1245803529197744e-01
   1.6703325814080405e-01
   1.6041807895215571e-01
   1.5214910678551935e-01
   1.6537946152446789e-01
   1.2403459705293797e-01
   1.3891874840822266e-01
   1.8357120247407677e-01
   1.1411182826996542e-01
   1.4388013461888299e-01
   1.3064977624158630e-01
   1.4553392759687100e-01
   1.3230356921957431e-01
   1.2568839366927412e-01
   1.1080423867564125e-01
   1.4388013461888299e-01
   1.1411182826996542e-01
   1.2734218664726213e-01
   1.2238080407494996e-01
   1.4718772057485902e-01
   1.5876428597416772e-01
   1.1907321448062577e-01
   1.2403459705293797e-01
   1.3561115881389849e-01
   1.5049531016918319e-01
   1.3064977624158630e-01
   1.2403459705293797e-01
   1.1245803529197744e-01
   1.2403459705293797e-01
   1.2568839366927412e-01
   1.2899597962525014e-01
   1.1576562488630161e-01
   1.3064977624158630e-01
   1.1411182826996542e-01
   1.2238080407494996e-01
   1.1576562488630161e-01
   1.6207187556849187e-01
   1.1245803529197744e-01
   1.1576562488630161e-01
   1.8191740949608876e-01
   1.7034084773512823e-01
   1.8522499909041293e-01
   1.2734218664726213e-01
   1.3064977624158630e-01
   1.1907321448062577e-01
   1.4718772057485902e-01
   1.6868705111879206e-01
   1.9018638166272511e-01
   1.3726495543023465e-01
   1.3230356921957431e-01
   1.1411182826996542e-01
   1.5545669637984352e-01
   1.2899597962525014e-01
   1.1080423867564125e-01
   1.3230356921957431e-01
   1.2734218664726213e-01
   1.3395736583591047e-01
   1.1576562488630161e-01
   1.1741941786428961e-01
   1.4553392759687100e-01
   1.1576562488630161e-01
   1.4884151719119518e-01
   1.2568839366927412e-01
   1.0915044569765325e-01
   1.9184017827906127e-01
   1.2238080407494996e-01
   1.1080423867564125e-01
   1.2238080407494996e-01
   1.3891874840822266e-01
   1.1411182826996542e-01
   1.1907321448062577e-01
   1.1907321448062577e-01
   1.3064977624158630e-01
   1.1907321448062577e-01
   1.2899597962525014e-01
   1.3395736583591047e-01
   1.6041807895215571e-01
   1.3726495543023465e-01
   1.1245803529197744e-01
   1.2568839366927412e-01
   1.2568839366927412e-01
   1.0915044569765325e-01
   1.5380289976350736e-01
   1.3395736583591047e-01
   1.6537946152446789e-01
   1.1576562488630161e-01
   1.1576562488630161e-01
   1.3726495543023465e-01
   1.5214910678551935e-01
   1.1576562488630161e-01
   1.6207187556849187e-01
   1.6372566854647988e-01
   1.1907321448062577e-01
   1.1245803529197744e-01
   1.2238080407494996e-01
   1.3230356921957431e-01
   1.2403459705293797e-01
   1.2403459705293797e-01
   1.1576562488630161e-01
   1.0915044569765325e-01
   1.1576562488630161e-01
   1.3230356921957431e-01
   1.1080423867564125e-01
   1.3891874840822266e-01
   1.2734218664726213e-01
   1.0915044569765325e-01
   1.2238080407494996e-01
   1.2072700745861378e-01
   1.3726495543023465e-01
   1.1576562488630161e-01
   1.1411182826996542e-01
   1.4222633800254683e-01
   1.2403459705293797e-01
   1.1741941786428961e-01
   1.2568839366927412e-01
   1.0915044569765325e-01
   1.1080423867564125e-01
   1.1741941786428961e-01
   1.2072700745861378e-01
   1.2568839366927412e-01
   1.3891874840822266e-01
   1.1245803529197744e-01
   1.3064977624158630e-01
   1.0915044569765325e-01
   1.3230356921957431e-01
   1.7364843732945240e-01
   1.1741941786428961e-01
   1.3064977624158630e-01
   1.2568839366927412e-01
   1.3064977624158630e-01
   1.5049531016918319e-01
   1.4553392759687100e-01
   1.3230356921957431e-01
   1.0915044569765325e-01
   1.1080423867564125e-01
   1.1411182826996542e-01
   1.0915044569765325e-01
   1.1245803529197744e-01
   1.1411182826996542e-01
   1.1245803529197744e-01
   1.5545669637984352e-01
   1.2072700745861378e-01
   1.1080423867564125e-01
   1.1411182826996542e-01
   1.1245803529197744e-01
   1.4553392759687100e-01
   1.2072700745861378e-01
   1.3891874840822266e-01
   1.2403459705293797e-01
   1.1411182826996542e-01
   1.2734218664726213e-01
   1.1245803529197744e-01
   1.4718772057485902e-01
   1.3064977624158630e-01
   1.7860981990176461e-01
   1.1576562488630161e-01
   1.1907321448062577e-01
   1.2403459705293797e-01
   1.4057254502455885e-01
   1.1411182826996542e-01
   1.3230356921957431e-01
   1.4884151719119518e-01
   1.5711048935783153e-01
   1.2238080407494996e-01
   1.1907321448062577e-01
   1.1576562488630161e-01
   1.1576562488630161e-01
   1.1741941786428961e-01
   1.1576562488630161e-01
   1.3561115881389849e-01
   1.1080423867564125e-01
   1.6207187556849187e-01
   1.1907321448062577e-01
   1.3230356921957431e-01
   1.2238080407494996e-01
   1.0915044569765325e-01
   1.1576562488630161e-01
   1.2072700745861378e-01
   1.0915044569765325e-01
   1.3395736583591047e-01
   1.2403459705293797e-01
   1.2899597962525014e-01
   1.4884151719119518e-01
   1.3726495543023465e-01
   1.1411182826996542e-01
   1.1411182826996542e-01
   1.1245803529197744e-01
   1.3891874840822266e-01
   1.1741941786428961e-01
   1.2403459705293797e-01
   1.2238080407494996e-01
   1.1245803529197744e-01
   1.0915044569765325e-01
   1.1907321448062577e-01
   1.1411182826996542e-01
   1.1907321448062577e-01
   1.1245803529197744e-01
   1.1411182826996542e-01
   1.3726495543023465e-01
   1.1576562488630161e-01
   1.2568839366927412e-01
   1.3891874840822266e-01
   1.6703325814080405e-01
