   6.7446122336115355e-02
   1.0014727133339330e-01
   1.2160740443772684e-01
   8.7884343269669166e-02
   1.0525682769088379e-01
   1.0423491552010407e-01
   1.0423491552010407e-01
   1.0525682769088379e-01
   7.2555678693605852e-02
   9.8103451488241997e-02
   8.9928163114820478e-02
   8.7884343269669166e-02
   1.3284842482707940e-01
   1.1649784808023636e-01
   7.9709054896247647e-02
   7.9709054896247647e-02
   1.5226472909344532e-01
   1.4715517723236299e-01
   1.6146192963764658e-01
   1.5022090924829401e-01
   9.5037719472310961e-02
   8.9928163114820478e-02
   7.3577586367977413e-02
   9.9125363659021734e-02
   1.5226472909344532e-01
   1.0219109567495276e-01
   9.9125363659021734e-02
   1.2569504412802945e-01
   8.4818606757329981e-02
   1.4000180102972121e-01
   1.0014727133339330e-01
   1.3080460048551995e-01
   1.1956358009616738e-01
   1.3182651265629969e-01
   1.1854166792538766e-01
   1.0934447187759457e-01
   7.6643322880316611e-02
   9.7081539317462273e-02
   1.0832255970681483e-01
   1.0423491552010407e-01
   1.5226472909344532e-01
   1.2671695629880919e-01
   8.2774786912178683e-02
   6.9489942181266653e-02
   1.1036638404837429e-01
   7.8687142725467910e-02
   1.1445402373867689e-01
   7.9709054896247647e-02
   1.2467313645365788e-01
   8.1752874741398945e-02
   1.2058549226694712e-01
   8.9928163114820478e-02
   7.5621410709536888e-02
   9.0950075285600201e-02
   6.8468034506895092e-02
   8.9928163114820478e-02
   8.4818606757329981e-02
   1.2365122428287816e-01
   9.5037719472310961e-02
   1.2262931211209842e-01
   8.6862431098889442e-02
   7.4599498538757150e-02
   6.9489942181266653e-02
   1.1751976025101608e-01
   1.0423491552010407e-01
   1.5328664126422509e-01
   1.1445402373867689e-01
   1.0014727133339330e-01
   1.1649784808023636e-01
   1.0321300334932433e-01
   1.1343211606430532e-01
   9.6059627146682536e-02
   7.9709054896247647e-02
   9.8103451488241997e-02
   6.9489942181266653e-02
   1.2773886846958890e-01
   1.0934447187759457e-01
   9.6059627146682536e-02
   8.9928163114820478e-02
   1.1241020389352559e-01
   8.0730962570619222e-02
   1.0014727133339330e-01
   8.1752874741398945e-02
   9.9125363659021734e-02
   1.1956358009616738e-01
   8.3796699082958406e-02
   1.2671695629880919e-01
   9.4015807301531237e-02
   1.2365122428287816e-01
   1.0321300334932433e-01
   1.0116918350417303e-01
   1.0321300334932433e-01
   8.7884343269669166e-02
   8.0730962570619222e-02
   7.1533766522826114e-02
   1.2671695629880919e-01
   1.1956358009616738e-01
   7.5621410709536888e-02
   1.2978268831474021e-01
   9.5037719472310961e-02
   1.1241020389352559e-01
   1.0832255970681483e-01
   1.5226472909344532e-01
   1.0014727133339330e-01
   8.5840518928109705e-02
   7.9709054896247647e-02
   1.0423491552010407e-01
   9.2993895130751500e-02
   1.2467313645365788e-01
   1.1343211606430532e-01
   1.2262931211209842e-01
   1.2160740443772684e-01
   9.7081539317462273e-02
   1.0627873986166353e-01
   1.5328664126422509e-01
   1.0321300334932433e-01
   9.7081539317462273e-02
   1.4204562087487249e-01
   1.3693606451738202e-01
   1.2365122428287816e-01
   1.4102370870409278e-01
   8.9928163114820478e-02
   1.0219109567495276e-01
   1.5430855343500480e-01
   1.3795797668816173e-01
   8.7884343269669166e-02
   1.3080460048551995e-01
   9.5037719472310961e-02
   8.5840518928109705e-02
   1.0525682769088379e-01
   1.2058549226694712e-01
   7.1533766522826114e-02
   1.0014727133339330e-01
   1.4408944521643194e-01
   9.7081539317462273e-02
   7.0511854352046391e-02
   1.2365122428287816e-01
   1.0525682769088379e-01
   9.5037719472310961e-02
   9.8103451488241997e-02
   1.1751976025101608e-01
   9.8103451488241997e-02
   9.2993895130751500e-02
   1.1138829172274586e-01
   1.4613326506158328e-01
   8.4818606757329981e-02
   7.1533766522826114e-02
   7.3577586367977413e-02
   1.3080460048551995e-01
   1.5737428545093582e-01
   8.7884343269669166e-02
   1.1343211606430532e-01
   1.2773886846958890e-01
   1.1956358009616738e-01
   1.2365122428287816e-01
   8.9928163114820478e-02
   7.6643322880316611e-02
   1.2773886846958890e-01
   1.0934447187759457e-01
   7.2555678693605852e-02
   1.0934447187759457e-01
   1.0832255970681483e-01
   7.0511854352046391e-02
   9.2993895130751500e-02
   1.4613326506158328e-01
   7.0511854352046391e-02
   1.1854166792538766e-01
   7.8687142725467910e-02
   1.5124282141907378e-01
   8.6862431098889442e-02
   1.1751976025101608e-01
   1.1138829172274586e-01
   9.9125363659021734e-02
   1.1547593590945662e-01
   8.8906250944040741e-02
   1.1036638404837429e-01
   8.8906250944040741e-02
   7.2555678693605852e-02
   1.1547593590945662e-01
   1.1343211606430532e-01
   9.8103451488241997e-02
   1.5430855343500480e-01
   7.9709054896247647e-02
   1.0321300334932433e-01
   1.0627873986166353e-01
   1.1241020389352559e-01
   9.0950075285600201e-02
   1.2262931211209842e-01
   9.4015807301531237e-02
   7.2555678693605852e-02
   1.1854166792538766e-01
   6.8468034506895092e-02
   1.2773886846958890e-01
   8.2774786912178683e-02
   9.1971982959971776e-02
   1.0321300334932433e-01
   7.3577586367977413e-02
   9.6059627146682536e-02
   1.0525682769088379e-01
   1.3489224467223071e-01
   1.0219109567495276e-01
   8.2774786912178683e-02
   9.8103451488241997e-02
   9.9125363659021734e-02
   8.1752874741398945e-02
   1.2978268831474021e-01
   1.4817708490673459e-01
   7.9709054896247647e-02
   1.0730064753603509e-01
   1.0219109567495276e-01
   1.0321300334932433e-01
   1.3489224467223071e-01
   8.5840518928109705e-02
   1.2569504412802945e-01
   1.4817708490673459e-01
   1.3080460048551995e-01
   8.8906250944040741e-02
   1.1138829172274586e-01
   9.9125363659021734e-02
   7.2555678693605852e-02
   1.2671695629880919e-01
   8.4818606757329981e-02
   7.2555678693605852e-02
   7.7665230554688186e-02
   1.1138829172274586e-01
   9.1971982959971776e-02
   8.7884343269669166e-02
   1.0934447187759457e-01
   8.5840518928109705e-02
   1.3795797668816173e-01
   1.3182651265629969e-01
   1.2467313645365788e-01
   1.3284842482707940e-01
   1.2262931211209842e-01
   1.0423491552010407e-01
   7.8687142725467910e-02
   8.3796699082958406e-02
   9.8103451488241997e-02
   8.9928163114820478e-02
   1.2160740443772684e-01
   8.2774786912178683e-02
   1.4102370870409278e-01
   9.7081539317462273e-02
   9.2993895130751500e-02
   9.8103451488241997e-02
   1.4102370870409278e-01
   1.2365122428287816e-01
   8.6862431098889442e-02
   1.0219109567495276e-01
   8.4818606757329981e-02
   7.1533766522826114e-02
   1.0321300334932433e-01
   1.3897988885894147e-01
   1.1036638404837429e-01
   9.7081539317462273e-02
   9.7081539317462273e-02
   1.3080460048551995e-01
   1.2467313645365788e-01
   8.9928163114820478e-02
   1.0423491552010407e-01
   9.4015807301531237e-02
   8.1752874741398945e-02
   8.2774786912178683e-02
   9.4015807301531237e-02
   1.3897988885894147e-01
   1.4204562087487249e-01
   1.4408944521643194e-01
   9.9125363659021734e-02
   1.3387033250145097e-01
   9.8103451488241997e-02
   1.3693606451738202e-01
   1.4306753304565223e-01
   7.3577586367977413e-02
   8.9928163114820478e-02
   1.1547593590945662e-01
   7.9709054896247647e-02
   1.0116918350417303e-01
   1.0730064753603509e-01
   8.4818606757329981e-02
   7.2555678693605852e-02
   1.2671695629880919e-01
   1.1036638404837429e-01
   1.2773886846958890e-01
   1.2569504412802945e-01
   1.3284842482707940e-01
   1.1547593590945662e-01
   1.0934447187759457e-01
   1.0832255970681483e-01
   8.4818606757329981e-02
   7.3577586367977413e-02
   1.1854166792538766e-01
   8.6862431098889442e-02
   1.4715517723236299e-01
   1.4204562087487249e-01
   9.0950075285600201e-02
   1.1445402373867689e-01
   1.3284842482707940e-01
   9.8103451488241997e-02
   1.3182651265629969e-01
   1.2160740443772684e-01
   8.9928163114820478e-02
   1.2876078064036864e-01
   1.2365122428287816e-01
   7.3577586367977413e-02
   1.1138829172274586e-01
   1.1649784808023636e-01
   8.5840518928109705e-02
   1.3182651265629969e-01
   1.0014727133339330e-01
   1.1343211606430532e-01
   1.2058549226694712e-01
   7.1533766522826114e-02
   1.3080460048551995e-01
   8.1752874741398945e-02
   8.4818606757329981e-02
   7.8687142725467910e-02
   1.0219109567495276e-01
   9.9125363659021734e-02
   1.4408944521643194e-01
   8.8906250944040741e-02
   1.3080460048551995e-01
   8.0730962570619222e-02
   1.1343211606430532e-01
   1.0832255970681483e-01
   7.3577586367977413e-02
   1.2467313645365788e-01
   1.4204562087487249e-01
   9.9125363659021734e-02
   1.4102370870409278e-01
   1.0423491552010407e-01
   1.0219109567495276e-01
   9.5037719472310961e-02
   1.0219109567495276e-01
   9.2993895130751500e-02
   1.1956358009616738e-01
   8.0730962570619222e-02
   6.7446122336115355e-02
   1.4817708490673459e-01
   1.5226472909344532e-01
   1.2876078064036864e-01
   7.1533766522826114e-02
   1.5533046560578451e-01
   1.1343211606430532e-01
   1.0321300334932433e-01
   1.0423491552010407e-01
   1.3489224467223071e-01
   8.5840518928109705e-02
   1.3489224467223071e-01
   1.0730064753603509e-01
   1.1445402373867689e-01
   8.7884343269669166e-02
   9.5037719472310961e-02
   1.5022090924829401e-01
   6.8468034506895092e-02
   1.0014727133339330e-01
   1.0934447187759457e-01
   1.0219109567495276e-01
   9.9125363659021734e-02
   1.5533046560578451e-01
   7.2555678693605852e-02
   1.0832255970681483e-01
   1.0219109567495276e-01
   8.7884343269669166e-02
   1.0116918350417303e-01
   7.6643322880316611e-02
   1.0730064753603509e-01
   8.4818606757329981e-02
   1.0934447187759457e-01
   1.1854166792538766e-01
   7.2555678693605852e-02
   7.5621410709536888e-02
   9.8103451488241997e-02
   1.5839619762171553e-01
   1.3284842482707940e-01
   1.3182651265629969e-01
   7.6643322880316611e-02
   1.0116918350417303e-01
   8.8906250944040741e-02
   9.9125363659021734e-02
   7.2555678693605852e-02
   1.5328664126422509e-01
   1.3387033250145097e-01
   1.0832255970681483e-01
   8.7884343269669166e-02
   9.7081539317462273e-02
   8.6862431098889442e-02
   7.0511854352046391e-02
   9.9125363659021734e-02
   1.0423491552010407e-01
   9.9125363659021734e-02
   1.0832255970681483e-01
   1.5839619762171553e-01
   9.4015807301531237e-02
   1.3387033250145097e-01
   1.2467313645365788e-01
   1.0934447187759457e-01
   8.1752874741398945e-02
   8.1752874741398945e-02
   7.0511854352046391e-02
   1.2262931211209842e-01
   1.1547593590945662e-01
   1.1343211606430532e-01
   1.1343211606430532e-01
   1.1138829172274586e-01
   1.1445402373867689e-01
   1.1956358009616738e-01
   7.0511854352046391e-02
   8.7884343269669166e-02
   1.2365122428287816e-01
   8.4818606757329981e-02
   7.9709054896247647e-02
   1.2978268831474021e-01
   1.0730064753603509e-01
   1.3080460048551995e-01
   9.7081539317462273e-02
   9.1971982959971776e-02
   7.2555678693605852e-02
   1.3387033250145097e-01
   1.3182651265629969e-01
   1.1854166792538766e-01
   1.3693606451738202e-01
   1.1241020389352559e-01
   7.6643322880316611e-02
   1.1138829172274586e-01
   7.8687142725467910e-02
   1.1547593590945662e-01
   1.5533046560578451e-01
   9.0950075285600201e-02
   1.3897988885894147e-01
   9.2993895130751500e-02
   1.5022090924829401e-01
   9.5037719472310961e-02
   1.0321300334932433e-01
   8.0730962570619222e-02
   7.0511854352046391e-02
   8.7884343269669166e-02
   8.6862431098889442e-02
   9.0950075285600201e-02
   7.4599498538757150e-02
   1.0832255970681483e-01
   1.1751976025101608e-01
   1.1547593590945662e-01
   1.2773886846958890e-01
   7.4599498538757150e-02
   8.7884343269669166e-02
   1.1445402373867689e-01
   1.4000180102972121e-01
   7.5621410709536888e-02
   1.5941810529608713e-01
   6.8468034506895092e-02
   7.1533766522826114e-02
   1.4102370870409278e-01
   9.9125363659021734e-02
   8.5840518928109705e-02
   1.1445402373867689e-01
   7.1533766522826114e-02
   1.1241020389352559e-01
   1.2978268831474021e-01
   1.1854166792538766e-01
   9.9125363659021734e-02
   1.6248384180842632e-01
   1.1751976025101608e-01
   1.2773886846958890e-01
   1.2365122428287816e-01
   1.1241020389352559e-01
   8.0730962570619222e-02
   1.2262931211209842e-01
   1.2773886846958890e-01
   1.2160740443772684e-01
   7.6643322880316611e-02
   9.6059627146682536e-02
   1.3489224467223071e-01
   9.0950075285600201e-02
   1.4102370870409278e-01
   8.3796699082958406e-02
   9.9125363659021734e-02
   9.9125363659021734e-02
   1.1445402373867689e-01
   1.5839619762171553e-01
   1.1649784808023636e-01
   9.7081539317462273e-02
   1.2467313645365788e-01
   1.3387033250145097e-01
   1.4102370870409278e-01
   1.4102370870409278e-01
   7.1533766522826114e-02
   1.0014727133339330e-01
   1.3489224467223071e-01
   6.8468034506895092e-02
   1.0116918350417303e-01
   1.0934447187759457e-01
   8.4818606757329981e-02
   1.2262931211209842e-01
   9.4015807301531237e-02
   1.1751976025101608e-01
   6.8468034506895092e-02
   1.1241020389352559e-01
   1.1445402373867689e-01
   1.5328664126422509e-01
   8.8906250944040741e-02
   8.9928163114820478e-02
   1.4102370870409278e-01
   1.1751976025101608e-01
   8.1752874741398945e-02
   7.6643322880316611e-02
   9.9125363659021734e-02
   1.2467313645365788e-01
   1.1343211606430532e-01
   6.8468034506895092e-02
   7.6643322880316611e-02
   8.4818606757329981e-02
   8.1752874741398945e-02
   9.4015807301531237e-02
   7.6643322880316611e-02
   1.0014727133339330e-01
   1.1241020389352559e-01
   1.0116918350417303e-01
   8.8906250944040741e-02
   8.3796699082958406e-02
   1.3080460048551995e-01
   1.3387033250145097e-01
   8.1752874741398945e-02
   1.2467313645365788e-01
   1.3284842482707940e-01
   1.2773886846958890e-01
   8.4818606757329981e-02
   1.0014727133339330e-01
   9.7081539317462273e-02
   9.7081539317462273e-02
   1.2160740443772684e-01
   1.2058549226694712e-01
   1.1138829172274586e-01
   1.0014727133339330e-01
   1.0525682769088379e-01
   9.4015807301531237e-02
   7.8687142725467910e-02
   6.7446122336115355e-02
   8.1752874741398945e-02
   1.2058549226694712e-01
   1.0321300334932433e-01
   1.1138829172274586e-01
   1.1343211606430532e-01
   1.5839619762171553e-01
   1.5839619762171553e-01
   1.2569504412802945e-01
   6.9489942181266653e-02
   1.4102370870409278e-01
   1.3591415684301045e-01
   1.1956358009616738e-01
   8.7884343269669166e-02
   1.2569504412802945e-01
   8.5840518928109705e-02
   1.2467313645365788e-01
   6.8468034506895092e-02
   1.0525682769088379e-01
   1.5328664126422509e-01
   1.5430855343500480e-01
   1.0116918350417303e-01
   1.0116918350417303e-01
   1.1343211606430532e-01
   1.1241020389352559e-01
   8.8906250944040741e-02
   1.0219109567495276e-01
   1.0219109567495276e-01
   9.1971982959971776e-02
   9.9125363659021734e-02
   1.1649784808023636e-01
   9.6059627146682536e-02
   1.2365122428287816e-01
   1.3591415684301045e-01
   1.2160740443772684e-01
   1.1445402373867689e-01
   1.0525682769088379e-01
   8.9928163114820478e-02
   8.1752874741398945e-02
   6.8468034506895092e-02
   7.8687142725467910e-02
   9.2993895130751500e-02
   7.9709054896247647e-02
   8.1752874741398945e-02
   1.3591415684301045e-01
   8.9928163114820478e-02
   1.2876078064036864e-01
   9.1971982959971776e-02
   9.4015807301531237e-02
   1.1751976025101608e-01
   8.0730962570619222e-02
   1.0934447187759457e-01
   1.1138829172274586e-01
   1.1445402373867689e-01
   9.8103451488241997e-02
   1.2978268831474021e-01
   1.4511135289080354e-01
   8.4818606757329981e-02
   9.1971982959971776e-02
   1.1854166792538766e-01
   1.0934447187759457e-01
   9.5037719472310961e-02
   1.3489224467223071e-01
   1.4306753304565223e-01
   1.1036638404837429e-01
   1.4511135289080354e-01
   7.9709054896247647e-02
   1.2978268831474021e-01
   1.2262931211209842e-01
   6.7446122336115355e-02
   1.1241020389352559e-01
   1.1445402373867689e-01
   1.1751976025101608e-01
   6.7446122336115355e-02
   9.1971982959971776e-02
   9.9125363659021734e-02
   7.4599498538757150e-02
   7.6643322880316611e-02
   1.3080460048551995e-01
   1.0525682769088379e-01
   8.6862431098889442e-02
   1.2671695629880919e-01
   1.1854166792538766e-01
   9.0950075285600201e-02
   7.2555678693605852e-02
   1.2262931211209842e-01
   1.4408944521643194e-01
   7.8687142725467910e-02
   8.2774786912178683e-02
   1.0934447187759457e-01
   1.0832255970681483e-01
   9.7081539317462273e-02
   1.1956358009616738e-01
   8.2774786912178683e-02
   9.1971982959971776e-02
   1.2671695629880919e-01
   1.0934447187759457e-01
   1.2262931211209842e-01
   9.4015807301531237e-02
   7.7665230554688186e-02
   1.3591415684301045e-01
   7.5621410709536888e-02
   8.4818606757329981e-02
   8.8906250944040741e-02
   9.8103451488241997e-02
   1.1751976025101608e-01
   1.4715517723236299e-01
   9.1971982959971776e-02
   7.8687142725467910e-02
   1.0219109567495276e-01
   1.1343211606430532e-01
   1.0014727133339330e-01
   8.0730962570619222e-02
   1.0014727133339330e-01
   1.0014727133339330e-01
   7.2555678693605852e-02
   8.2774786912178683e-02
   1.2160740443772684e-01
   1.0423491552010407e-01
   1.1241020389352559e-01
   1.2262931211209842e-01
   8.1752874741398945e-02
   8.8906250944040741e-02
   1.1138829172274586e-01
   1.1138829172274586e-01
   1.0423491552010407e-01
   7.9709054896247647e-02
   7.4599498538757150e-02
   1.1956358009616738e-01
   1.3182651265629969e-01
   1.2978268831474021e-01
   9.5037719472310961e-02
   7.8687142725467910e-02
   1.1036638404837429e-01
   7.8687142725467910e-02
   8.1752874741398945e-02
   7.3577586367977413e-02
   7.9709054896247647e-02
   1.4817708490673459e-01
   1.0423491552010407e-01
   9.2993895130751500e-02
   7.7665230554688186e-02
   9.2993895130751500e-02
   7.1533766522826114e-02
   1.2262931211209842e-01
   9.1971982959971776e-02
   1.1445402373867689e-01
   1.3693606451738202e-01
   9.1971982959971776e-02
   1.1343211606430532e-01
   1.0832255970681483e-01
   1.2058549226694712e-01
   1.3693606451738202e-01
   1.5022090924829401e-01
   1.2773886846958890e-01
   6.9489942181266653e-02
   9.8103451488241997e-02
   8.2774786912178683e-02
   9.8103451488241997e-02
   1.1751976025101608e-01
   1.1138829172274586e-01
   1.1547593590945662e-01
   8.5840518928109705e-02
   1.3693606451738202e-01
   7.9709054896247647e-02
   8.8906250944040741e-02
   1.0116918350417303e-01
   8.1752874741398945e-02
   9.5037719472310961e-02
   1.1343211606430532e-01
   8.7884343269669166e-02
   1.1343211606430532e-01
   8.3796699082958406e-02
   8.7884343269669166e-02
   9.9125363659021734e-02
   1.0116918350417303e-01
   7.7665230554688186e-02
   7.8687142725467910e-02
   1.5737428545093582e-01
   7.7665230554688186e-02
   1.1547593590945662e-01
   1.1445402373867689e-01
   1.4613326506158328e-01
   8.9928163114820478e-02
   1.0730064753603509e-01
   1.0832255970681483e-01
   8.2774786912178683e-02
   1.0832255970681483e-01
   1.1854166792538766e-01
   1.4715517723236299e-01
   9.6059627146682536e-02
   9.2993895130751500e-02
   1.4919899707751430e-01
   1.2876078064036864e-01
   1.2262931211209842e-01
   1.1956358009616738e-01
   1.1138829172274586e-01
   8.0730962570619222e-02
   1.1751976025101608e-01
   8.3796699082958406e-02
   7.1533766522826114e-02
   1.2671695629880919e-01
   7.0511854352046391e-02
   1.1241020389352559e-01
   8.4818606757329981e-02
   1.4408944521643194e-01
   1.0321300334932433e-01
   9.9125363659021734e-02
   1.1343211606430532e-01
   8.8906250944040741e-02
   8.7884343269669166e-02
   7.9709054896247647e-02
   8.5840518928109705e-02
   9.2993895130751500e-02
   1.4817708490673459e-01
   1.2978268831474021e-01
   8.5840518928109705e-02
   7.2555678693605852e-02
   1.0423491552010407e-01
   1.0934447187759457e-01
   7.7665230554688186e-02
   1.1138829172274586e-01
   1.3489224467223071e-01
   8.1752874741398945e-02
   9.1971982959971776e-02
   7.1533766522826114e-02
   1.3591415684301045e-01
   9.2993895130751500e-02
   7.8687142725467910e-02
   7.0511854352046391e-02
   9.2993895130751500e-02
   1.2365122428287816e-01
   9.7081539317462273e-02
   1.0219109567495276e-01
   1.0014727133339330e-01
   1.2160740443772684e-01
   1.1036638404837429e-01
   1.2978268831474021e-01
   9.1971982959971776e-02
   9.1971982959971776e-02
   1.2671695629880919e-01
   8.4818606757329981e-02
   1.0423491552010407e-01
   1.1854166792538766e-01
   8.1752874741398945e-02
   7.7665230554688186e-02
   1.0116918350417303e-01
   1.1854166792538766e-01
   1.1036638404837429e-01
   7.4599498538757150e-02
   7.3577586367977413e-02
   1.1138829172274586e-01
   9.1971982959971776e-02
   1.0321300334932433e-01
   9.6059627146682536e-02
   7.9709054896247647e-02
   6.8468034506895092e-02
   9.7081539317462273e-02
   7.9709054896247647e-02
   1.5430855343500480e-01
   7.0511854352046391e-02
   1.1343211606430532e-01
   1.2160740443772684e-01
   1.3182651265629969e-01
   1.5226472909344532e-01
   1.4000180102972121e-01
   1.1036638404837429e-01
   7.1533766522826114e-02
   1.3182651265629969e-01
   9.0950075285600201e-02
   9.9125363659021734e-02
   8.4818606757329981e-02
   9.6059627146682536e-02
   1.3489224467223071e-01
   8.6862431098889442e-02
   1.2569504412802945e-01
   8.1752874741398945e-02
   1.2671695629880919e-01
   1.1956358009616738e-01
   1.4511135289080354e-01
   8.9928163114820478e-02
   7.3577586367977413e-02
   1.0423491552010407e-01
   1.1343211606430532e-01
   1.1854166792538766e-01
   1.0525682769088379e-01
   1.0321300334932433e-01
   1.0730064753603509e-01
   8.5840518928109705e-02
   1.3489224467223071e-01
   8.2774786912178683e-02
   1.2160740443772684e-01
   6.8468034506895092e-02
   9.7081539317462273e-02
   1.0525682769088379e-01
   8.4818606757329981e-02
   8.1752874741398945e-02
   1.1649784808023636e-01
   7.8687142725467910e-02
   9.4015807301531237e-02
   8.0730962570619222e-02
   6.8468034506895092e-02
   1.0219109567495276e-01
   8.5840518928109705e-02
   1.2671695629880919e-01
   1.1138829172274586e-01
   9.5037719472310961e-02
   8.4818606757329981e-02
   1.0525682769088379e-01
   9.8103451488241997e-02
   9.5037719472310961e-02
   1.2773886846958890e-01
   1.0219109567495276e-01
   9.9125363659021734e-02
   1.2671695629880919e-01
   8.5840518928109705e-02
   1.2160740443772684e-01
   1.5124282141907378e-01
   1.0014727133339330e-01
   1.0423491552010407e-01
   1.1956358009616738e-01
   8.8906250944040741e-02
   9.7081539317462273e-02
   1.4511135289080354e-01
   1.3591415684301045e-01
   1.1547593590945662e-01
   1.1445402373867689e-01
   9.5037719472310961e-02
   1.2365122428287816e-01
   1.5022090924829401e-01
   8.1752874741398945e-02
   7.6643322880316611e-02
   1.0116918350417303e-01
   1.5328664126422509e-01
   8.0730962570619222e-02
   9.8103451488241997e-02
   1.0934447187759457e-01
   1.0832255970681483e-01
   7.8687142725467910e-02
   1.2058549226694712e-01
   9.2993895130751500e-02
   1.2671695629880919e-01
   1.2569504412802945e-01
   1.1547593590945662e-01
   8.6862431098889442e-02
   9.0950075285600201e-02
   1.5533046560578451e-01
   1.0219109567495276e-01
   1.2876078064036864e-01
   7.0511854352046391e-02
   1.0627873986166353e-01
   7.8687142725467910e-02
   1.0832255970681483e-01
   8.0730962570619222e-02
   1.0321300334932433e-01
   6.7446122336115355e-02
   1.4613326506158328e-01
   1.0219109567495276e-01
   7.9709054896247647e-02
   1.0934447187759457e-01
   1.2773886846958890e-01
   1.0934447187759457e-01
   1.1343211606430532e-01
   1.2773886846958890e-01
   1.2773886846958890e-01
   7.7665230554688186e-02
   1.3387033250145097e-01
   8.8906250944040741e-02
   8.9928163114820478e-02
   1.0321300334932433e-01
   1.3080460048551995e-01
   7.3577586367977413e-02
   7.1533766522826114e-02
   7.0511854352046391e-02
   8.6862431098889442e-02
   7.0511854352046391e-02
   1.6248384180842632e-01
   9.0950075285600201e-02
   9.6059627146682536e-02
   1.4306753304565223e-01
   1.0730064753603509e-01
   1.1036638404837429e-01
   7.1533766522826114e-02
   1.1445402373867689e-01
   1.0525682769088379e-01
   1.0525682769088379e-01
   1.0321300334932433e-01
   9.6059627146682536e-02
   7.1533766522826114e-02
   6.8468034506895092e-02
   1.2671695629880919e-01
   1.2262931211209842e-01
   8.9928163114820478e-02
   1.0832255970681483e-01
   9.5037719472310961e-02
   1.3489224467223071e-01
   1.1854166792538766e-01
   8.6862431098889442e-02
   1.2262931211209842e-01
   8.9928163114820478e-02
   7.4599498538757150e-02
   9.6059627146682536e-02
   1.0832255970681483e-01
   1.0730064753603509e-01
   1.6248384180842632e-01
   1.4511135289080354e-01
   9.0950075285600201e-02
   9.7081539317462273e-02
   1.0321300334932433e-01
   8.0730962570619222e-02
   1.0730064753603509e-01
   1.2569504412802945e-01
   7.2555678693605852e-02
   9.4015807301531237e-02
   9.8103451488241997e-02
   1.4306753304565223e-01
   1.1649784808023636e-01
   1.3080460048551995e-01
   7.1533766522826114e-02
   1.0116918350417303e-01
   1.0219109567495276e-01
   1.4817708490673459e-01
   1.0321300334932433e-01
   6.7446122336115355e-02
   1.2160740443772684e-01
   1.2876078064036864e-01
   1.0934447187759457e-01
   1.1343211606430532e-01
   9.2993895130751500e-02
   6.9489942181266653e-02
   1.4204562087487249e-01
   1.1343211606430532e-01
   9.6059627146682536e-02
   1.0116918350417303e-01
   1.1956358009616738e-01
   1.0014727133339330e-01
   7.0511854352046391e-02
   9.2993895130751500e-02
   8.3796699082958406e-02
   7.6643322880316611e-02
   1.1036638404837429e-01
   1.0627873986166353e-01
   1.0525682769088379e-01
   1.0525682769088379e-01
   7.7665230554688186e-02
   7.1533766522826114e-02
   1.3489224467223071e-01
   1.1547593590945662e-01
   6.8468034506895092e-02
   9.7081539317462273e-02
   1.3795797668816173e-01
   1.0730064753603509e-01
   1.2058549226694712e-01
   1.1138829172274586e-01
   1.0525682769088379e-01
   7.8687142725467910e-02
   1.3489224467223071e-01
   1.1854166792538766e-01
   1.4511135289080354e-01
   1.0014727133339330e-01
   1.1547593590945662e-01
   1.2467313645365788e-01
   1.3284842482707940e-01
   9.7081539317462273e-02
   1.5533046560578451e-01
   9.1971982959971776e-02
   1.6044001746686687e-01
   7.7665230554688186e-02
   1.5737428545093582e-01
   1.0116918350417303e-01
   8.7884343269669166e-02
   1.2262931211209842e-01
   1.1956358009616738e-01
