   1.1474102985218522e-01
   1.2812420249927209e-01
   1.0529408063378559e-01
   1.1946449796660989e-01
   1.0765582118577308e-01
   1.6591198638332030e-01
   1.2182623851859738e-01
   1.1946449796660989e-01
   1.5331605842197091e-01
   1.4308186451783383e-01
   1.0529408063378559e-01
   1.5567779247918323e-01
   1.7220995036399503e-01
   1.6197575645985793e-01
   1.5803952653639555e-01
   1.3993288577488405e-01
   1.4072013046062148e-01
   1.1001755524298541e-01
   1.7220995036399503e-01
   1.7457168442120735e-01
   1.0135785720509836e-01
   1.5016707318424596e-01
   1.0765582118577308e-01
   1.0293234657657326e-01
   1.3993288577488405e-01
   1.6040126708838304e-01
   1.5252880724145829e-01
   1.1080479992872284e-01
   1.7063545449774498e-01
   1.3914563459437146e-01
   1.6591198638332030e-01
   1.2182623851859738e-01
   1.6748647575479519e-01
   1.4937982849850853e-01
   1.2340072789007227e-01
   1.3993288577488405e-01
   1.3520941116568422e-01
   1.6827372044053265e-01
   1.6040126708838304e-01
   9.7421627281635989e-02
   1.5016707318424596e-01
   1.2497521726154714e-01
   1.3835838990863400e-01
   1.4780533912703364e-01
   1.2969869187074698e-01
   1.6748647575479519e-01
   1.2891144718500952e-01
   1.5961402240264561e-01
   1.4386910920357127e-01
   1.2261348320433482e-01
   1.4308186451783383e-01
   1.7063545449774498e-01
   1.0529408063378559e-01
   1.6906096512627009e-01
   1.6276300114559539e-01
   1.3914563459437146e-01
   1.4072013046062148e-01
   1.6984820981200752e-01
   1.6591198638332030e-01
   1.0371959126231070e-01
   1.5725228185065812e-01
   1.3206042592795930e-01
   1.6984820981200752e-01
   1.7535892910694478e-01
   1.2025174914712249e-01
   1.1395378516644779e-01
   1.7063545449774498e-01
   1.1316653398593518e-01
   1.0450683594804815e-01
   1.0608132531952304e-01
   1.2418797257580970e-01
   1.7457168442120735e-01
   1.6748647575479519e-01
   1.7299719504973246e-01
   1.3206042592795930e-01
   1.4229461983209638e-01
   1.3993288577488405e-01
   1.7142269918348241e-01
   1.4229461983209638e-01
   1.3757114522289657e-01
   1.5174156255572085e-01
   1.0135785720509836e-01
   1.3520941116568422e-01
   1.6906096512627009e-01
   1.4308186451783383e-01
   1.5252880724145829e-01
   1.2812420249927209e-01
   1.4701809444129621e-01
   1.3442216647994679e-01
   1.6906096512627009e-01
   1.5016707318424596e-01
   1.3206042592795930e-01
   1.0135785720509836e-01
   1.3757114522289657e-01
   1.1001755524298541e-01
   1.5016707318424596e-01
   1.2812420249927209e-01
   1.3993288577488405e-01
   1.6433749051707028e-01
   1.3284767061369673e-01
   1.2497521726154714e-01
   1.5489054779344580e-01
   1.6276300114559539e-01
   1.7378443973546989e-01
   1.0529408063378559e-01
   1.0686857000526047e-01
   1.4386910920357127e-01
   1.5410330310770834e-01
   1.6748647575479519e-01
   1.2182623851859738e-01
   1.1946449796660989e-01
   1.0844306587151052e-01
   1.4386910920357127e-01
   1.1631551922366011e-01
   1.6197575645985793e-01
   1.2418797257580970e-01
   1.5882677122213301e-01
   1.2103899383285993e-01
   1.2733695781353463e-01
   1.2812420249927209e-01
   1.2654970663302204e-01
   1.7535892910694478e-01
   1.0923031055724797e-01
   1.2340072789007227e-01
   1.0765582118577308e-01
   1.5725228185065812e-01
   9.8208871967373434e-02
   1.0923031055724797e-01
   9.9783361338848325e-02
   1.3284767061369673e-01
   1.5803952653639555e-01
   1.7378443973546989e-01
   1.0844306587151052e-01
   1.3835838990863400e-01
   1.6827372044053265e-01
   1.5095431786998342e-01
   1.0371959126231070e-01
   1.3599665585142168e-01
   1.0686857000526047e-01
   1.7220995036399503e-01
   1.3914563459437146e-01
   1.6669923106905776e-01
   1.0135785720509836e-01
   9.8208871967373434e-02
   1.1710276390939756e-01
   1.1395378516644779e-01
   1.2497521726154714e-01
   1.2182623851859738e-01
   1.2969869187074698e-01
   1.1159204461446029e-01
   1.3284767061369673e-01
   1.0765582118577308e-01
   1.6906096512627009e-01
   1.2891144718500952e-01
   1.2025174914712249e-01
   1.7535892910694478e-01
   1.7142269918348241e-01
   1.5489054779344580e-01
   1.2891144718500952e-01
   1.2733695781353463e-01
   1.4150737514635894e-01
   1.3914563459437146e-01
   1.2025174914712249e-01
   1.7063545449774498e-01
   1.4229461983209638e-01
   1.2733695781353463e-01
   1.6669923106905776e-01
   1.6512473520280771e-01
   1.2103899383285993e-01
   1.3757114522289657e-01
   1.5725228185065812e-01
   1.1474102985218522e-01
   1.4229461983209638e-01
   9.9783361338848325e-02
   1.2497521726154714e-01
   1.6906096512627009e-01
   1.1946449796660989e-01
   1.1316653398593518e-01
   1.2812420249927209e-01
   1.1474102985218522e-01
   1.3363492179420935e-01
   1.4072013046062148e-01
   1.7457168442120735e-01
   1.4701809444129621e-01
   9.7421627281635989e-02
   1.5095431786998342e-01
   1.5489054779344580e-01
   1.6512473520280771e-01
   1.6827372044053265e-01
   1.5174156255572085e-01
   1.2497521726154714e-01
   1.3757114522289657e-01
   1.2891144718500952e-01
   1.0686857000526047e-01
   1.2182623851859738e-01
   1.7142269918348241e-01
   1.1867725328087245e-01
   1.3678390053715911e-01
   1.5174156255572085e-01
   9.7421627281635989e-02
   1.5961402240264561e-01
   1.6197575645985793e-01
   1.5961402240264561e-01
   1.4072013046062148e-01
   1.6748647575479519e-01
   1.1631551922366011e-01
   1.4701809444129621e-01
   1.1789000859513500e-01
   1.3442216647994679e-01
   1.4859258381277107e-01
   1.6827372044053265e-01
   1.4072013046062148e-01
   1.3914563459437146e-01
   1.5803952653639555e-01
   1.3284767061369673e-01
   1.2340072789007227e-01
   1.2969869187074698e-01
   1.1946449796660989e-01
   1.2654970663302204e-01
   1.2891144718500952e-01
   1.5174156255572085e-01
   1.2812420249927209e-01
   1.3442216647994679e-01
   1.6197575645985793e-01
   1.3993288577488405e-01
   1.6512473520280771e-01
   1.6118851177412050e-01
   1.1474102985218522e-01
   1.6197575645985793e-01
   1.7063545449774498e-01
   1.2576246194728460e-01
   1.5331605842197091e-01
   1.5095431786998342e-01
   1.5489054779344580e-01
   1.3284767061369673e-01
   1.2103899383285993e-01
   1.7142269918348241e-01
   1.2969869187074698e-01
   1.6118851177412050e-01
   1.5882677122213301e-01
   1.0293234657657326e-01
   1.3914563459437146e-01
   1.1316653398593518e-01
   1.3127318124222184e-01
   1.6669923106905776e-01
   1.7535892910694478e-01
   1.3520941116568422e-01
   9.8208871967373434e-02
   1.1631551922366011e-01
   1.3206042592795930e-01
   1.3914563459437146e-01
   1.3442216647994679e-01
   1.7535892910694478e-01
   1.1474102985218522e-01
   1.4544359857504616e-01
   9.9783361338848325e-02
   1.3363492179420935e-01
   1.2261348320433482e-01
   1.4859258381277107e-01
   1.4150737514635894e-01
   1.6512473520280771e-01
   1.0135785720509836e-01
   1.1789000859513500e-01
   1.3993288577488405e-01
   1.4150737514635894e-01
   1.7457168442120735e-01
   1.4937982849850853e-01
   1.4308186451783383e-01
   1.3757114522289657e-01
   1.6197575645985793e-01
   1.0686857000526047e-01
   1.5016707318424596e-01
   1.2733695781353463e-01
   1.6512473520280771e-01
   1.5567779247918323e-01
   1.3127318124222184e-01
   1.2182623851859738e-01
   1.5252880724145829e-01
   1.6197575645985793e-01
   1.7142269918348241e-01
   1.6984820981200752e-01
   1.3442216647994679e-01
   1.1001755524298541e-01
   1.2340072789007227e-01
   1.6984820981200752e-01
   1.6197575645985793e-01
   1.5567779247918323e-01
   1.0214510189083581e-01
   1.7535892910694478e-01
   1.6906096512627009e-01
   1.6040126708838304e-01
   1.6512473520280771e-01
   1.0923031055724797e-01
   1.6276300114559539e-01
   1.7142269918348241e-01
   1.7063545449774498e-01
   1.5252880724145829e-01
   1.7457168442120735e-01
   1.2025174914712249e-01
   1.7457168442120735e-01
   1.6433749051707028e-01
   9.8208871967373434e-02
   1.2182623851859738e-01
   1.3993288577488405e-01
   1.3835838990863400e-01
   1.1631551922366011e-01
   1.2182623851859738e-01
   1.1946449796660989e-01
   9.9783361338848325e-02
   1.7063545449774498e-01
   1.3993288577488405e-01
   1.6355024583133282e-01
   1.3442216647994679e-01
   1.0450683594804815e-01
   1.1474102985218522e-01
   1.1001755524298541e-01
   1.6906096512627009e-01
   1.0371959126231070e-01
   1.0057060602458577e-01
   1.7535892910694478e-01
   1.3678390053715911e-01
   1.2969869187074698e-01
   1.0371959126231070e-01
   1.4386910920357127e-01
   1.0608132531952304e-01
   1.7535892910694478e-01
   1.2025174914712249e-01
   1.3757114522289657e-01
   1.4308186451783383e-01
   1.0844306587151052e-01
   1.3127318124222184e-01
   1.2812420249927209e-01
   1.6197575645985793e-01
   9.7421627281635989e-02
   9.7421627281635989e-02
   1.7063545449774498e-01
   1.3284767061369673e-01
   1.2261348320433482e-01
   1.3993288577488405e-01
   1.3993288577488405e-01
   1.3363492179420935e-01
   1.1710276390939756e-01
   1.3048593655648441e-01
   9.9783361338848325e-02
   1.7220995036399503e-01
   1.2340072789007227e-01
   1.5016707318424596e-01
   1.3127318124222184e-01
   1.5331605842197091e-01
   1.7535892910694478e-01
   1.3835838990863400e-01
   1.4859258381277107e-01
   1.5882677122213301e-01
   1.6512473520280771e-01
   1.7063545449774498e-01
   1.5961402240264561e-01
   1.0135785720509836e-01
   1.4465635388930870e-01
   1.6906096512627009e-01
   1.1001755524298541e-01
   1.4150737514635894e-01
   1.4150737514635894e-01
   1.5803952653639555e-01
   1.4229461983209638e-01
   1.0686857000526047e-01
   1.1316653398593518e-01
   1.3757114522289657e-01
   1.2733695781353463e-01
   1.7378443973546989e-01
   1.5961402240264561e-01
   1.1395378516644779e-01
   1.4544359857504616e-01
   1.1316653398593518e-01
   1.2103899383285993e-01
   1.6748647575479519e-01
   1.4308186451783383e-01
   1.4465635388930870e-01
   1.2969869187074698e-01
   1.2261348320433482e-01
   1.5331605842197091e-01
   1.6906096512627009e-01
   1.1159204461446029e-01
   1.3284767061369673e-01
   1.6906096512627009e-01
   1.7220995036399503e-01
   1.0450683594804815e-01
   1.4623084975555875e-01
   1.1789000859513500e-01
   1.5095431786998342e-01
   1.3599665585142168e-01
   9.9783361338848325e-02
   1.1631551922366011e-01
   1.7457168442120735e-01
   1.4544359857504616e-01
   1.1316653398593518e-01
   1.2576246194728460e-01
   1.4386910920357127e-01
   1.4308186451783383e-01
   1.0844306587151052e-01
   1.6118851177412050e-01
   1.1710276390939756e-01
   1.1867725328087245e-01
   1.4701809444129621e-01
   1.7457168442120735e-01
   1.2654970663302204e-01
   1.1474102985218522e-01
   1.2025174914712249e-01
   1.4780533912703364e-01
   1.4544359857504616e-01
   1.1867725328087245e-01
   1.5410330310770834e-01
   1.0923031055724797e-01
   1.1237928930019773e-01
   1.1867725328087245e-01
   1.1080479992872284e-01
   1.1867725328087245e-01
   9.7421627281635989e-02
   1.2654970663302204e-01
   1.7378443973546989e-01
   1.6197575645985793e-01
   1.5882677122213301e-01
   1.6827372044053265e-01
   1.2654970663302204e-01
   1.0765582118577308e-01
   1.7457168442120735e-01
   1.0214510189083581e-01
   1.3284767061369673e-01
   1.6669923106905776e-01
   1.2340072789007227e-01
   1.4308186451783383e-01
   1.7142269918348241e-01
   1.5410330310770834e-01
   1.4859258381277107e-01
   1.6748647575479519e-01
   1.7457168442120735e-01
   1.5646503716492066e-01
   1.1001755524298541e-01
   1.4780533912703364e-01
   1.5725228185065812e-01
   1.1080479992872284e-01
   1.5725228185065812e-01
   1.5331605842197091e-01
   1.2969869187074698e-01
   1.3993288577488405e-01
   1.5803952653639555e-01
   1.4937982849850853e-01
   1.3914563459437146e-01
   1.2576246194728460e-01
   1.3284767061369673e-01
   1.4072013046062148e-01
   1.4229461983209638e-01
   1.7142269918348241e-01
   1.4780533912703364e-01
   1.1474102985218522e-01
   1.4701809444129621e-01
   1.6512473520280771e-01
   1.0293234657657326e-01
   1.0529408063378559e-01
   1.1552827453792266e-01
   1.2891144718500952e-01
   1.5725228185065812e-01
   1.0844306587151052e-01
   1.6748647575479519e-01
   1.4937982849850853e-01
   1.6669923106905776e-01
   1.3835838990863400e-01
   1.0135785720509836e-01
   1.6748647575479519e-01
   1.3520941116568422e-01
   1.1395378516644779e-01
   1.7457168442120735e-01
   1.4544359857504616e-01
   1.3914563459437146e-01
   1.6276300114559539e-01
   1.4859258381277107e-01
   1.7535892910694478e-01
   1.2025174914712249e-01
   1.2182623851859738e-01
   1.0844306587151052e-01
   1.4229461983209638e-01
   1.1631551922366011e-01
   1.4465635388930870e-01
   1.6276300114559539e-01
   9.8996116653110880e-02
   1.6906096512627009e-01
   1.6984820981200752e-01
   1.0135785720509836e-01
   1.2340072789007227e-01
   1.7457168442120735e-01
   1.0923031055724797e-01
   1.1395378516644779e-01
   1.4623084975555875e-01
   1.1710276390939756e-01
   1.3599665585142168e-01
   1.0135785720509836e-01
   1.6355024583133282e-01
   1.6276300114559539e-01
   1.4465635388930870e-01
   9.9783361338848325e-02
   1.7299719504973246e-01
   1.3206042592795930e-01
   1.3757114522289657e-01
   1.0135785720509836e-01
   1.5489054779344580e-01
   1.1001755524298541e-01
   1.3599665585142168e-01
   1.5567779247918323e-01
   1.6355024583133282e-01
   1.4859258381277107e-01
   1.5331605842197091e-01
   1.7378443973546989e-01
   1.3442216647994679e-01
   1.6197575645985793e-01
   1.6355024583133282e-01
   1.7220995036399503e-01
   1.6984820981200752e-01
   1.2340072789007227e-01
   1.4780533912703364e-01
   1.3678390053715911e-01
   1.3206042592795930e-01
   1.1159204461446029e-01
   1.3127318124222184e-01
   1.6433749051707028e-01
   1.1474102985218522e-01
   1.3835838990863400e-01
   1.1552827453792266e-01
   1.1631551922366011e-01
   1.6906096512627009e-01
   1.0293234657657326e-01
   1.1631551922366011e-01
   1.5567779247918323e-01
   1.0057060602458577e-01
   1.3206042592795930e-01
   1.3914563459437146e-01
   1.2812420249927209e-01
   1.2891144718500952e-01
   1.3835838990863400e-01
   1.2891144718500952e-01
   1.3127318124222184e-01
   1.6591198638332030e-01
   1.3835838990863400e-01
   1.1316653398593518e-01
   1.6512473520280771e-01
   1.3206042592795930e-01
   1.0450683594804815e-01
   1.5252880724145829e-01
   9.8208871967373434e-02
   1.0057060602458577e-01
   1.1001755524298541e-01
   1.4780533912703364e-01
   1.6748647575479519e-01
   9.8996116653110880e-02
   1.1631551922366011e-01
   1.7063545449774498e-01
   1.7378443973546989e-01
   1.6197575645985793e-01
   1.3284767061369673e-01
   1.2497521726154714e-01
   1.0686857000526047e-01
   1.3442216647994679e-01
   1.2182623851859738e-01
   1.3914563459437146e-01
   1.3757114522289657e-01
   1.6433749051707028e-01
   1.4072013046062148e-01
   1.1946449796660989e-01
   1.3048593655648441e-01
   1.3835838990863400e-01
   1.1159204461446029e-01
   1.2497521726154714e-01
   1.3678390053715911e-01
   1.1552827453792266e-01
   1.1001755524298541e-01
   1.4544359857504616e-01
   1.1710276390939756e-01
   1.6591198638332030e-01
   1.2576246194728460e-01
   1.0686857000526047e-01
   1.1001755524298541e-01
   1.5882677122213301e-01
   1.0608132531952304e-01
   1.6197575645985793e-01
   1.6906096512627009e-01
   1.3363492179420935e-01
   1.4229461983209638e-01
   1.2497521726154714e-01
   1.1316653398593518e-01
   1.7142269918348241e-01
   1.4780533912703364e-01
   1.5252880724145829e-01
   1.7063545449774498e-01
   1.5174156255572085e-01
   1.7535892910694478e-01
   1.2576246194728460e-01
   1.5489054779344580e-01
   1.3284767061369673e-01
   1.6984820981200752e-01
   1.5489054779344580e-01
   1.6984820981200752e-01
   9.7421627281635989e-02
   1.7220995036399503e-01
   1.4229461983209638e-01
   1.7142269918348241e-01
   1.2182623851859738e-01
   1.7457168442120735e-01
   1.6827372044053265e-01
   1.5725228185065812e-01
   1.4701809444129621e-01
   1.5410330310770834e-01
   1.6512473520280771e-01
   1.5174156255572085e-01
   1.4859258381277107e-01
   1.3757114522289657e-01
   1.7299719504973246e-01
   1.2418797257580970e-01
   1.5646503716492066e-01
   1.5016707318424596e-01
   1.3993288577488405e-01
   1.2182623851859738e-01
   1.7535892910694478e-01
   1.7299719504973246e-01
   1.3599665585142168e-01
   1.2497521726154714e-01
   1.5882677122213301e-01
   1.0923031055724797e-01
   1.4623084975555875e-01
   1.7457168442120735e-01
   1.0608132531952304e-01
   1.7063545449774498e-01
   1.3127318124222184e-01
   1.1474102985218522e-01
   1.6827372044053265e-01
   1.3599665585142168e-01
   1.3206042592795930e-01
   1.5174156255572085e-01
   1.0450683594804815e-01
   1.6118851177412050e-01
   1.6669923106905776e-01
   1.5646503716492066e-01
   1.0844306587151052e-01
   1.6040126708838304e-01
   1.6276300114559539e-01
   1.4150737514635894e-01
   1.4937982849850853e-01
   1.5174156255572085e-01
   1.6827372044053265e-01
   1.3127318124222184e-01
   1.5174156255572085e-01
   1.7457168442120735e-01
   1.6433749051707028e-01
   1.6355024583133282e-01
   9.8208871967373434e-02
   1.0293234657657326e-01
   1.4544359857504616e-01
   1.6827372044053265e-01
   1.6827372044053265e-01
   1.0057060602458577e-01
   1.5882677122213301e-01
   1.2654970663302204e-01
   1.6276300114559539e-01
   1.5016707318424596e-01
   1.6591198638332030e-01
   1.2969869187074698e-01
   9.8996116653110880e-02
   1.1474102985218522e-01
   1.4072013046062148e-01
   1.3993288577488405e-01
   1.7063545449774498e-01
   1.3048593655648441e-01
   1.5961402240264561e-01
   1.5961402240264561e-01
   1.4386910920357127e-01
   1.2025174914712249e-01
   1.3520941116568422e-01
   1.4465635388930870e-01
   1.3284767061369673e-01
   1.6355024583133282e-01
   1.6276300114559539e-01
   1.1159204461446029e-01
   1.1237928930019773e-01
   1.6984820981200752e-01
   1.5961402240264561e-01
   1.4623084975555875e-01
   1.3442216647994679e-01
   1.3284767061369673e-01
   1.5252880724145829e-01
   1.7142269918348241e-01
   1.3914563459437146e-01
   1.2812420249927209e-01
   1.5567779247918323e-01
   1.1474102985218522e-01
   1.5803952653639555e-01
   1.0135785720509836e-01
   1.0923031055724797e-01
   1.6197575645985793e-01
   1.5882677122213301e-01
   1.6512473520280771e-01
   1.1159204461446029e-01
   1.6827372044053265e-01
   1.2261348320433482e-01
   1.4544359857504616e-01
   1.4623084975555875e-01
   1.5646503716492066e-01
   1.4150737514635894e-01
   1.2576246194728460e-01
   1.6118851177412050e-01
   1.5961402240264561e-01
   1.3835838990863400e-01
   1.5646503716492066e-01
   9.9783361338848325e-02
   1.6512473520280771e-01
   1.3442216647994679e-01
   1.3993288577488405e-01
   1.4150737514635894e-01
   1.4780533912703364e-01
   1.2812420249927209e-01
   1.6669923106905776e-01
   1.3993288577488405e-01
   1.1946449796660989e-01
   1.3835838990863400e-01
   1.2969869187074698e-01
   1.2891144718500952e-01
   1.4780533912703364e-01
   1.4780533912703364e-01
   1.7142269918348241e-01
   1.3363492179420935e-01
   1.7535892910694478e-01
   1.6355024583133282e-01
   1.5882677122213301e-01
   1.0371959126231070e-01
   1.1237928930019773e-01
   1.4072013046062148e-01
   1.4386910920357127e-01
   1.5252880724145829e-01
   1.5961402240264561e-01
   1.3757114522289657e-01
   1.4386910920357127e-01
   1.2576246194728460e-01
   1.2812420249927209e-01
   1.3993288577488405e-01
   1.3048593655648441e-01
   1.2812420249927209e-01
   1.5331605842197091e-01
   1.2733695781353463e-01
   1.1710276390939756e-01
   1.6118851177412050e-01
   1.3520941116568422e-01
   1.7299719504973246e-01
   1.5803952653639555e-01
   1.3599665585142168e-01
   1.1789000859513500e-01
   1.1001755524298541e-01
   1.4859258381277107e-01
   1.3678390053715911e-01
   1.4308186451783383e-01
   1.1946449796660989e-01
   1.3599665585142168e-01
   1.4465635388930870e-01
   1.1631551922366011e-01
   1.3993288577488405e-01
   1.4308186451783383e-01
   1.1001755524298541e-01
   1.4701809444129621e-01
   1.6984820981200752e-01
   1.5252880724145829e-01
   1.2576246194728460e-01
   1.5252880724145829e-01
   1.6118851177412050e-01
   1.5725228185065812e-01
   1.5174156255572085e-01
   1.3914563459437146e-01
   1.1395378516644779e-01
   1.1867725328087245e-01
   1.3284767061369673e-01
   1.3835838990863400e-01
   1.2261348320433482e-01
   1.3048593655648441e-01
   1.4859258381277107e-01
   1.6040126708838304e-01
   1.5410330310770834e-01
   1.6591198638332030e-01
   9.7421627281635989e-02
   1.1316653398593518e-01
   1.2654970663302204e-01
   1.2891144718500952e-01
   1.6827372044053265e-01
   1.5725228185065812e-01
   1.7535892910694478e-01
   1.2497521726154714e-01
   1.6748647575479519e-01
   1.5095431786998342e-01
   1.5882677122213301e-01
   1.1867725328087245e-01
   1.2025174914712249e-01
   1.5252880724145829e-01
   1.7142269918348241e-01
   1.1395378516644779e-01
   1.4701809444129621e-01
   1.4386910920357127e-01
   1.4780533912703364e-01
   1.5567779247918323e-01
   9.8996116653110880e-02
   1.2654970663302204e-01
   9.9783361338848325e-02
   1.7142269918348241e-01
   1.7378443973546989e-01
   1.7063545449774498e-01
   1.5095431786998342e-01
   1.3284767061369673e-01
   1.5331605842197091e-01
   1.5646503716492066e-01
   1.3678390053715911e-01
   1.7142269918348241e-01
   1.1789000859513500e-01
   9.8996116653110880e-02
   1.3599665585142168e-01
   1.6827372044053265e-01
   1.7063545449774498e-01
   1.6276300114559539e-01
   1.4308186451783383e-01
   1.3835838990863400e-01
   1.5882677122213301e-01
   1.7142269918348241e-01
   1.1789000859513500e-01
   1.4544359857504616e-01
   1.0214510189083581e-01
   1.1316653398593518e-01
   1.7220995036399503e-01
   1.2576246194728460e-01
   1.5882677122213301e-01
   1.2340072789007227e-01
   1.0214510189083581e-01
   1.3914563459437146e-01
   1.4937982849850853e-01
   1.0371959126231070e-01
   1.6984820981200752e-01
   1.1159204461446029e-01
   1.5331605842197091e-01
   1.1946449796660989e-01
   1.1237928930019773e-01
   1.0844306587151052e-01
   1.1867725328087245e-01
   1.6748647575479519e-01
   1.1237928930019773e-01
   1.6355024583133282e-01
   1.2418797257580970e-01
   1.6906096512627009e-01
   1.6906096512627009e-01
   1.3284767061369673e-01
   1.2654970663302204e-01
   9.8996116653110880e-02
   1.2969869187074698e-01
   1.0293234657657326e-01
   1.3993288577488405e-01
   1.5646503716492066e-01
   1.6040126708838304e-01
   1.6984820981200752e-01
   1.4150737514635894e-01
   9.8208871967373434e-02
   1.6827372044053265e-01
   1.4229461983209638e-01
   1.5252880724145829e-01
   1.3914563459437146e-01
   1.2418797257580970e-01
   1.0686857000526047e-01
   1.7142269918348241e-01
   1.2733695781353463e-01
   1.2103899383285993e-01
   1.6433749051707028e-01
   1.4623084975555875e-01
   1.4386910920357127e-01
   1.1631551922366011e-01
   1.3993288577488405e-01
   9.8996116653110880e-02
   1.0450683594804815e-01
   1.0608132531952304e-01
   1.3599665585142168e-01
   1.7299719504973246e-01
   1.5489054779344580e-01
   1.3048593655648441e-01
   1.2576246194728460e-01
   1.2733695781353463e-01
   1.6276300114559539e-01
   1.4937982849850853e-01
   1.5016707318424596e-01
   1.3284767061369673e-01
   1.6197575645985793e-01
   1.6355024583133282e-01
   1.5016707318424596e-01
   1.0844306587151052e-01
   1.7142269918348241e-01
   1.5646503716492066e-01
   1.4544359857504616e-01
   9.8996116653110880e-02
   1.4386910920357127e-01
   1.6197575645985793e-01
   1.6512473520280771e-01
   1.2969869187074698e-01
   1.3757114522289657e-01
   1.5252880724145829e-01
   1.5803952653639555e-01
   1.5882677122213301e-01
   1.6276300114559539e-01
   1.2576246194728460e-01
   1.4701809444129621e-01
   1.1080479992872284e-01
   1.4072013046062148e-01
   1.5803952653639555e-01
   1.6118851177412050e-01
   1.5331605842197091e-01
   1.2182623851859738e-01
   1.6512473520280771e-01
   1.5331605842197091e-01
   1.2025174914712249e-01
   1.6512473520280771e-01
   1.5803952653639555e-01
   1.3284767061369673e-01
   1.2418797257580970e-01
   1.1552827453792266e-01
   1.5174156255572085e-01
   1.6197575645985793e-01
   1.2182623851859738e-01
   1.1789000859513500e-01
   1.6748647575479519e-01
   1.2497521726154714e-01
   1.3442216647994679e-01
   1.3520941116568422e-01
   1.5961402240264561e-01
   9.8996116653110880e-02
   1.4623084975555875e-01
   1.0765582118577308e-01
   1.3127318124222184e-01
   1.3520941116568422e-01
   1.1946449796660989e-01
   1.1631551922366011e-01
   1.3835838990863400e-01
   1.5174156255572085e-01
   1.3678390053715911e-01
   1.5725228185065812e-01
   1.3835838990863400e-01
   1.2025174914712249e-01
   1.2182623851859738e-01
   1.3914563459437146e-01
   1.1631551922366011e-01
   1.7535892910694478e-01
   1.7457168442120735e-01
   1.3914563459437146e-01
   1.6591198638332030e-01
   1.5095431786998342e-01
   1.6748647575479519e-01
   1.2261348320433482e-01
   1.5882677122213301e-01
   1.3757114522289657e-01
   1.1789000859513500e-01
   1.5252880724145829e-01
   1.5961402240264561e-01
   1.2891144718500952e-01
   1.0057060602458577e-01
   1.5095431786998342e-01
   1.1789000859513500e-01
   1.2654970663302204e-01
   1.6827372044053265e-01
   1.5646503716492066e-01
   1.7063545449774498e-01
   1.6591198638332030e-01
   1.7457168442120735e-01
   1.5961402240264561e-01
   1.6591198638332030e-01
   1.2182623851859738e-01
   1.1710276390939756e-01
   1.4308186451783383e-01
   1.0844306587151052e-01
   1.0844306587151052e-01
   1.6197575645985793e-01
   1.4386910920357127e-01
   1.6906096512627009e-01
   1.5016707318424596e-01
   1.4386910920357127e-01
   1.1789000859513500e-01
   1.6827372044053265e-01
   1.2025174914712249e-01
   1.7535892910694478e-01
   1.5410330310770834e-01
   1.6591198638332030e-01
   1.0214510189083581e-01
   1.3914563459437146e-01
   1.3599665585142168e-01
   1.1789000859513500e-01
   1.4229461983209638e-01
   1.5489054779344580e-01
   1.1867725328087245e-01
   1.0371959126231070e-01
   1.6984820981200752e-01
   1.4465635388930870e-01
   1.3284767061369673e-01
   1.4229461983209638e-01
   1.6118851177412050e-01
   1.3678390053715911e-01
   1.4150737514635894e-01
   1.0608132531952304e-01
   1.2576246194728460e-01
   1.1159204461446029e-01
   1.6512473520280771e-01
   9.8996116653110880e-02
   1.7457168442120735e-01
   1.6276300114559539e-01
   1.4465635388930870e-01
   1.4150737514635894e-01
   1.6827372044053265e-01
   1.7299719504973246e-01
   9.9783361338848325e-02
   1.0371959126231070e-01
   1.4623084975555875e-01
   1.4780533912703364e-01
   1.3363492179420935e-01
   1.5252880724145829e-01
   1.6906096512627009e-01
   1.4780533912703364e-01
   1.3363492179420935e-01
   1.3678390053715911e-01
   1.7142269918348241e-01
   1.3048593655648441e-01
   1.7535892910694478e-01
   1.3835838990863400e-01
   1.3442216647994679e-01
   1.7220995036399503e-01
   1.4859258381277107e-01
   1.4937982849850853e-01
   1.1237928930019773e-01
   1.5882677122213301e-01
   1.2103899383285993e-01
   1.5410330310770834e-01
