   1.3975493e-01
   1.3850288e-01
   1.3908641e-01
   1.3866492e-01
   1.3939821e-01
   1.3887385e-01
   1.3874072e-01
   1.3717489e-01
   1.3785541e-01
   1.3905377e-01
   1.3933866e-01
   1.3886866e-01
   1.3978215e-01
   1.3963247e-01
   1.3883486e-01
   1.3851263e-01
   1.3985378e-01
   1.3953100e-01
   1.3884845e-01
   1.3904318e-01
   1.3915472e-01
   1.3992071e-01
   1.3858948e-01
   1.3905697e-01
   1.3918094e-01
   1.3953435e-01
   1.3910904e-01
   1.3890541e-01
   1.3997894e-01
   1.3948045e-01
   1.3897064e-01
   1.3826506e-01
   1.3957932e-01
   1.3903278e-01
   1.3821651e-01
   1.3876369e-01
   1.3702237e-01
   1.3882079e-01
   1.4019931e-01
   1.3744330e-01
   1.3888451e-01
   1.3980720e-01
   1.3908528e-01
   1.3822887e-01
   1.3948270e-01
   1.3885282e-01
   1.3947596e-01
   1.3759470e-01
   1.3940884e-01
   1.3911386e-01
   1.3973693e-01
   1.3955092e-01
   1.3842899e-01
   1.3935437e-01
   1.3833368e-01
   1.3946036e-01
   1.3898338e-01
   1.3891933e-01
   1.3832407e-01
   1.3784076e-01
   1.3946827e-01
   1.3957932e-01
   1.3966704e-01
   1.3918194e-01
   1.3880661e-01
   1.3820135e-01
   1.3902785e-01
   1.3896806e-01
   1.3919093e-01
   1.3730916e-01
   1.3856971e-01
   1.3888821e-01
   1.3760099e-01
   1.4010593e-01
   1.3910975e-01
   1.3905659e-01
   1.3911007e-01
   1.3850707e-01
   1.3811751e-01
   1.3925470e-01
   1.3766145e-01
   1.3952329e-01
   1.3922453e-01
   1.3834837e-01
   1.3898230e-01
   1.3889961e-01
   1.3816319e-01
   1.3975493e-01
   1.3785659e-01
   1.3878263e-01
   1.3939206e-01
   1.3900826e-01
   1.3993960e-01
   1.3856983e-01
   1.3867249e-01
   1.3801506e-01
   1.3821955e-01
   1.3919506e-01
   1.3856183e-01
   1.7558734e-01
   1.7491109e-01
   1.7408219e-01
   1.7532075e-01
   1.7554328e-01
   1.7542089e-01
   1.7514822e-01
   1.7429360e-01
   1.7352706e-01
   1.7464248e-01
   1.7470190e-01
   1.7507576e-01
   1.7614856e-01
   1.7441716e-01
   1.7359229e-01
   1.7453846e-01
   1.7467739e-01
   1.7318612e-01
   1.7539442e-01
   1.7424651e-01
   1.7588718e-01
   1.7432690e-01
   1.7523994e-01
   1.7510883e-01
   1.7622010e-01
   1.7526761e-01
   1.7491105e-01
   1.7491078e-01
   1.7499731e-01
   1.7549973e-01
   1.7318668e-01
   1.7391974e-01
   1.7488147e-01
   1.7481600e-01
   1.7567443e-01
   1.7490752e-01
   1.7455327e-01
   1.7401682e-01
   1.3908688e-01
   1.7460420e-01
   1.7427324e-01
   1.7477889e-01
   1.7511243e-01
   1.7474411e-01
   1.7390165e-01
   1.7566194e-01
   1.7543144e-01
   1.7385480e-01
   1.7510007e-01
   1.7484878e-01
   1.7580805e-01
   1.7446457e-01
   1.7399605e-01
   1.7526452e-01
   1.7556223e-01
   1.7501076e-01
   1.7523994e-01
   1.7564983e-01
   1.7479372e-01
   1.7474230e-01
   1.7535756e-01
   1.7239025e-01
   1.7460908e-01
   1.7565564e-01
   1.7600995e-01
   1.7367488e-01
   1.7475891e-01
   1.7516971e-01
   1.7510609e-01
   1.7502913e-01
   1.8249307e-01
   1.7440379e-01
   1.7530715e-01
   1.8210301e-01
   1.7479514e-01
   1.7455416e-01
   1.7488714e-01
   1.7333081e-01
   1.8309185e-01
   1.8206834e-01
   1.7550245e-01
   1.7494434e-01
   1.7607037e-01
   1.7553306e-01
   1.7523956e-01
   1.8203333e-01
   1.7466936e-01
   1.7411561e-01
   1.7630428e-01
   1.8283990e-01
   1.7433695e-01
   1.8335831e-01
   1.7502564e-01
   1.7577797e-01
   1.7647966e-01
   1.7396896e-01
   1.7532253e-01
   1.7399637e-01
   1.7623652e-01
   1.8148102e-01
   1.7480573e-01
   1.7585349e-01
   1.7644218e-01
   1.7598471e-01
   1.7566335e-01
   1.7504700e-01
   1.7350076e-01
   1.7516873e-01
   1.7609467e-01
   1.7369111e-01
   1.7478473e-01
   1.8226823e-01
   1.7413062e-01
   2.1423070e-01
   1.8397895e-01
   1.7574120e-01
   1.7358184e-01
   2.1559657e-01
   2.1785853e-01
   2.1481892e-01
   1.7671448e-01
   2.1809509e-01
   2.1316873e-01
   2.1400233e-01
   2.1656255e-01
   2.1700602e-01
   2.1737131e-01
   2.1477081e-01
   2.1693770e-01
   2.1864248e-01
   2.1859289e-01
   2.1612495e-01
   2.1433702e-01
   2.1414578e-01
   2.1443321e-01
   2.1383847e-01
   2.1559657e-01
   2.1776845e-01
   2.1484002e-01
   2.1748506e-01
   2.1746230e-01
   2.1797181e-01
   2.1383519e-01
   2.1798068e-01
   2.1538085e-01
   2.1291203e-01
   2.1292718e-01
   2.1320368e-01
   2.1357710e-01
   2.1418574e-01
   2.1401727e-01
   2.1247562e-01
   2.1346965e-01
   2.1752247e-01
   2.1475903e-01
   2.1425082e-01
   2.1572621e-01
   2.1610437e-01
   2.1853152e-01
   2.1670932e-01
   2.4696563e-01
   2.1927610e-01
   2.1332114e-01
   2.4690184e-01
   2.4681055e-01
   2.1614443e-01
   2.4698930e-01
   2.1723132e-01
   2.4668401e-01
   2.4645681e-01
   2.4735451e-01
   2.4675720e-01
   2.4671681e-01
   2.4676821e-01
   2.4708258e-01
   2.3493063e-01
   2.4610988e-01
   2.3478403e-01
   2.3498822e-01
   2.4738430e-01
   2.3490982e-01
   2.1741215e-01
   2.4662507e-01
   2.4740790e-01
   2.4656287e-01
   2.4680967e-01
   2.3478091e-01
   2.4701856e-01
   2.4683236e-01
   2.4793619e-01
   2.4732951e-01
   2.4732951e-01
   2.4704512e-01
   2.4740011e-01
   2.4686966e-01
   2.4705110e-01
   2.5946094e-01
   2.4652390e-01
   2.4807166e-01
   2.4699847e-01
   2.3397229e-01
   2.4721134e-01
   2.4763569e-01
   2.4733172e-01
   2.4703425e-01
   2.4644783e-01
   2.4712460e-01
   2.4712256e-01
   2.4640136e-01
   2.5922106e-01
   2.4687346e-01
   2.4687321e-01
   2.3507219e-01
   2.5978623e-01
   2.4689079e-01
   2.5979744e-01
   2.4779083e-01
   2.4754639e-01
   2.3543112e-01
   2.4763206e-01
   2.4680326e-01
   2.4654318e-01
   2.5922212e-01
   2.4770910e-01
   2.4744348e-01
   2.4734794e-01
   2.4643292e-01
   2.4744863e-01
   2.4761746e-01
   2.4646037e-01
   2.6619560e-01
   2.4682972e-01
   2.6038915e-01
   2.4702712e-01
   2.4892981e-01
   2.6032669e-01
   2.4671688e-01
   2.6033303e-01
   2.6041393e-01
   2.6618786e-01
   2.5955227e-01
   2.4707293e-01
   2.6043776e-01
   2.6684002e-01
   2.6024755e-01
   2.6066033e-01
   2.4732922e-01
   2.6668077e-01
   2.6033222e-01
   2.6618084e-01
   2.6012842e-01
   2.6566778e-01
   2.4915250e-01
   2.8579621e-01
   2.8901770e-01
   2.4785604e-01
   2.4896132e-01
   2.4865363e-01
   2.6036430e-01
   2.7892290e-01
   2.4716999e-01
   2.7927813e-01
   2.6597986e-01
   2.4714923e-01
   2.8763990e-01
   2.6625675e-01
   2.8587166e-01
   2.8786253e-01
   2.8770256e-01
   2.8587947e-01
   2.7909900e-01
   2.8822020e-01
   2.8766564e-01
   2.8533662e-01
   2.8883514e-01
   2.8805887e-01
   2.7968399e-01
   2.8878671e-01
   2.8786253e-01
   2.8911040e-01
   2.9109639e-01
   2.8785630e-01
   2.8997462e-01
   2.8871963e-01
   2.8849554e-01
   2.8512987e-01
   2.8818284e-01
   2.8794473e-01
   2.9042451e-01
   2.7932490e-01
   2.8526852e-01
   2.9019461e-01
   2.8867076e-01
   2.9003474e-01
   2.8040455e-01
   2.8633294e-01
   2.8925837e-01
   2.8982837e-01
   2.9039918e-01
   2.8938832e-01
   2.9477419e-01
   2.9013658e-01
   2.8580681e-01
   2.8507471e-01
   2.8859635e-01
   2.8921676e-01
   2.7920779e-01
   2.9309839e-01
   2.8937612e-01
   2.8983499e-01
   2.8819813e-01
   2.9230030e-01
   2.8899028e-01
   2.7976181e-01
   2.8891212e-01
   2.9070610e-01
   2.8903331e-01
   2.9010617e-01
   2.8904875e-01
   2.9023988e-01
   2.8899843e-01
   2.9022486e-01
   2.8997354e-01
   2.9191212e-01
   3.2552104e-01
   2.8747191e-01
   2.9091339e-01
   3.2742543e-01
   3.3053298e-01
   3.3224111e-01
   3.2628081e-01
   3.3058770e-01
   3.3157145e-01
   3.2688170e-01
   3.3129347e-01
   3.2541494e-01
   3.3126317e-01
   3.2751297e-01
   3.3097683e-01
   3.3231258e-01
   3.2515778e-01
   3.3243649e-01
   3.2742941e-01
   3.3195603e-01
   3.3147232e-01
   3.3107426e-01
   3.3126939e-01
   3.3142300e-01
   3.3115316e-01
   3.3152870e-01
   3.2503795e-01
   3.3122788e-01
   3.3355996e-01
   3.3106905e-01
   3.3090144e-01
   3.3125419e-01
   3.3117956e-01
   3.3374148e-01
   3.3286547e-01
   3.2535647e-01
   3.7295739e-01
   3.7289799e-01
   3.7358791e-01
   3.7359800e-01
   3.7385774e-01
   3.7371137e-01
