   3.0450105532779240e+01    2.2308074932003885e-01
   3.0732499750925964e+01    4.1130660044003819e-01
   3.1018224758266516e+01    5.5670688984870786e-01
   2.8745604337004412e+01    4.5237887404490534e-01
   2.9168799340250057e+01    4.2430228301042949e-01
   2.9608497308903157e+01    4.7562005803095891e-01
   2.9912659061752368e+01    6.4321247547114502e-01
   3.0316021188190685e+01    6.6283648120489502e-01
   3.0570355844505826e+01    8.6560381445366752e-01
   3.1046184690483265e+01    8.3176182877838722e-01
   2.7221043003565164e+01    4.3327014214556547e-01
   2.7688203634154789e+01    3.6275096651698818e-01
   2.7959627622244877e+01    5.8967727000810644e-01
   2.8347238174908348e+01    5.9134705357483786e-01
   2.8582788479305350e+01    8.0518165700288657e-01
   2.9189008351770667e+01    7.1088051486127124e-01
   2.9409142399686804e+01    9.2432748447511648e-01
   2.9799550042814403e+01    1.0171701719466706e+00
   3.0170079602745563e+01    1.0986520988273112e+00
   3.0530035256594537e+01    1.2108863521911275e+00
   3.0858318348658887e+01    1.3790658382339840e+00
   3.1257767708505693e+01    1.3912936837018677e+00
   2.5592726862558095e+01    4.7865757626164235e-01
   2.6065870097904750e+01    3.8927517892732705e-01
   2.6397612575978552e+01    5.7775735466255618e-01
   2.6714918854531547e+01    7.0429332951200363e-01
   2.7217169298805015e+01    6.6051629620103935e-01
   2.7558081651516677e+01    8.2777958479467739e-01
   2.7963089641636227e+01    8.8090573827080743e-01
   2.8220775715303329e+01    1.0535844450520728e+00
   2.8582963160304054e+01    1.1880971530947286e+00
   2.8985589256504124e+01    1.1902088181425969e+00
   2.9333556000402034e+01    1.3189543320668229e+00
   2.9732009064100467e+01    1.3643789407572464e+00
   3.0093097949956089e+01    1.4672406368570763e+00
   3.0406437916485807e+01    1.5943554290459390e+00
   3.0923813628541296e+01    1.6337272533519660e+00
   3.1169565654380040e+01    1.8439278336615550e+00
   2.4125865559709961e+01    3.4294538471295483e-01
   2.4443068697472260e+01    5.3506189518350067e-01
   2.4821701173478864e+01    5.6428462179588745e-01
   2.5206641915802884e+01    6.8483764077072062e-01
   2.5509298252004992e+01    7.9904829113265707e-01
   2.5910302623857827e+01    9.1650480412247159e-01
   2.6267595489719060e+01    9.8829584175832663e-01
   2.6678439054106782e+01    1.0488398809009150e+00
   2.6995897629912410e+01    1.1121266311716047e+00
   2.7332016349790365e+01    1.3123541553668980e+00
   2.7762771353545123e+01    1.3384468442648674e+00
   2.8116735185800454e+01    1.4389591248218625e+00
   2.8452374630174432e+01    1.4981123433192638e+00
   2.8826091898883401e+01    1.5667437176944392e+00
   2.9268495667428446e+01    1.5990229667768152e+00
   2.9706263806053180e+01    1.6390492303721977e+00
   2.9942359659398388e+01    1.8406965424134683e+00
   3.0345787181486976e+01    2.0261507503163352e+00
   3.0765829587713345e+01    1.9583194851387289e+00
   3.1083826251218486e+01    2.1602710844573854e+00
   2.2561311933301706e+01    2.8173658342400215e-01
   2.2971507246847516e+01    4.0382879655764325e-01
   2.3298337151005580e+01    4.8271899726084400e-01
   2.3706542066739551e+01    6.1501931339833982e-01
   2.4100443329841177e+01    6.1953688003058238e-01
   2.4340434393898629e+01    8.9023028020500006e-01
   2.4661444962976844e+01    1.0148747407325804e+00
   2.5116517054000568e+01    1.0338236351291390e+00
   2.5558470075345447e+01    1.0505433278661400e+00
   2.5812659456759651e+01    1.2253063125236181e+00
   2.6192319829497301e+01    1.3570884668845642e+00
   2.6581047813876079e+01    1.4424280787855195e+00
   2.6940896815758510e+01    1.5264561787258732e+00
   2.7273821243403926e+01    1.6372865762041466e+00
   2.7734090313587508e+01    1.6118254161730905e+00
   2.7968417850993596e+01    1.8347375942037509e+00
   2.8558074629164967e+01    1.7904933111661097e+00
   2.8792471073397184e+01    1.8809185540626718e+00
   2.9098577578772133e+01    2.0599162362477119e+00
   2.9591385154485152e+01    2.0276470817959140e+00
   2.9799803286372821e+01    2.3065038341601420e+00
   3.0176178954099719e+01    2.3185855708228313e+00
   3.0623494418766533e+01    2.4599789546263913e+00
   3.0929996370321962e+01    2.4976655023022341e+00
   2.0860139771132779e+01    3.9396310781197130e-01
   2.1314164215061279e+01    5.2836581949308281e-01
   2.1784710935864425e+01    4.9228071912392651e-01
   2.2003304894271913e+01    7.2144379963650551e-01
   2.2485457806858118e+01    6.9080264575878492e-01
   2.2873539734879888e+01    7.4558080747388888e-01
   2.3198639068239263e+01    8.8056067746382505e-01
   2.3475859129869178e+01    1.0769160330384093e+00
   2.3955213635300307e+01    1.0808107170742776e+00
   2.4268907791694229e+01    1.2065112515191323e+00
   2.4562891084641723e+01    1.3101304838093100e+00
   2.4964224190333823e+01    1.4555707172322805e+00
   2.5522050842704150e+01    1.4237365974687055e+00
   2.5739918865503970e+01    1.6047938476298906e+00
   2.6184095777854925e+01    1.6297414104130066e+00
   2.6422509885057270e+01    1.7734690678135339e+00
   2.6836140006381562e+01    1.8644200654044283e+00
   2.7325302542661888e+01    1.8371114124187657e+00
   2.7669704565274738e+01    2.0188007181232415e+00
   2.7983548824436379e+01    2.0860981090123549e+00
   2.8324855745534553e+01    2.2177478481539339e+00
   2.8794048908046253e+01    2.2175409521167784e+00
   2.9041508243143664e+01    2.4254875330873467e+00
   2.9520686311988165e+01    2.3735889744689236e+00
   0.0000000000000000e+00    3.4599999999999999e-02
   3.0144371650941718e+01    2.6787558452958367e+00
   3.0617570626205048e+01    2.6816352289440273e+00
   3.0947636517808906e+01    2.8082944899556237e+00
   3.1223423141896713e+01    3.0136223920851077e+00
   1.9397420777997567e+01    3.8059229999135374e-01
   1.9775798254857822e+01    5.3142580924922722e-01
   2.0199467266843659e+01    4.8087808776096269e-01
   2.0480443847739615e+01    7.2890570667022470e-01
   2.0914829846223665e+01    7.2975295340362412e-01
   2.1218342909333980e+01    8.5630134903765254e-01
   2.1649671551443774e+01    8.4501642984517034e-01
   2.1983422422105662e+01    1.0314908537819096e+00
   2.2394250186202044e+01    1.0834503313013866e+00
   2.2742500018653121e+01    1.1580475445688914e+00
   2.3128320749425377e+01    1.2710184865164265e+00
   2.3484313602426926e+01    1.3425572022775241e+00
   2.3834207542971306e+01    1.4185969382546559e+00
   2.4205368675659084e+01    1.5658355520599849e+00
   2.4533366923582332e+01    1.6931480673390862e+00
   2.4821745063177026e+01    1.8483741234239757e+00
   2.5263809125458266e+01    1.8666637067746821e+00
   2.5654521363091135e+01    2.0181855162240465e+00
   2.6018401633750127e+01    2.0429425977171216e+00
   2.6449358969013435e+01    2.0616030051276337e+00
   2.6785238928933360e+01    2.1631053056061629e+00
   2.7122179702857967e+01    2.3720333480071227e+00
   2.7485578064631092e+01    2.4471517075506526e+00
   2.7888518411070034e+01    2.4810577282955570e+00
   2.8167989136421909e+01    2.6335987882054339e+00
   2.8530165608998093e+01    2.7481262344087338e+00
   2.8986774278354613e+01    2.7093519244535407e+00
   2.9411871900015758e+01    2.8164962456313294e+00
   2.9666963214727279e+01    2.9733857651664151e+00
   3.0107922134408689e+01    2.9519518360596888e+00
   3.0424218949903860e+01    3.1500259999938560e+00
   3.0719398237126384e+01    3.2766440924685720e+00
   3.1280605712946453e+01    3.2969902154062498e+00
   1.7838198872122536e+01    4.5049986389804603e-01
   1.8259357393373271e+01    4.4802348862532643e-01
   1.8503505689641020e+01    6.2383289146648202e-01
   1.8998803127931012e+01    5.9744034815064173e-01
   1.9209043121189552e+01    7.7662829217723184e-01
   1.9646908256047233e+01    8.8977036005791688e-01
   2.0056618149531328e+01    9.2895718928617355e-01
   2.0326504681494654e+01    1.0411788024169180e+00
   2.0858383305412172e+01    1.0470621725663931e+00
   2.1129659385219444e+01    1.2115483843982655e+00
   2.1540672363842084e+01    1.2510111481588930e+00
   2.1928545376900587e+01    1.3413917552324202e+00
   2.2274151293934136e+01    1.4749128194347096e+00
   2.2695593781532004e+01    1.4547310634166637e+00
   2.2982028046394923e+01    1.7008628229239406e+00
   2.3401867682215762e+01    1.6850576598276277e+00
   2.3641810467605236e+01    1.9215670419089561e+00
   2.4036647897968745e+01    1.9774129083113483e+00
   2.4480133986470562e+01    1.9901695807524362e+00
   2.4798128455490797e+01    2.2130060490537602e+00
   2.5233690258988723e+01    2.1802199617369613e+00
   2.5571774359550552e+01    2.3160083238568165e+00
   2.6002341076500183e+01    2.2969604143011950e+00
   2.6381096882558630e+01    2.4283715251538447e+00
   2.6620562148032054e+01    2.6782588383538033e+00
   2.7050814175845833e+01    2.6561084099245145e+00
   2.7502459359236742e+01    2.6497999241586019e+00
   2.7804842701516261e+01    2.8026892927131257e+00
   2.8120068608376176e+01    2.9677076671352629e+00
   2.8508711446740509e+01    3.1336973644675150e+00
   2.8907724981884527e+01    3.1075789562064204e+00
   2.9254080096065771e+01    3.2061456064437102e+00
   2.9541824907315931e+01    3.3620007774621135e+00
   2.9879677709168426e+01    3.4324469030770630e+00
   3.0280973508617087e+01    3.5981405643951847e+00
   3.0786408589389492e+01    3.5636131094139456e+00
   3.1129144997956935e+01    3.6111553082614898e+00
   1.6241035638873807e+01    4.4369272971538853e-01
   1.6675845611842142e+01    4.5209412207217314e-01
   1.6921525219678912e+01    6.0582279771369785e-01
   1.7379899132695677e+01    6.7812501866409414e-01
   1.7819366680433404e+01    6.8032863262962051e-01
   1.8096247035799511e+01    8.5306865331922432e-01
   1.8433883461440047e+01    9.6059288372433937e-01
   1.8907853139803173e+01    1.0095516664698945e+00
   1.9329406668337402e+01    1.0133182364768161e+00
   1.9491783190157822e+01    1.3018524478381910e+00
   2.0019907050397226e+01    1.2203415976464589e+00
   2.0275845875180330e+01    1.5226965432912623e+00
   2.0700124515073700e+01    1.5238779222968004e+00
   2.1159075138724365e+01    1.4441841056091473e+00
   2.1493672641663874e+01    1.6177178276003878e+00
   2.1885908290720096e+01    1.7397027040881938e+00
   2.2144851804239661e+01    1.9593847320029196e+00
   2.2605289849761174e+01    1.8722680262232170e+00
   2.2846476908093656e+01    2.0337147886776870e+00
   2.3269678055897042e+01    2.1294896591043257e+00
   2.3680594916080700e+01    2.1402374122809524e+00
   2.3913791415965054e+01    2.3733370037117520e+00
   2.4446531155760592e+01    2.3189335722395903e+00
   2.4852048266378869e+01    2.4491939829857201e+00
   2.5108155627602933e+01    2.6143630307416617e+00
   2.5492143524579770e+01    2.6613230327430317e+00
   2.5844848161394712e+01    2.7618580481636772e+00
   2.6313504552897840e+01    2.8295544841885167e+00
   2.6614578226584079e+01    2.9005579211907806e+00
   2.6972213432091010e+01    3.0144756955968544e+00
   2.7411194243076071e+01    3.1200860718237360e+00
   2.7673876281085430e+01    3.2652015653699751e+00
   2.8069372056921427e+01    3.2038655366239781e+00
   0.0000000000000000e+00    3.4599999999999999e-02
   2.8729793073240057e+01    3.4914012134623755e+00
   2.9147022588710957e+01    3.6035124878919298e+00
   2.9567722462615855e+01    3.6364566220118251e+00
   2.9799817331076234e+01    3.8231779255007492e+00
   3.0311248183515119e+01    3.7736693365062659e+00
   3.0717504396650515e+01    3.8981679076771427e+00
   3.1045989820223408e+01    3.9251356254874503e+00
   1.4714550181066951e+01    4.1505871756935342e-01
   1.5070802861081646e+01    5.1197973235184269e-01
   1.5523655450069105e+01    4.9920664516364055e-01
   1.5799377995197590e+01    7.5294356767945070e-01
   1.6219458146564381e+01    7.4180581064491957e-01
   1.6493260078501116e+01    8.8827086852007009e-01
   1.6919519899369700e+01    9.5833471486399247e-01
   1.7332787491787141e+01    1.0042131430334542e+00
   1.7749646578205517e+01    1.0725293454860982e+00
   1.8056013788387574e+01    1.1817431098221194e+00
   1.8429048572290064e+01    1.2442154428536381e+00
   1.8761672794400024e+01    1.4308210969878938e+00
   1.9116681201471710e+01    1.4880560284475468e+00
   1.9526996772790497e+01    1.5210792956932357e+00
   1.9805163096312871e+01    1.6625297361044118e+00
   2.0210283882956709e+01    1.8726380602684556e+00
   2.0500260046461634e+01    1.9482435515719314e+00
   2.0957058319314232e+01    2.0257703144126311e+00
   2.1264170776571156e+01    2.0789662525088453e+00
   2.1757638014447611e+01    2.1061806743125451e+00
   2.2137417767164276e+01    2.1244748221918606e+00
   2.2472320742403024e+01    2.2771748944781938e+00
   2.2919482593126261e+01    2.3392564775269387e+00
   2.3106232381029294e+01    2.5050542013194126e+00
   2.3606478382787515e+01    2.5220525497500703e+00
   2.3903602861432763e+01    2.6817967430332792e+00
   2.4344714078366813e+01    2.6963435445934700e+00
   2.4755682728394312e+01    2.7716413252231025e+00
   2.5033649792687012e+01    2.9302504431323380e+00
   2.5468435187424372e+01    2.9432898968987105e+00
   2.5896953133263608e+01    3.0308058672626306e+00
   2.6174062153957163e+01    3.1553413057799662e+00
   2.6528566707293898e+01    3.2913655311377665e+00
   2.6828846855237291e+01    3.4084392381801756e+00
   2.7168936715005319e+01    3.5783218200706712e+00
   2.7550993465262838e+01    3.5989198259861248e+00
   2.7958453572818936e+01    3.7245715550866190e+00
   2.8308690730802976e+01    3.7880097687056797e+00
   2.8770969949162563e+01    3.7424077578552688e+00
   2.9060315417704842e+01    4.0350370097246406e+00
   2.9500553229645384e+01    4.0245420612094511e+00
   2.9761209319187390e+01    4.2085832402798582e+00
   3.0226297039332632e+01    4.1009882157916016e+00
   3.0537727803992119e+01    4.2865208106953929e+00
   3.0868770241380176e+01    4.4419275606676329e+00
   3.1296018019354477e+01    4.4833067680986849e+00
   1.3165165273241900e+01    4.0409198991063622e-01
   1.3614658544731723e+01    3.7659378170756386e-01
   1.3924783590870769e+01    5.2282522788628538e-01
   1.4327831028173236e+01    5.7686362873879882e-01
   1.4626334082237884e+01    7.5188661596821338e-01
   1.5024780123584614e+01    8.2508041224715700e-01
   1.5323293272279839e+01    9.5833063312206290e-01
   1.5850933029148466e+01    9.2225611017016473e-01
   1.6155021925098719e+01    1.0388852584598489e+00
   1.6450454016982683e+01    1.2126768324278157e+00
   1.6924008498801154e+01    1.2737641821440031e+00
   1.7141887494025514e+01    1.4776338490519165e+00
   1.7553347269775493e+01    1.5705975404213148e+00
   1.7938320490476155e+01    1.6031594391598811e+00
   1.8286767826568983e+01    1.7225510928315395e+00
   1.8627933861736039e+01    1.7904562243711595e+00
   1.9104486009939265e+01    1.7951786242247432e+00
   1.9418811739089790e+01    1.9772338822325286e+00
   1.9801315286474644e+01    1.9937128399750883e+00
   2.0194602532698923e+01    2.0814504533147478e+00
   2.0465191738729892e+01    2.2565968583754055e+00
   2.0834914167111783e+01    2.3292477390880340e+00
   2.1361885044980358e+01    2.3582249906185773e+00
   2.1756483276488861e+01    2.4205766269801390e+00
   2.1961477134125602e+01    2.6276480034795755e+00
   2.2383161453960366e+01    2.6041635915642245e+00
   2.2720578870007053e+01    2.7925321632047209e+00
   2.3127972704118918e+01    2.8304349115337302e+00
   2.3564608049633982e+01    2.9302405240605522e+00
   2.3890140135417276e+01    3.0027464809898361e+00
   2.4146929981447826e+01    3.1661611258409819e+00
   2.4587881439880551e+01    3.1849475405749290e+00
   2.4921154351729410e+01    3.3597831187931742e+00
   2.5281918014921619e+01    3.4707106441734892e+00
   2.5739721800759206e+01    3.4167755596704588e+00
   2.6064103098656581e+01    3.5546122978934265e+00
   2.6345366718178543e+01    3.6934250552242132e+00
   2.6709836866380886e+01    3.8783136126971147e+00
   2.7162819807771903e+01    3.8444919479520854e+00
   2.7511254415852257e+01    3.9277630822681671e+00
   2.7956497408971671e+01    4.0141085143819959e+00
   2.8235613944459342e+01    4.1841767935854337e+00
   2.8664156029632569e+01    4.2037795128155722e+00
   2.8919884622761462e+01    4.3338866607357058e+00
   2.9327171804906783e+01    4.4734008632225839e+00
   2.9720377416292472e+01    4.3926723907903611e+00
   3.0091543815744025e+01    4.5753636544142724e+00
   3.0482877970399912e+01    4.6655556674547798e+00
   3.0781827382694910e+01    4.8984054387236178e+00
   3.1305266895449034e+01    4.8254748050748786e+00
   1.1522746933317066e+01    4.5838444189201472e-01
   1.1941387502584007e+01    5.1585190097255185e-01
   1.2388186385503410e+01    5.6163245511510296e-01
   1.2681002651376666e+01    7.6511369819424624e-01
   1.3053236009390639e+01    7.9857090288570376e-01
   1.3569809417763654e+01    7.9985046314603991e-01
   1.3833688766738984e+01    9.2378057494626797e-01
   1.4162929093120335e+01    1.0267605098929575e+00
   1.4507643610384127e+01    1.1187844350452218e+00
   1.4924868297988228e+01    1.1805855190329873e+00
   1.5267671857793868e+01    1.3187398431118851e+00
   1.5612508827315544e+01    1.4490254465447616e+00
   1.6011902008348699e+01    1.4967407463618734e+00
   1.6336907417753999e+01    1.6617156260931278e+00
   1.6739767884942278e+01    1.7124456214978765e+00
   1.7211164310301921e+01    1.6763097846376400e+00
   1.7592816397542354e+01    1.7776410030727177e+00
   1.7916757920664104e+01    1.9192095945513572e+00
   1.8198756692630351e+01    2.0882026639291200e+00
   1.8555375412727749e+01    2.1397104725647691e+00
   1.9054833155506909e+01    2.0726456970759370e+00
   1.9319874703689678e+01    2.3158408846583125e+00
   1.9708690906361770e+01    2.3852552512487719e+00
   2.0098763232195378e+01    2.4640096528368765e+00
   2.0420855243436407e+01    2.6656071500707288e+00
   2.0796162635909937e+01    2.6741836798790755e+00
   2.1205823372932084e+01    2.6968713621036158e+00
   2.1540346702281692e+01    2.8405450790650968e+00
   2.1945392437541670e+01    2.9149938573734038e+00
   2.2290027075554800e+01    2.9919865264771190e+00
   2.2666928102968747e+01    3.0268417497242637e+00
   2.3017106448757243e+01    3.1818227696242913e+00
   2.3341910404447958e+01    3.3773562028213182e+00
   2.3812632245146787e+01    3.3641020406515163e+00
   2.4178944443981162e+01    3.4927459060347901e+00
   2.4409866140809566e+01    3.6421501692167317e+00
   2.4818179025201026e+01    3.7026860009857629e+00
   2.5300819991230838e+01    3.7517849674272608e+00
   2.5526010571272703e+01    3.9493329377701141e+00
   2.5966733364377980e+01    3.9392211902096133e+00
   2.6355287106655041e+01    4.0236746691045937e+00
   2.6663774628155505e+01    4.1504880707361487e+00
   2.7054546555777879e+01    4.2090882351469583e+00
   2.7461023972992034e+01    4.2048884738191372e+00
   2.7824143635181805e+01    4.3390254421557923e+00
   2.8179744553178736e+01    4.4872024177079135e+00
   2.8483270344301520e+01    4.6500375868741717e+00
   2.8948369914665260e+01    4.6807217526560949e+00
   2.9172043227841517e+01    4.8458194357628193e+00
   2.9636836448112064e+01    4.7818967237657013e+00
   2.9976540078536228e+01    4.9905773160483999e+00
   1.0077937570415536e+01    3.4836312466561536e-01
   1.0441653693603385e+01    4.6032468694575546e-01
   1.0774828292528349e+01    6.5557207781292370e-01
   1.1146581058347405e+01    7.2400063789287306e-01
   1.1530929728643164e+01    6.7065775708719866e-01
   1.1892773956204225e+01    8.4504807431754814e-01
   1.2283121909342317e+01    8.8933080473078285e-01
   0.0000000000000000e+00    3.4599999999999999e-02
   1.2945703615501666e+01    1.1195002321326137e+00
   1.3485399872456538e+01    1.2047341576403845e+00
   1.3824263454057801e+01    1.2007250092716988e+00
   1.3989463839058233e+01    1.4571510097044513e+00
   1.4530381107416087e+01    1.4152165537018986e+00
   1.4718410280020663e+01    1.6641690163309177e+00
   1.5212935259622927e+01    1.6615344494190980e+00
   1.5574975235237812e+01    1.7298693927728590e+00
   1.5850245716475184e+01    1.9244861896236853e+00
   1.6265217984769397e+01    1.9699513523952146e+00
   1.6576164207161131e+01    2.0708873879880043e+00
   1.7015656333129833e+01    2.1468583049184118e+00
   1.7413563408983080e+01    2.2055965024299535e+00
   1.7719699759352785e+01    2.3722815881399506e+00
   1.8068146217651648e+01    2.4302780936421824e+00
   1.8596877950210647e+01    2.4307809379140721e+00
   1.8818210625783706e+01    2.6268556188688836e+00
   1.9242932990525532e+01    2.6561661687673013e+00
   1.9641990854264694e+01    2.6744129596622956e+00
   1.9992428588169357e+01    2.8420000664490037e+00
   2.0307036089182112e+01    2.9516273595211460e+00
   2.0784431358487105e+01    2.9839634896523455e+00
   2.0973593763098332e+01    3.2086441591809134e+00
   2.1415462077325749e+01    3.2803815636056091e+00
   2.1709121464300779e+01    3.4483495890827012e+00
   2.2191212931309551e+01    3.3454991726353005e+00
   2.2604527046807050e+01    3.4606599471831374e+00
   2.2982979575051164e+01    3.5129216930538849e+00
   2.3234081755096362e+01    3.7533737306111772e+00
   2.3575959242270695e+01    3.8110850408547257e+00
   2.4060239049630031e+01    3.8268119047295102e+00
   2.4456826801156410e+01    3.9027980952748793e+00
   2.4877808008026548e+01    3.9180965518058639e+00
   2.5147050239220800e+01    4.1108267499810180e+00
   2.5454658211170020e+01    4.2656284365743389e+00
   2.5964197417617939e+01    4.2705989448916561e+00
   2.6128247892526421e+01    4.5090774821709081e+00
   2.6556851423277077e+01    4.5491711603426737e+00
   2.6925891366852483e+01    4.6124789776684825e+00
   2.7368634402764350e+01    4.6638786420878509e+00
   2.7763014502472966e+01    4.7069603309107686e+00
   2.8086726482473306e+01    4.8014732847357342e+00
   2.8352281540124622e+01    4.9797365606013591e+00
   8.4804600869279358e+00    3.9084028117496239e-01
   8.8913027735216961e+00    4.2707899548770017e-01
   9.2452126214482799e+00    5.3029433283050365e-01
   9.6401580204692774e+00    6.5333343986826065e-01
   9.9665880894770513e+00    8.1139231263158684e-01
   1.0218754155805795e+01    8.7825857501561377e-01
   1.0645273803687525e+01    9.7117210046000790e-01
   1.0972876605430297e+01    1.0476941403302875e+00
   1.1468331168839720e+01    1.0857839904425794e+00
   1.1806018506530128e+01    1.1981771684034552e+00
   1.2167723164851024e+01    1.3827082003950950e+00
   1.2536816653858189e+01    1.4276419028115301e+00
   1.2888730837209160e+01    1.5349499764531771e+00
   1.3271003963678641e+01    1.5947007531911102e+00
   1.3552454114417811e+01    1.7080130692109816e+00
   1.3922151525671744e+01    1.7555058921480893e+00
   1.4299992670420407e+01    1.9051687095419276e+00
   1.4859940950800087e+01    1.9228160988290668e+00
   1.5226251832943520e+01    2.0133166564476821e+00
   1.5474565700464224e+01    2.2288736671905638e+00
   1.5858034382311750e+01    2.1802877713206281e+00
   1.6266172585704513e+01    2.2306497516062533e+00
   1.6537708053627945e+01    2.4072297258781123e+00
   1.6960232861182593e+01    2.4810490820250184e+00
   1.7386142442259811e+01    2.5695839517318659e+00
   1.7724207670251431e+01    2.6210277691875890e+00
   1.8115346076853495e+01    2.7075003058673066e+00
   1.8505318334175286e+01    2.7625436491387307e+00
   1.8742464467997607e+01    2.9558777695606513e+00
   1.9159413528297225e+01    3.0134026363663895e+00
   1.9641501045233163e+01    3.0014457658949838e+00
   1.9890374945302465e+01    3.2152238393917947e+00
   2.0145409203406370e+01    3.3593074861341474e+00
   2.0646644478961257e+01    3.3773203449379161e+00
   2.1015622976959225e+01    3.4585645213235905e+00
   2.1349792994238602e+01    3.6807546699297196e+00
   2.1643742492118509e+01    3.7586099910508910e+00
   2.2053823692449086e+01    3.7831655749396851e+00
   2.2378535040876674e+01    3.9440315450183223e+00
   2.2886755361894703e+01    3.9086424035929865e+00
   2.3246872968729907e+01    4.0055441859097387e+00
   2.3573125284460108e+01    4.0730707688026762e+00
   2.3971764001581786e+01    4.1790263375056345e+00
   2.4300782684987400e+01    4.3142465035930311e+00
   2.4671759042045892e+01    4.4053577863616278e+00
   2.5045865173480617e+01    4.4512370045456562e+00
   2.5428974398700163e+01    4.5699072871382560e+00
   2.5730598010304423e+01    4.7224643667879640e+00
   2.6004654941387507e+01    4.8220645755273681e+00
   2.6538252724782186e+01    4.8228537123003958e+00
   2.6835243339848031e+01    5.0063315232051426e+00
   6.9467960300890219e+00    3.4313905239508286e-01
   7.2226480498270966e+00    5.9450627793853594e-01
   7.7518594967870547e+00    5.6459773090260479e-01
   8.0710613714038431e+00    6.4287290087643345e-01
   8.3031869626529389e+00    8.5427175772535491e-01
   8.7602889522168468e+00    8.7691625248689997e-01
   9.2200151068341096e+00    8.7582094117946541e-01
   9.4974563725427803e+00    1.0634732768355879e+00
   9.7771355739609440e+00    1.1693688922108514e+00
   1.0241993312087793e+01    1.1614644014608249e+00
   1.0615359463211435e+01    1.2987470761341429e+00
   1.0970855484829745e+01    1.4049844605890263e+00
   1.1268761200102352e+01    1.5401466483851445e+00
   1.1712294689478192e+01    1.5182897981468892e+00
   1.2116406451961190e+01    1.6475383757914959e+00
   1.2432892432055455e+01    1.7647347984299779e+00
   1.2834722808027777e+01    1.8162057397191673e+00
   1.3244853603717283e+01    1.8484839793384857e+00
   1.3592211158604641e+01    1.9629428259435517e+00
   1.3875150925699570e+01    2.1728765568882906e+00
   1.4233005140800348e+01    2.2988745318176176e+00
   1.4650578312607886e+01    2.2266111971397962e+00
   1.5012678856006241e+01    2.4707259177884509e+00
   1.5366278842663773e+01    2.4955318485155846e+00
   1.5723032743031524e+01    2.6411095005835139e+00
   1.6012814914070557e+01    2.6815781284467128e+00
   1.6429984300654969e+01    2.8166186539995151e+00
   1.6959583732546715e+01    2.7296728985941696e+00
   1.7282221731632930e+01    2.9213548791080215e+00
   1.7536984312505187e+01    3.1159172088434235e+00
   1.7948375181429039e+01    3.1385393637486021e+00
   1.8368813033835885e+01    3.1872525397432190e+00
   1.8701616764811344e+01    3.2469655713407297e+00
   1.9034243181406218e+01    3.4127659724047916e+00
   1.9466202079581681e+01    3.4890920886624577e+00
   1.9703704597753113e+01    3.6115159499113210e+00
   2.0169349278168081e+01    3.6204747589906949e+00
   2.0503044847810276e+01    3.8176377727909334e+00
   2.0943750523933275e+01    3.8321245332440328e+00
   2.1335334849868705e+01    3.8888960772704473e+00
   2.1753379835931529e+01    4.0425030423899875e+00
   2.1910599318217429e+01    4.2660820804945843e+00
   2.2431519123399838e+01    4.2006228779440669e+00
   2.2816571784454180e+01    4.2194579224635822e+00
   2.3168287147472462e+01    4.3251704300180958e+00
   2.3473689662088827e+01    4.3747034216847593e+00
   2.3776801573357901e+01    4.6306690630734471e+00
   2.4226750419914687e+01    4.6142955722755801e+00
   2.4536775397541916e+01    4.8611667854175602e+00
   2.5031460574542482e+01    4.7972260786441945e+00
   2.5369072421952048e+01    4.9418922294606098e+00
   5.3855336921462458e+00    3.3964334766039384e-01
   5.7573509758216046e+00    4.7638812774886674e-01
   5.9897741392242674e+00    5.7142973298824318e-01
   6.5045006690984488e+00    6.5602695064471761e-01
   6.8957654780312314e+00    7.4671996458979162e-01
   7.1808602293061172e+00    8.5070365693354089e-01
   7.6065025221215050e+00    8.5827647323452594e-01
   7.9248472309331079e+00    1.0581107896239488e+00
   8.2570224614308305e+00    1.1592815034328328e+00
   8.6222878909639444e+00    1.2822132562688755e+00
   9.0170125248031674e+00    1.3121638057459517e+00
   9.3743207520587575e+00    1.4540770630242899e+00
   9.7177550068270424e+00    1.5086708002276998e+00
   1.0128834697790900e+01    1.6646471945924382e+00
   1.0502988230099643e+01    1.7283164435826459e+00
   1.0828784970762877e+01    1.8400129164748322e+00
   1.1317440142132400e+01    1.7387594705849048e+00
   1.1540237855830243e+01    1.9452730090206498e+00
   1.2106051116575868e+01    1.9140913096203147e+00
   1.2327533017122690e+01    2.1502655060767482e+00
   1.2650931185781143e+01    2.2566673452306603e+00
   1.3114287457333727e+01    2.2722037278154037e+00
   1.3524743475686643e+01    2.3645109170796323e+00
   1.3839520390934320e+01    2.4838182586411137e+00
   1.4182845360354174e+01    2.5835319222502777e+00
   1.4546296389765098e+01    2.7329016442397625e+00
   1.5045560140078361e+01    2.7190270134069863e+00
   1.5321753182771186e+01    2.8376168022931489e+00
   1.5705100729051777e+01    2.9234600484805613e+00
   1.6088990313104720e+01    2.9860721702007385e+00
   1.6445460686022315e+01    3.0681415606913331e+00
   1.6815841459876697e+01    3.2060933338131945e+00
   1.7102541257413520e+01    3.3640351088618132e+00
   1.7448906905122325e+01    3.4336414928817498e+00
   1.7848882941347124e+01    3.4994418061664154e+00
   1.8259783123445480e+01    3.5293556199661262e+00
   1.8619479389178291e+01    3.6612332344205836e+00
   1.8947902050482806e+01    3.7914683647005698e+00
   1.9354072678706782e+01    3.8482952975260694e+00
   1.9647646041873408e+01    4.0178012180269036e+00
   2.0117517300221774e+01    4.0166512201555538e+00
   2.0369495957539353e+01    4.1756944510693508e+00
   2.0910028313244286e+01    4.2015272690644778e+00
   2.1259234502218405e+01    4.2495328114555626e+00
   2.1514135774536864e+01    4.4659650705592737e+00
   2.1961960798599392e+01    4.4926539571171320e+00
   2.2228432273148414e+01    4.6888562693142104e+00
   2.2589935038857746e+01    4.7355693917633959e+00
   2.3033093710211244e+01    4.6915484633997222e+00
   2.3437510944993480e+01    4.8114941806210307e+00
   2.3711827264192721e+01    4.9762762967979404e+00
   3.7626492524048265e+00    4.4168402551044816e-01
   4.1984989284330192e+00    4.5068882221556072e-01
   4.4777503369631582e+00    6.3070219979556175e-01
   4.9042059058855649e+00    7.2039861036437669e-01
   5.2437818172880641e+00    7.8897200644827448e-01
   5.7380689147262665e+00    7.2624506927769406e-01
   6.0054835788888798e+00    9.4656042553695752e-01
   6.4988358257561432e+00    9.4216693508143079e-01
   6.6417196159300298e+00    1.1600917072609800e+00
   7.1639227558868157e+00    1.1708218606686420e+00
   7.4403321747916014e+00    1.3123263292982608e+00
   7.8633147518981206e+00    1.3311683522797846e+00
   8.1858368821811780e+00    1.5373352498794131e+00
   8.6730893387973094e+00    1.4798754714960549e+00
   8.9193166900671912e+00    1.7389408667074255e+00
   9.2827510413928138e+00    1.7967531671464543e+00
   9.8097684423414453e+00    1.7766263171408145e+00
   1.0085525221434500e+01    1.8857479570003848e+00
   1.0438707378165489e+01    2.0278939174584005e+00
   1.0793466491751589e+01    2.1449354972417520e+00
   1.1247564670373006e+01    2.1313030936531550e+00
   1.1486602889083272e+01    2.3125816356724935e+00
   1.1901946025326991e+01    2.3701956424552075e+00
   1.2245161270501427e+01    2.5188010692408267e+00
   1.2656905890392501e+01    2.4991520463791219e+00
   1.3018503018952888e+01    2.6637196297113945e+00
   1.3323687840666352e+01    2.8339856320050707e+00
   1.3697093492518343e+01    2.9502876703743222e+00
   1.4110236877089973e+01    2.9259112881231411e+00
   1.4438541475106422e+01    3.0631376084240132e+00
   1.4817693605139308e+01    3.2056434644069913e+00
   1.5190060826732688e+01    3.2367440995348136e+00
   1.5694736176829839e+01    3.2648767377138470e+00
   1.5962550237245765e+01    3.3681551226080666e+00
   1.6314181770940543e+01    3.4406838582906984e+00
   1.6749819942513273e+01    3.5023723652026675e+00
   1.7115718261493946e+01    3.6111966084674640e+00
   1.7371650502822330e+01    3.8449110945695719e+00
   1.7765856360429225e+01    3.9221990974522476e+00
   1.8039201400608050e+01    4.0055323356912345e+00
   1.8545657355759801e+01    4.0332756283578366e+00
   1.8833880564719969e+01    4.2184109337138285e+00
   1.9204754658781738e+01    4.2711675359313990e+00
   1.9524331790317845e+01    4.3393373223509606e+00
   1.9999390810989453e+01    4.3634859609583581e+00
   2.0318429415929064e+01    4.5611890374945308e+00
   2.0634543650279863e+01    4.6216115460628968e+00
   2.1075866415559073e+01    4.7199973268540436e+00
   2.1443077914308876e+01    4.8021105631531062e+00
   2.1771183253095653e+01    4.9012595857953629e+00
   2.2151774087434426e+01    5.0964884244871165e+00
   2.2134883575992159e+00    3.9393558019328151e-01
   2.6286647568796009e+00    4.4312836964254915e-01
   3.1086189711464733e+00    5.1070359548796351e-01
   3.2959757096854467e+00    7.1364705809547679e-01
   3.7503743132908101e+00    7.2068845793106595e-01
   4.0841625779755351e+00    9.1118603105020590e-01
   4.4318351292266334e+00    9.4820558698301771e-01
   4.7566404016082942e+00    1.0551817228374338e+00
   5.1250724728640966e+00    1.2035626977066316e+00
   5.4494305092214450e+00    1.2493942955681501e+00
   5.8991019728858225e+00    1.3160640637734871e+00
   6.2951336419364319e+00    1.4698982019707352e+00
   6.5966650851745428e+00    1.4866151735464501e+00
   7.0409293380248501e+00    1.5629228561308861e+00
   7.4869684902689961e+00    1.5459944678791049e+00
   7.7302416259553137e+00    1.7977988392052631e+00
   8.2665746153397119e+00    1.8236858170879273e+00
   8.4398252487777814e+00    2.0098040761240483e+00
   8.7633305082997612e+00    2.0509839804357286e+00
   9.2322985166598706e+00    2.1392419939265439e+00
   9.5931227476355527e+00    2.2776115091955504e+00
   9.9586528320486103e+00    2.3302471075152771e+00
   1.0246396326607822e+01    2.4521266487274844e+00
   1.0732461127991577e+01    2.4062695070616336e+00
   1.1002568425136685e+01    2.6221653023846594e+00
   1.1434735799378435e+01    2.6781337527140296e+00
   1.1782828067813096e+01    2.8264507802929995e+00
   1.2288840737013366e+01    2.8523755033160865e+00
   1.2574955484873636e+01    2.9479487005796514e+00
   1.2902980505512767e+01    3.1031475450516783e+00
   1.3209375366204670e+01    3.2404088893316874e+00
   1.3720180351547706e+01    3.2191022403496428e+00
   1.3957659169282127e+01    3.3655891991841784e+00
   1.4428763728148965e+01    3.3306767437706259e+00
   1.4795587680863962e+01    3.4405561392690349e+00
   1.5165033604147402e+01    3.5819824403462199e+00
   1.5475521179193299e+01    3.7066367321661895e+00
   1.5815799764663439e+01    3.8224456258868464e+00
   1.6263133224106504e+01    3.8406332973584112e+00
   1.6529282987167971e+01    3.9644897622451167e+00
   1.6921655572082468e+01    4.1353041224276801e+00
   1.7433694296840951e+01    4.0555497379565573e+00
   1.7700132854116347e+01    4.1395729222507169e+00
   1.8087408089485827e+01    4.2556510792696232e+00
   1.8435602620917216e+01    4.3968900591150346e+00
   1.8802137779418278e+01    4.4585692175212941e+00
   1.9216664567276105e+01    4.5272447449328252e+00
   1.9590361207826938e+01    4.6486375055026707e+00
   1.9854391976260942e+01    4.8112887768336137e+00
   2.0349496738775979e+01    4.7428028529181612e+00
   2.0537569362181742e+01    5.0659174941264613e+00
   4.3372927254141985e-01    2.9685390278168522e-01
   7.6303754456450235e-01    3.3501121574902820e-01
   1.0340239084741791e+00    4.9619576797974407e-01
   1.4874269620560394e+00    5.6385160603378015e-01
   1.7175867776139719e+00    7.3093380573278455e-01
   2.0670679794367990e+00    8.0804660094038061e-01
   2.6218029097992090e+00    8.0339464405235339e-01
   3.0202629958493512e+00    8.2984836960743735e-01
   3.2359091026795102e+00    1.0742283157021102e+00
   3.5237946681916879e+00    1.1630938065052432e+00
   3.9319355927457353e+00    1.2624624531971231e+00
   4.3234841046874637e+00    1.3434467147902578e+00
   4.6808898548523787e+00    1.4985208247400963e+00
   5.1033843785152913e+00    1.4641742392049995e+00
   5.4110353623687093e+00    1.6537482852953271e+00
   5.7992283313268427e+00    1.7003836790890607e+00
   6.2067832406309762e+00    1.7299911427955721e+00
   6.5554320304383840e+00    1.8797702239998526e+00
   6.8930574836543794e+00    1.9650891638529715e+00
   7.3618995285807527e+00    2.0003479089850553e+00
   7.7306818396279207e+00    2.0389243202912173e+00
   8.0773617375755951e+00    2.1776162053932540e+00
   8.4041266849803744e+00    2.4050858019020920e+00
   8.7084416128761841e+00    2.4396902394139146e+00
   9.1683512264317812e+00    2.4912355298517981e+00
   9.4654581491977634e+00    2.6593850392308069e+00
   9.9078408506876858e+00    2.5847363872370517e+00
   1.0209003181564221e+01    2.7730856913000528e+00
   1.0669098448543060e+01    2.8207620609548907e+00
   1.0880196485400750e+01    2.9710405630346042e+00
   1.1419519679921210e+01    3.0273643443603278e+00
   1.1687981991179051e+01    3.2449340927714112e+00
   1.2133998759677130e+01    3.2036252844162170e+00
   1.2476288810014225e+01    3.2410170688791760e+00
   1.2850920301135998e+01    3.3928881964362447e+00
   1.3195597073259369e+01    3.4516730925866352e+00
   1.3624790920450360e+01    3.5519520116184813e+00
   1.3861145723014747e+01    3.7810388996150439e+00
   1.4354695473523760e+01    3.6849576790952052e+00
   1.4746551037793859e+01    3.7759311482115612e+00
   1.4888805888593025e+01    4.0778021660443837e+00
   1.5447744267017903e+01    4.0041158395726200e+00
   1.5757946120128738e+01    4.1327900327373266e+00
   1.6145248128214099e+01    4.1648866567856331e+00
   1.6552143375354795e+01    4.2584959656150554e+00
   1.6885879323519305e+01    4.3792526327893793e+00
   1.7244221153166709e+01    4.4911402014273811e+00
   1.7584871484380315e+01    4.6872951127504399e+00
   1.7940651911242743e+01    4.7123429634938665e+00
   1.8389942851224017e+01    4.7050717571986791e+00
   1.8794181454934719e+01    4.8751531155321697e+00
   1.9118505257327499e+01    4.9240115664277173e+00
   5.5315310175080401e-01    8.0121468663413853e-01
   9.7192310173763707e-01    8.2651187475284615e-01
   1.2387810250790123e+00    9.9090100257237523e-01
   1.7349829422688077e+00    9.7741194273798859e-01
   2.0822227410959870e+00    1.1143677708290631e+00
   2.4530174825834705e+00    1.1682345190720489e+00
   2.7907015724362165e+00    1.3346092607263131e+00
   3.1191718101735444e+00    1.4113527241238408e+00
   3.5657057309851177e+00    1.4474603837978548e+00
   3.9424988336312716e+00    1.5721007186938074e+00
   4.3087094278143940e+00    1.6316560984955049e+00
   4.7663518751215204e+00    1.6912885924968806e+00
   5.1484937713934844e+00    1.7330733846286868e+00
   5.3218435955494092e+00    1.9526580213031817e+00
   5.7165146839568672e+00    2.0482434637925353e+00
   6.0608161991609171e+00    2.2008771309655430e+00
   6.4545647261129222e+00    2.3296751369687758e+00
   6.8327793721929799e+00    2.3465440985692396e+00
   7.1234630376323445e+00    2.4664167833327997e+00
   7.5777402862222774e+00    2.5061741786372163e+00
   8.0080274257945909e+00    2.5825244342288736e+00
   8.4120237583714115e+00    2.5853789324182044e+00
   8.7050305055347099e+00    2.6756793969028800e+00
   9.0984722434965342e+00    2.8354536985190300e+00
   9.2991635940220476e+00    3.0393310022344249e+00
   9.8922389407835816e+00    2.9813255432337673e+00
   1.0168011959064957e+01    3.1249533954606643e+00
   1.0573147229309189e+01    3.2084316013726943e+00
   1.0891305845800568e+01    3.2851159014570945e+00
   1.1237994082790895e+01    3.5026545320721780e+00
   1.1551596509715642e+01    3.5636997037884273e+00
   1.2005482262197935e+01    3.5339842275347291e+00
   1.2346509605918790e+01    3.7476807978620452e+00
   1.2752235631500339e+01    3.7762653682630960e+00
   1.3076076647213290e+01    3.8748406647709248e+00
   1.3431718821526493e+01    3.9954685595708295e+00
   1.3794226222426847e+01    4.1449620943988412e+00
   1.4298086979726033e+01    4.0319088153775455e+00
   1.4581053080639860e+01    4.2120275282331461e+00
   1.5022112507730073e+01    4.2499155296235713e+00
   1.5206645865875716e+01    4.4274799498252975e+00
   1.5549196621019918e+01    4.6100488050810231e+00
   1.5940761635488157e+01    4.6016171551663225e+00
   1.6437218200706713e+01    4.6896379448385499e+00
   1.6855025743502459e+01    4.7069598920137867e+00
   1.7059684722742194e+01    4.9514070771260501e+00
   1.7572477033618192e+01    4.8885460569275727e+00
   5.7017023497227703e-01    1.1150157144430903e+00
   9.0543350074327211e-01    1.2044262714077489e+00
   1.2091702696451387e+00    1.3353586334328020e+00
   1.6749159402555873e+00    1.3371338400545285e+00
   2.0415109643049476e+00    1.4667345008578241e+00
   2.2874848525679208e+00    1.5799649187009177e+00
   2.6983799434612910e+00    1.6781218586058262e+00
   3.1505463609076214e+00    1.6781367372135048e+00
   3.4887376401123755e+00    1.8091876892030025e+00
   3.7021944410186101e+00    1.9650291666355781e+00
   4.2444620637199417e+00    1.9087765744002803e+00
   4.5451688634192093e+00    2.1712539986367863e+00
   4.9137567431035025e+00    2.2436052443800341e+00
   5.2128176352318407e+00    2.3167582232396833e+00
   5.6110025328744815e+00    2.4306068713711455e+00
   6.0657287730766543e+00    2.4628407385056179e+00
   0.0000000000000000e+00    3.4599999999999999e-02
   6.7003066573210877e+00    2.6814403586841693e+00
   7.0678767349049068e+00    2.8234212499873821e+00
   7.4027972660229224e+00    2.9344277329346982e+00
   7.9238276732447090e+00    2.8578139197055532e+00
   8.2550052909031137e+00    2.9416023380042216e+00
   8.4972277072153357e+00    3.1886562200699693e+00
   8.8577060873694666e+00    3.2997941965529911e+00
   9.2843398484664288e+00    3.4205107924328897e+00
   9.6880100805858742e+00    3.4159519694843712e+00
   1.0187765834415581e+01    3.4477754240512914e+00
   1.0363306193406979e+01    3.6433518691525206e+00
   1.0739011226545895e+01    3.7536272813974834e+00
   1.1124508490242663e+01    3.8013381044653820e+00
   1.1545430884917263e+01    3.8600295594483769e+00
   1.1889928148175132e+01    4.0016558658801049e+00
   1.2294840019855698e+01    4.0407377987297446e+00
   1.2605225770801852e+01    4.2390616072670806e+00
   1.2968396345041496e+01    4.2492669276640722e+00
   1.3404346572368187e+01    4.2996665653107238e+00
   1.3690978779769834e+01    4.4813642100578512e+00
   1.4179797659713515e+01    4.4802445838576324e+00
   1.4554667910793311e+01    4.5616406624886601e+00
   1.4865355622862847e+01    4.6858059352916630e+00
   1.5094060889933854e+01    4.8066412966947993e+00
   1.5519858113383769e+01    4.8781569264746620e+00
   1.5894138048023230e+01    4.9974982825522218e+00
   4.6803320167886875e-01    1.4680972759858832e+00
   7.7664418490027609e-01    1.5882283832922455e+00
   1.1329796408857116e+00    1.6868941364679941e+00
   1.5647720654360289e+00    1.7208448808153300e+00
   1.9161621180114983e+00    1.8477772674186141e+00
   2.2847109358644233e+00    1.8626241867348654e+00
   2.5801571163414954e+00    2.0374006455296811e+00
   2.9975005694688339e+00    2.0761195227960898e+00
   3.2698463728895089e+00    2.2364129517621496e+00
   3.7304665167687174e+00    2.2874485950249275e+00
   4.1699877416073026e+00    2.3658356398393816e+00
   4.3927956816048184e+00    2.5398501734740324e+00
   4.8072123063202490e+00    2.6075104004978851e+00
   5.1606898407198960e+00    2.7134302868762346e+00
   5.5846616916230811e+00    2.7197234990271850e+00
   5.9414256866214101e+00    2.7287369946704740e+00
   6.3025900627578793e+00    2.9043417398490812e+00
   6.6186182733002727e+00    3.1342087672305472e+00
   7.0360308088125247e+00    3.0799942370192928e+00
   7.4146509957036377e+00    3.1201875009161979e+00
   7.6904964319869880e+00    3.3300517105790415e+00
   8.1115671738413884e+00    3.5134923469094415e+00
   8.4995310385750944e+00    3.4596421011929661e+00
   8.8292730242064845e+00    3.6405320877144400e+00
   9.1335901465872027e+00    3.7615792608009260e+00
   9.5359019925484070e+00    3.8124697608318683e+00
   9.9391640504749095e+00    3.9205728085763987e+00
   1.0296341925326946e+01    3.9992003250471049e+00
   1.0638500745466525e+01    4.0883300757228964e+00
   1.1012052550013408e+01    4.2180257138330237e+00
   1.1318585663254536e+01    4.2971303552124951e+00
   1.1752457713373060e+01    4.3298517930038951e+00
   1.2085074913131315e+01    4.4201815758069456e+00
   1.2476284859941389e+01    4.6001095440343152e+00
   1.2945161577729314e+01    4.5721289836594270e+00
   1.3183702526159358e+01    4.7176742451301097e+00
   1.3596988552250027e+01    4.8156294679822462e+00
   1.4042005074526903e+01    4.8243995074698081e+00
   1.4294167629679796e+01    5.0837099388660389e+00
   3.7766640230438475e-01    1.7945336651101917e+00
   7.1228608709735042e-01    1.9457161194133352e+00
   9.8117873684570889e-01    2.0856151906634328e+00
   1.4061205061886670e+00    2.1370968849286731e+00
   1.7313650266695750e+00    2.2555872197587914e+00
   2.0551152784867184e+00    2.3364437184405640e+00
   2.4437100576315629e+00    2.4443876660292423e+00
   2.9099954398603609e+00    2.4899774755435633e+00
   3.2650929869090199e+00    2.5948015678277985e+00
   3.6570652099968446e+00    2.6089435747018030e+00
   4.0158040219641604e+00    2.7552802113201191e+00
   4.3888127353859376e+00    2.8092501881331917e+00
   4.7682746827981788e+00    2.9037889052109800e+00
   5.0981167369413889e+00    3.0565883437739614e+00
   5.4465285223786992e+00    3.1707180615324795e+00
   5.7872587328429681e+00    3.2889124481278631e+00
   6.1923711804441552e+00    3.3828948193916979e+00
   6.5618473876193306e+00    3.4160925042978989e+00
   6.8212987049466767e+00    3.5383823702982613e+00
   7.2575666936880916e+00    3.6486551052716361e+00
   7.6384177939369895e+00    3.7105520004704977e+00
   7.9606164571445630e+00    3.8444602157003107e+00
   8.3781347668293957e+00    3.8778524197487845e+00
   8.7325576853275422e+00    3.9731463468629182e+00
   9.1976493555456162e+00    4.0267832886463060e+00
   9.4605293360937033e+00    4.1561603753271434e+00
   9.9135171053515148e+00    4.1918619675137236e+00
   1.0298045284512773e+01    4.2606089034641705e+00
   1.0670204907833828e+01    4.4046400581275167e+00
   1.0992141110646369e+01    4.4510166782608627e+00
   1.1329709946151729e+01    4.6232332704101360e+00
   1.1771282443813506e+01    4.6462837009900202e+00
   1.2123982691658632e+01    4.7641938140103814e+00
   1.2418955697299774e+01    4.8959449822444228e+00
   1.2881442513931686e+01    4.9657844644513194e+00
   4.7298782192544986e-01    2.3933358713575394e+00
   9.8165748567330535e-01    2.3460528411776664e+00
   1.3931192364596992e+00    2.4358512075153214e+00
   1.7365480927951111e+00    2.5006647048264186e+00
   2.0532384672137374e+00    2.7657963146698248e+00
   2.4102058470733692e+00    2.7782325923142999e+00
   2.8255572345803421e+00    2.8045510937093336e+00
   3.1677675812255672e+00    3.0019577831137902e+00
   3.5138547487995071e+00    3.0664409226667910e+00
   3.9388515997136637e+00    3.1246753542227816e+00
   4.3074723527818826e+00    3.1466204227543511e+00
   4.7144584515977828e+00    3.3221732464200273e+00
   5.0271444616248226e+00    3.4048087701272673e+00
   5.4354283788154962e+00    3.4676577645484477e+00
   5.6881882727604296e+00    3.7138227046675381e+00
   6.0902091300227923e+00    3.7033654135133749e+00
   6.5007660946814907e+00    3.7321990579515187e+00
   6.8585004909062741e+00    3.8472926373714640e+00
   7.1697249739843816e+00    4.0562366556225564e+00
   7.5966242677552485e+00    4.0046572189994993e+00
   7.9917478589507995e+00    4.0478169437057563e+00
   8.4241575043264270e+00    4.2079902465679355e+00
   8.5656965141485024e+00    4.4293378007486712e+00
   8.9336071757900921e+00    4.4919095878362336e+00
   9.4956893732946117e+00    4.3736770172034456e+00
   9.7765263849503992e+00    4.6067733169068825e+00
   1.0213246876479905e+01    4.6761221122882821e+00
   1.0483700024446563e+01    4.8100256313203911e+00
   1.0906819098514378e+01    4.8681268137527498e+00
   1.1336139348036090e+01    4.9157743478758924e+00
   4.9415560390249641e-01    2.7383502869289020e+00
   8.4890817792356965e-01    2.8821489139713639e+00
   1.3045599640806711e+00    2.7874617619343773e+00
   1.6505708952488964e+00    2.9143206771829315e+00
   2.0229184542574981e+00    3.0038923532295581e+00
   2.4121611770163698e+00    3.0817679952809800e+00
   2.7374146948854023e+00    3.1649438011726452e+00
   2.9951800772370909e+00    3.3884093405177844e+00
   3.5437716787677878e+00    3.3833492972162085e+00
   3.8646849443851692e+00    3.4814073975208468e+00
   4.2307298988474127e+00    3.5940883163429000e+00
   4.5184145812110836e+00    3.7236862998746072e+00
   4.9174513778951292e+00    3.8367149567752308e+00
   5.3621571611089873e+00    3.8118976586162723e+00
   0.0000000000000000e+00    3.4599999999999999e-02
   6.0537732192961942e+00    4.0384245044085008e+00
   6.4256896936894083e+00    4.1064370779292316e+00
   6.7600567757135472e+00    4.2029374011768583e+00
   7.0658218192367670e+00    4.3544319990133600e+00
   7.4343754649564895e+00    4.5094062160101727e+00
   7.7540109697911594e+00    4.5379762150314322e+00
   8.1561577904872600e+00    4.7104320060357114e+00
   8.5745890058939480e+00    4.7075383582356167e+00
   9.0476418284623819e+00    4.7233763947158565e+00
   9.3255386692380178e+00    4.8886834316828329e+00
   9.6747580251215872e+00    4.9903275836658345e+00
   4.5632154295111699e-01    2.9460942291630370e+00
   7.5654331759595062e-01    3.2192640177770837e+00
   1.0719356541913125e+00    3.2804305883984606e+00
   1.5247244275576393e+00    3.2933841939152204e+00
   1.8432296848851342e+00    3.4703930583175588e+00
   2.2322807852218118e+00    3.5109575412815532e+00
   2.7454201319412110e+00    3.5972935809999749e+00
   2.8913608395923700e+00    3.7575523809941811e+00
   3.3531228617487678e+00    3.8080058713004830e+00
   3.7275043132600874e+00    3.8674933537391176e+00
   4.0720189568384324e+00    4.0016150484608106e+00
   4.5062290454122316e+00    4.0512718968556980e+00
   4.7573391256030986e+00    4.1874443377242052e+00
   5.1593450603680857e+00    4.2419725914979516e+00
   5.5450284163850787e+00    4.3400534266662403e+00
   5.9271299341347303e+00    4.4230625833739676e+00
   6.2896377739320650e+00    4.5469143520629700e+00
   6.5482929321346761e+00    4.7116196612680881e+00
   7.0240124927636867e+00    4.7345230613591154e+00
   7.3625530461864459e+00    4.8330611394028979e+00
   7.8234150661922488e+00    4.8378587223094414e+00
   8.1771282882710494e+00    4.9550284161217402e+00
   2.6592317810571187e-01    3.4228587157259867e+00
   6.2300807702115357e-01    3.5167393506694720e+00
   1.0765589949961356e+00    3.5687202024719555e+00
   1.4101176287800552e+00    3.7636893458196603e+00
   1.8879554379116581e+00    3.7675463724945017e+00
   2.0834669262596015e+00    3.9696103733301622e+00
   2.4923654308936953e+00    3.9828134917809961e+00
   2.8604323398607558e+00    4.0938189213755560e+00
   3.3841076280734308e+00    4.1386155123749200e+00
   3.6699023322546709e+00    4.2176241230948035e+00
   4.0166089590285283e+00    4.3110251753064270e+00
   4.3802310265932070e+00    4.3738639873176330e+00
   4.7275555764275454e+00    4.5532428076415483e+00
   5.0672973908891130e+00    4.6362075040850339e+00
   5.5479720984410816e+00    4.6497242144292654e+00
   5.9122504486624399e+00    4.7460471794066033e+00
   6.3089628469316050e+00    4.7915765966962471e+00
   6.5236892451366932e+00    5.0955355791399288e+00
   6.2559151243460975e-01    3.8515579260186472e+00
   9.3121360721090185e-01    4.0430272609448838e+00
   1.2168170400875338e+00    4.1483674960795529e+00
   1.6682919753392564e+00    4.2250692642638237e+00
   2.0768649939717503e+00    4.2179653654980456e+00
   2.3527896511602902e+00    4.3956233585362616e+00
   2.7752219831209000e+00    4.4885094529193017e+00
   3.2205890963067256e+00    4.5062220184082173e+00
   3.5124965820897556e+00    4.6811373880977278e+00
   3.9293104182293228e+00    4.6149517232631645e+00
   4.2910077908603217e+00    4.7667060603334122e+00
   4.6935050707962782e+00    4.8398627259277074e+00
   5.0188374584529152e+00    4.9435121982199215e+00
   5.9704824223953334e-01    4.1588033690610109e+00
   8.2909838709748218e-01    4.4123911543824521e+00
   1.2619510550863990e+00    4.4232054882311971e+00
   1.6301087718389653e+00    4.4869421517977877e+00
   1.9481227717748864e+00    4.6100830390455920e+00
   2.3364793615277830e+00    4.7144154350412721e+00
   2.6243755483469164e+00    4.8321412113293363e+00
   3.0952161545689836e+00    4.8759229408380040e+00
   3.4024967971492766e+00    5.0196595078472583e+00
   4.1022655423296389e-01    4.6195697973042078e+00
   7.1166496008890301e-01    4.7954002672004830e+00
   1.2402282439863432e+00    4.7816430413103017e+00
   1.5404480874844575e+00    4.8213070393370208e+00
   1.8351552093341099e+00    5.0436785840656704e+00
