   4.8326841338540785e+00    4.5777549481178461e+00
   3.7120544911165561e+00    1.5575957704013397e+00
   3.6439438163258451e+01    4.8228045190411084e+00
   3.6937444701861878e+01    4.7860723529735427e+00
   3.0455940093509358e+01    9.0772310648596533e-01
   3.4849764753911238e+01    4.0013474250399845e+00
   2.4955250190348440e+01    4.0264251038859949e-01
   3.5544591375595047e+01    3.4615519995112178e+00
   2.8281082028700112e+01    2.0986119559622058e+00
   6.5147803328655582e+00    3.5914721304092994e+00
   1.0538742579988147e+01    4.5240012225388981e-01
   3.1337990830941504e+01    3.5381098085432154e+00
   3.6162204045190094e+01    3.9662196851694115e-01
   1.4520811189441474e+01    3.8743785821315946e+00
   7.1117325594109202e+00    2.5626043772064357e+00
   2.4596464621176175e+01    3.6072596183250094e+00
   1.0504571098659415e+01    3.4661546101957206e+00
   6.1884470388977926e+00    7.9884008366501247e-01
   3.6524575495868859e+01    1.8519991633331212e+00
   8.5175175124849325e+00    3.8065915785768905e+00
   1.9254996324493259e+01    3.5583183296731415e+00
   3.6507353465067638e+01    2.8359035873340499e+00
   5.6816194601278838e+00    1.4577449542102163e+00
   9.6771106263054367e+00    4.1063717006563643e+00
   3.5364598010562915e+01    1.8976577387305633e+00
   9.5553937820948853e+00    3.1633288673721469e+00
   1.3382959325619815e+01    4.1850717623002209e+00
   2.0920602130506246e+01    4.5959165008048899e+00
   2.8816452995922223e+01    3.8183036346201833e+00
   2.1609351115930181e+01    5.9360383488752755e-01
   2.0200340867470917e+01    3.9393147195042522e+00
   4.9437865214376204e+00    2.9386950356717039e+00
   4.5295209242832629e-01    1.8364764065209345e+00
   3.0227755202075610e+01    1.7132320662215845e+00
   6.3040244049015524e+00    3.0964313888677206e+00
   1.7146073667777358e+01    6.3150385282307020e-01
   3.4758498884361565e+01    9.5763279245579203e-01
   2.0487473502703917e+01    4.9714448732605163e+00
   1.7636273374143713e-01    3.9190649545528067e+00
   3.3059551706230351e+01    6.3442692185667660e-01
   5.5387160406115816e+00    8.8004750326116821e-01
   2.2061575585525254e+01    2.8484844751607681e+00
   3.2463449092894137e+01    3.1919210158209510e+00
   1.9532523478248528e+01    2.1441895184091897e+00
   9.1303888075807489e+00    8.1939658467315546e-01
   9.1317731157770741e+00    2.2177292977195568e+00
   3.4354290405180329e+01    4.7271809329167152e+00
   1.8619283468450796e+01    1.8393152848794254e+00
   1.4052270435713840e+01    7.6175908144611881e-01
   1.4832128307283741e+01    1.3825025233890982e+00
   3.6707296090759942e+00    8.6056600557331919e-01
   8.9349211603086633e+00    1.9127604935817411e+00
   5.8620219334242230e-01    4.3742681211175038e-01
   1.7160615563740748e+01    2.8349205858024740e+00
   2.8340463617542330e+01    1.1316322457100232e+00
   6.9838072594373983e+00    1.9856675346337123e+00
   2.9692790013166714e+01    6.1868064446297555e-01
   2.9520973580638579e+01    2.5484626937810431e+00
   1.7003062738414879e+01    1.6900861953253878e+00
   1.9438220217690770e+01    4.1222740243104230e+00
   2.4520546020021637e+01    2.0338318505786876e+00
   2.0277521044342521e+01    1.9011938136844269e+00
   3.3335390099127558e+01    2.8498932347114891e+00
   2.2340915184032415e+01    1.2210046575573485e+00
   1.7921733422566309e+01    1.3292084179475343e+00
   7.4120632175301209e+00    1.3074858156742191e+00
   8.6641252646214344e+00    2.3054098090407482e+00
   3.5140673553564312e+01    2.2792873425273537e+00
   4.2288179300729061e+00    1.4603920273918147e+00
   2.2639711686160844e+01    1.4801198463112983e+00
   2.7066441970808835e+01    1.2876247987152263e+00
   1.1290469977028330e+01    1.7492110449464553e+00
   1.9327350926676367e+01    6.3956432742688085e-01
   3.0483879333710927e+01    3.7176244300051497e-01
   2.7793896879392214e+01    2.5571079125353711e+00
   2.0809556827796783e+01    2.7118405547990045e+00
   1.8605777662951873e+01    3.2014587565814452e+00
   1.5051957400274727e+01    1.9806823601514481e+00
   1.4362122850828793e+00    4.4435681510191944e+00
   3.0300037496751550e+01    7.0234095352741677e-01
   1.2762535225976558e+01    3.4662748214263774e+00
   2.7447454011409587e+01    7.4063339667271710e-01
   1.8806571328975181e+01    3.9387652300205493e+00
   2.6591878762866262e+01    1.1737552218608858e+00
   2.8316923718302832e+01    2.6114026206780170e+00
   3.4430636667183144e+01    3.1339395286568825e+00
   3.2707436980301061e+01    4.0645312946321743e+00
   6.9614043006065627e+00    1.3741335002838377e+00
   1.0912402564515293e+00    2.5632560486147331e+00
   3.7245241110095556e+01    3.6230989583346722e+00
   1.7928013710129154e+01    5.1637074985180242e-01
   1.6147840940383538e+00    5.7263073322545610e-01
   3.6812142451852115e+00    4.1247516981282022e+00
   1.9735951135503125e+01    4.8612702575928823e+00
   3.0457846728303469e+01    2.3915082130769436e+00
   3.1408622897049394e+01    6.2983144202436014e-01
   6.5985780737643358e+00    2.0924790425159303e+00
   2.0051093415615718e+01    2.2155048904597572e+00
   2.3898520213953283e+01    1.6217489887260550e+00
   5.8938710117926618e-01    4.9140222470136443e+00
   4.0422311193728957e+00    2.0043397115193593e+00
   3.5024692312076468e+01    4.8334776861873374e-01
   1.0241765658220869e+01    2.2442192956805389e+00
   3.5877348145018132e+01    2.2199985641762336e+00
   1.1472345240075811e+01    3.5679373212377361e+00
   2.0517310814968489e+01    3.5536982605313168e+00
   6.7791123179783330e+00    8.4173327747933546e-01
   6.5122828696247659e+00    3.8784393228893166e-01
   3.3560825402460019e+01    3.4160750967255202e+00
   1.4039703200686171e+01    2.4244663078364801e+00
   5.9522379169981958e+00    4.3025437752745370e+00
   1.4319634579054579e+01    1.1409973998678968e+00
   1.8344112492872981e+01    8.0651766623303611e-01
   9.5828806246694072e+00    1.6144068273639516e+00
   1.0095684989754995e+01    4.1543774157928670e+00
   2.7790773385365732e+01    1.8686073890258488e+00
   4.1013204336598506e+00    4.5441333368386410e+00
   3.1121172489350705e+01    1.4730615394855346e+00
   8.5675233864675771e-01    2.2557490131218896e+00
   6.1455577458831980e+00    1.0831632392496708e+00
   3.5860466244924942e+00    3.0799801465787002e+00
   2.6485452577884054e+01    3.5621769341655298e+00
   1.2788471738512652e+00    5.6007507691307923e-01
   2.0202880192952701e+01    3.3460053641980028e+00
   2.3250998876001066e+01    3.9375784354885246e+00
   3.4564239057883452e+00    1.5003837397690774e+00
   1.0694101443320386e+01    2.3262765187687617e+00
   1.7408008088178970e+01    4.3969659150825597e+00
   3.5911052481794016e+01    3.2663880913399423e+00
   9.1604872831442137e+00    3.4491224817422559e+00
   2.5566722906029412e+01    3.5395934444204311e+00
   9.6964428946183077e+00    1.2985341938582924e+00
   3.2134680177632497e+01    1.8713922270368819e+00
   2.5700830497865287e+01    2.6470469142694902e-01
   1.4719190165291396e+01    4.5901965012810919e+00
   1.7599234805014547e+01    2.2514187448574536e+00
   2.9309647279641105e+01    1.7667813410502646e+00
   2.7467644455662722e+01    2.4851667951234817e+00
   1.2982037032356180e+01    3.1221541661211316e+00
   2.8102002021653185e+01    1.3880126884299411e+00
   1.0941198077827989e+01    6.6619283707773391e-01
   2.6006469573566200e+01    2.8329426900572234e+00
   2.4195869614523904e+01    4.7290215395398150e+00
   2.3111912531731267e+01    2.3740972789132613e+00
   2.5191355132352854e+01    3.8970637305232758e+00
   2.5193823101742037e+01    2.2124561776183116e+00
   3.1697968046860094e+01    1.4526679206514197e+00
   1.0076584866596697e+01    1.7458610191113486e+00
   2.4330218865660029e+01    2.8240136643372846e+00
   3.7817002257418785e+01    1.2730201093903550e+00
   4.1747106506001401e+00    5.3526823597835171e-01
   2.3895590332791372e+01    3.9051263981376656e+00
   3.7019192620074072e+01    1.1462523003801663e+00
   2.6497517466019858e+01    6.7906815441371371e-01
   2.0183088391403523e+01    4.3292642534145980e+00
   1.4973604604948161e+01    3.4268062919200148e+00
   1.9791419556227488e+01    1.8868539506045363e+00
   2.2304661056214499e+01    1.4798038339625637e+00
   2.8730180150024992e+01    1.3877070940707248e+00
   2.6175168696262546e+01    1.9416342131719211e+00
   1.6832632516912206e+01    3.2589163555540668e-01
   1.6147769584290945e+01    1.5184555264916380e+00
   3.1271900342273590e+01    2.2779269148366832e+00
   1.4887088196921550e+01    3.8914926273793573e+00
   3.0769283724381296e+01    3.8247162163786990e+00
   8.2209416119580325e+00    3.9927841706506837e+00
   1.2466021167396571e+01    3.4260129548825535e+00
   3.1720184528435613e+01    3.8902551224508626e+00
   3.2804031247138376e+01    4.9416533716073916e+00
   3.3652713972844396e+01    3.0300422511669347e+00
   7.6060961316337803e+00    2.1686732684707972e+00
   3.1418898650090224e+01    3.9906711264660593e+00
   2.0324655549159178e+01    6.6066138413593378e-01
   5.1868287027640267e+00    3.4611578760264563e+00
   2.0921281916215029e+00    4.2796615889258396e+00
   3.1031231464586863e+01    4.4142926014862534e+00
   1.9879821192220436e-02    4.3497138629960350e+00
   3.7674121671852120e+01    2.7429719811588611e+00
   3.0496551224341069e+01    1.3166249137307544e+00
   2.8110125199234091e+01    3.0203424845055231e+00
   2.5361523714849351e+01    6.2989327921420224e-01
   3.7383103935231013e+01    3.8910868490661392e+00
   3.5328422850154141e+01    2.9922915958044096e+00
   4.5995022703974202e+00    4.3367371867090618e+00
   3.2152319879429037e+01    1.2289146707043155e+00
   2.3971209238357016e+01    3.8494304548597635e-01
   1.3792141800162142e+01    4.6838953839749597e-01
   7.3262879614519196e+00    8.1827781628273721e-01
   2.4173461898620232e+01    1.5736206362517464e+00
   2.6455529638308366e+01    2.6070906671440142e+00
   1.6942149847825590e+01    8.2231433529932729e-01
   3.2462194652786337e+01    4.3900957980583311e+00
   7.9333270852463800e+00    2.9204084195397066e+00
   1.5870696730991856e+01    1.2126000039765197e+00
   3.1233496968946741e+00    7.3562691050413165e-01
   1.9819065285034849e+00    4.6625522451616810e+00
   2.8079731785154571e+01    5.3437928177681471e-01
   3.5560265930601545e+01    4.9156139160150483e+00
   2.9895690586750682e+01    2.6749332333094848e+00
   1.5168954276813823e+01    8.6988016391035217e-01
   3.5740523788883564e+01    1.6660943265953956e+00
   1.2670417364681311e+01    2.4546368530534650e+00
   9.6009836653605218e-01    4.2391976419277890e+00
   3.2504125395623753e+01    1.8876460983737875e+00
   2.0641694474212926e+00    1.0752728728135317e+00
   1.2590221203629399e+01    4.5069234655165227e+00
   3.8037235701601141e+01    1.6020797293732265e+00
   1.7690219531559400e+01    3.8669589280529344e+00
   2.1579866778470311e+00    2.7154075982970540e+00
   2.5703080117611133e+01    2.4612968025996405e+00
   3.9583251074962877e+00    3.7793764124322387e+00
   2.1382525795913992e+01    1.1089842024864911e+00
   1.1414576774633499e+01    8.7079199963224763e-01
   3.4058421881384675e+01    5.7266568819668151e-01
   2.0457084845697238e+00    2.3340634664413678e+00
   3.4144036824108184e+01    1.1682767864958832e+00
   1.1697333854268631e+01    2.4022590074115371e+00
   3.7881131404954935e+01    1.8125492339815610e+00
   2.3612290946852523e+00    1.6515277414239695e+00
   3.4446335483261130e+01    2.7719514980489932e+00
   3.1427463284030647e+01    1.8411149331053764e+00
   2.8402138591200529e+01    2.8193149690218000e-01
   2.5418605258973621e+01    3.1035005893902872e+00
   2.7770248043184687e+01    3.5972158201558382e+00
   1.0959419569632811e+01    3.5271845723475930e+00
   1.5090226148440212e+01    5.2575074131986266e-01
   1.8466173273449840e+01    4.4688171238177805e+00
   2.6019878334779193e+01    8.6108771375163873e-01
   2.2194056258449979e+01    3.7531471496335951e+00
   2.7969972319233648e+01    4.8499673573845241e+00
   3.2817915239928048e+00    1.9759251445996580e+00
   1.3991613475643321e+01    1.2128489891689447e+00
   2.9377166792990039e+01    1.2111681250517987e+00
   2.0998805553745648e+01    1.3219067392752963e+00
   1.1096169715431085e+01    3.1038119873783678e+00
   1.6458901176292468e+01    3.5377462254660847e+00
   3.5535708969188939e+01    1.1245241799023571e+00
   1.5070663637801905e+01    1.5311491569446545e+00
   2.3209080025845754e+01    5.1534526290269589e-01
   2.9407163467194735e+01    3.5457419134948926e+00
   4.9531194226416417e+00    6.7208625569189950e-01
   1.6102097403665180e+01    3.3513687735417443e+00
   4.8141524809001135e+00    8.7165003286032727e-01
   1.2082195318211195e+01    1.7380352537243713e+00
   9.5537949299134937e+00    4.4804563966466278e+00
   2.9435551775072359e+00    4.5797745633919007e+00
   2.1227541789921514e+01    1.7237639876348281e+00
   2.3690118561337599e+01    4.9324369235464838e+00
   9.8106920858852504e+00    2.1203627201067321e+00
   1.5305748187682219e+01    3.1853411278106663e+00
   3.3151512584121889e+01    1.9014299547801849e+00
   2.2738434743093883e+01    1.8278598729158295e+00
   1.7224125340393176e+01    2.2433155945531991e+00
   2.1247720817199834e+01    3.7651018639624363e+00
   1.6339814041947648e+01    8.2678826716351894e-01
   9.1517861212132914e+00    3.8666775947651999e+00
   2.8186534254598396e+01    3.7705390555059197e+00
   1.9658440342069166e+01    3.5755655253896848e+00
   1.3914634998660118e+00    4.0822011086997883e+00
   4.5739071729790242e+00    2.7304375223630575e+00
   2.0795998218789340e+01    2.1302642342272708e+00
   3.5151937350633929e+01    3.3424574441327688e+00
   6.2227217487071469e+00    4.6144862103415720e+00
   2.1973650132523549e+01    2.3260408533802877e+00
   3.0029441398123584e+01    4.2870408554560910e+00
   1.3512889731795228e+01    4.9755766288753556e+00
   2.4830058304428555e+01    3.1107439939202401e+00
   5.4111575109539940e+00    3.5232841138545945e-01
   7.0062278194377416e+00    3.6853252767349765e+00
   3.2026901081134703e+01    3.7255435684915899e+00
   6.7304993149231258e+00    4.7871049707748359e+00
   3.5186389499260201e+01    1.2972515443085497e+00
   3.3299643075274346e+00    3.2778405063476490e+00
   1.7144911990589926e+00    3.6729483721916210e+00
   8.2391797535177935e-01    4.5644072201493833e+00
   2.8384406602190904e+01    4.1007963161468899e+00
   2.3491538361306560e+01    2.9704304199992766e+00
   1.0468214693775449e+01    1.4155055249162405e+00
   3.0524859137687702e+01    4.9381938379555175e+00
   3.5750291486545123e+01    3.1923130544340411e-01
   8.2887841305527754e+00    1.0992178368053254e+00
   4.0698340820954311e+00    3.1652260355913100e+00
   1.3489373617919926e+01    2.1861519433517156e+00
   2.8562228363471753e+01    3.0086692461766020e+00
   2.2208703761430407e+01    2.6675240923618002e+00
   2.7384380458336548e+01    4.9715466270485553e+00
   3.6962791337365864e+01    1.8808414386718313e+00
   4.7819842029441366e+00    1.7022886580077152e+00
   2.9793435878941523e+01    3.5331576481464579e+00
   3.2089818126511318e+01    4.6203599584595452e+00
   1.6234883480666209e+00    2.0318184670700536e+00
   2.7762773730339102e+01    1.2996618104041924e+00
   2.9186417686267557e+01    4.6781406495790536e+00
   7.3542566955050930e+00    4.4945809070390688e+00
   1.6807907155121073e+00    2.8838531214403180e+00
   1.1871372791227433e+01    1.0841921465341491e+00
   2.3934695850069343e+01    7.1576356257944751e-01
   3.7963737974814677e+01    4.0936120420323334e+00
   3.4039624783766264e+01    8.8707859963028968e-01
   3.5292008884688812e+01    4.5973444313591543e+00
   2.3531807934308382e+01    1.8658049498453091e+00
   4.7484736217450081e+00    3.7082072252300322e+00
   3.1706917527993241e+01    2.1274170309913107e+00
   3.1785638520757594e+01    1.7667270628491647e+00
   3.7262309011736775e+01    2.8458601407873436e+00
   1.5751648128937038e+01    2.5748809550836040e+00
   1.3581214141868625e+01    3.3850519889142214e+00
   8.7675920745901266e+00    3.6156497628336779e+00
   2.2476546942006095e+01    3.3745109814918544e+00
   2.7212169664470007e+01    4.3056809696707994e+00
   2.7821296191826491e+01    8.8810755448549616e-01
   5.2747075364519009e+00    3.0309143653306192e+00
   3.0702511547175465e+01    2.6292813653847467e+00
   3.6668670086424200e+01    4.3397315820190585e-01
   7.2005656619104199e+00    3.4062993120401321e+00
   2.5692471369471534e+01    1.9501676407145179e+00
   3.0869630845981774e+01    3.2436867295702565e-01
   3.7097620101444221e+01    3.3312766104134748e+00
   9.8127442871082557e+00    1.8105151572060743e+00
   1.3243982394025323e+01    8.1149756036444820e-01
   3.5879133474454838e+00    4.6570304728631093e+00
   3.0242887450778390e+01    2.8249165091915134e+00
   1.7578927812476841e+00    1.1626566379309886e+00
   2.7467463211187535e+01    4.4085135666885158e+00
   1.7910368299845207e+01    2.9001139856742975e+00
   1.3793961380523289e+01    3.9818724445419260e+00
   3.7329840417767805e+01    1.5962335247069941e+00
   3.5915197319359166e+01    2.8451444867493536e+00
   2.1949449951573911e+01    3.5576532515598147e-01
   2.4596044095937152e+01    2.7121598495279988e+00
   3.5664142800249010e+01    4.1789074997439322e+00
   1.4177380024273599e+01    3.0545817065514935e+00
   2.5381135223337903e+01    4.6745604289892393e+00
   1.8440251507839545e+01    3.8326705654445306e+00
   1.4799587550524423e+01    2.3959994606862716e+00
   2.1246416427827214e+01    3.0816186251768451e+00
   3.4240020758500179e+01    2.3753145187114590e+00
   3.4237642222080375e+01    3.8604344123705028e+00
   4.6739189685150402e+00    2.1704028450138209e+00
   2.7274001145824627e+01    1.5808395894273040e+00
   2.6441911090183147e+01    4.2019135602693733e+00
   2.1872532365123053e+01    1.7837658036338768e+00
   7.0833861137742815e-01    3.4427202704025306e+00
   1.2362887828233937e+01    1.4040845065892746e+00
   2.5023365289216894e+01    4.7563323228485421e+00
   1.5225668099207594e+01    4.1900320097208059e+00
   2.3011587292665849e+00    6.3352881504699621e-01
   1.2338702394210101e+01    1.6680957222804744e+00
   2.4019077759512829e+01    4.3206092350902212e+00
   2.1724159738963063e+01    4.9748485113065248e+00
   1.8716465233783801e+01    5.7068803506214538e-01
   2.4597336116920387e+00    2.3077230784211911e+00
   3.3727077011180384e+01    4.6621252978743266e+00
   1.9174431966003560e+01    3.1479393085994696e+00
   2.0241884384579190e+01    1.1940454219314678e+00
   1.6284827512701938e+01    4.8283427508117045e+00
   1.9674888872826671e+01    2.8809963564879495e+00
   2.1389932558325256e+01    3.5379893118881878e+00
   2.7943848853734963e+01    2.2796225258796321e+00
   3.5971595272116389e+01    3.9634110535538021e+00
   1.7482434871291009e+01    4.7223043706477574e-01
   3.1746385058514306e+01    3.0718239631526623e-01
   2.9710413540915601e+00    3.4154437855889763e+00
   8.2960990814582356e+00    2.9519771160349797e+00
   1.6561294314921259e+01    4.1916976512048647e+00
   1.9794348010267544e+01    4.3422434985209044e+00
   2.9177296950512183e+01    4.2701310789160614e+00
   3.8342202127202536e+00    2.6486333279791734e+00
   2.9032876024760050e+01    6.2741881642058905e-01
   1.9674454552076412e+01    1.0464473423712171e+00
   2.2471771792289697e+01    2.3288907205770384e+00
   2.0269830284682733e+01    2.8676405890663883e+00
   3.2990758724482255e+01    2.1678261289395202e+00
   1.3717452902336639e+01    8.9996441582602638e-01
   3.3038860817914486e+00    2.2754338756736314e+00
   1.1323941217235074e+01    2.2538418550497634e+00
   1.8840555381634033e+01    3.5931900996945942e+00
   1.2916872270062851e-01    1.2825354919085032e+00
   1.0080145535617142e+01    5.5793972681391024e-01
   2.7966492996158759e-01    3.4677527963869146e+00
   3.3905706523429401e+01    4.3066067911868435e+00
   1.2102720660392237e+01    3.1280825254353042e+00
   3.2464686407539723e+01    2.3372784389785584e+00
   1.2251448639893351e+01    2.1539352383942316e+00
   9.1907308494292863e+00    1.3894187840198715e+00
   7.1847012996976209e+00    2.3846031302935761e-01
   2.6625031754900039e+01    3.2071438867613287e+00
   1.6708255517569746e+01    1.6000719116398145e+00
   2.8453492619625916e+01    3.3036141367097152e+00
   1.9195658976428444e+01    1.8847067982076522e+00
   3.7138086617261601e-01    2.7648687874395623e+00
   3.6010285972642748e+01    4.5447761125207284e+00
   2.2133026819576120e+01    7.8514366225740706e-01
   3.6616560634831885e+01    1.1165201669960798e+00
   1.3001806951370293e+01    4.6706227143755283e+00
   1.0397694418879293e+01    9.5558277948629267e-01
   2.1816331355181394e+01    3.9895619197920489e+00
   1.8887059098592157e+01    3.2882997872586319e+00
   1.9256609923600454e+01    1.5593910421202781e+00
   9.0167608900266600e+00    4.7869206817730294e+00
   2.2843926163263109e+01    1.0538516311046053e+00
   3.7616620553903395e+01    6.6089037059414102e-01
   2.1180609936407819e+01    2.7509630548270145e+00
   1.7209470226096204e+01    3.8111626974391952e+00
   1.1091862185974822e+01    4.2779712582337428e+00
   3.1901143103546907e+01    3.0143085181743112e+00
   2.3225524750944984e+00    3.0139407013023529e+00
   3.1500657985277229e+01    1.1412958586178537e+00
   7.9006621688859484e+00    1.7460068233938828e+00
   5.6192742149065884e+00    2.4975053576597501e+00
   2.1013894513085592e+01    3.8945692249080222e-01
   3.0051140785881444e+01    1.9656986272627173e+00
   2.4741270394121035e+01    4.8701260243910909e+00
   7.1002718195257435e+00    3.9487243998639041e+00
   2.9062797061506593e+01    2.8911095127791229e+00
   1.8950230171658408e+01    2.6961886910299508e+00
   3.2532733955973853e+01    4.8109850958638258e+00
   1.5355883929753386e+01    4.6805230867985852e+00
   2.0571501961635416e+01    2.2877226792279979e+00
   2.7112072764900894e+01    3.1208227648151610e-01
   1.4046368335441741e+01    3.3808233317256398e+00
   1.0609567307546039e+01    1.1757149455878895e+00
   1.5506372977619721e+01    4.2500475260896318e+00
   1.4332530527815464e+01    4.4055769304831705e+00
   1.6335351907624098e+01    1.8231888555238933e+00
   2.0554582480666795e+01    1.7127306707442902e+00
   3.5516351488390013e-01    4.5856043561568356e+00
   5.4004507671138950e-02    3.7730440431621770e-01
   1.7314456920837152e+01    8.3817322687836027e-01
   1.6617659443875887e+01    2.3094823390987340e+00
   1.8888205553146504e+00    6.6612962033676837e-01
   9.1748350905357459e+00    4.2352135458538918e+00
   3.6671787396255993e+01    2.5584913644585847e+00
   8.6087277242823834e+00    2.7862981161723162e+00
   1.4958206435873645e+01    1.0841572771902348e+00
   3.8036711947881500e+01    4.8993440133426729e+00
   8.8382664786462861e+00    3.4518081905956899e-01
   1.6780794218471748e+01    4.7814541866608540e+00
   1.7915640563673342e+01    4.3090777099611914e+00
   2.6320889730021744e+01    4.8898646418659206e+00
   2.3247586151945939e+01    4.5140431861526462e+00
   2.8710821717811509e+01    1.8799469186950719e+00
   2.8107085905396868e+01    4.0627378781716432e+00
   3.6183830174026227e+01    2.5997695320438616e+00
   1.7403607320095052e+01    3.1731085528572640e+00
   3.1780604586278724e+01    4.4923543590964918e+00
   2.2177352272880995e+01    4.2997044212087623e+00
   3.3696063274802583e+01    2.1723646142821456e+00
   2.3060730709342675e+01    1.4433433443248680e+00
   2.3206973593992377e+01    1.0266707634551271e+00
   1.1773535976964412e+01    2.7208503080450313e+00
   1.0007512644672918e+01    3.4702624377341764e+00
   8.9350248644965671e+00    2.7471535433263301e+00
   3.7610450630430428e+01    4.6543847792326352e+00
   1.2994884934681383e-02    2.8057570177641775e+00
   8.3451839861391317e+00    1.7826435625802857e+00
   2.8448576660553467e+01    3.7934710959779760e+00
   1.2868160319892580e+01    4.1922312996360116e+00
   3.6440818665796506e+01    4.4800325890273465e+00
   3.0316813314120420e+01    3.7809406806940862e+00
   3.1297505762540048e+01    3.5240221737056587e-01
   2.7834868596345164e+01    3.9498124851345073e+00
   2.8347124946639632e+01    4.4773394673806619e+00
   4.9320179989397213e+00    1.3034237511764803e+00
   1.0925459302338155e+01    4.6448874735912771e+00
   2.2554871194895622e+01    1.0076813849525352e+00
   6.3767962023726925e+00    2.6217643815957881e+00
   1.3525581602131295e+01    4.5671154775280776e-01
   3.5486571260999519e+01    3.8636560923803969e+00
   7.7520830857647134e+00    4.1678532993036281e+00
   9.4741662876513466e+00    2.4961063501083509e+00
   2.2812571344762706e+01    4.0409045788133504e+00
   1.6366974073618088e+01    2.9549431033797453e+00
   3.2337517482147696e+01    1.5473542682849541e+00
   2.2391035227763208e+01    4.8160491426137702e+00
   3.4428514536989397e+01    4.4398620582820438e+00
   7.4668884820065689e+00    1.6782037409329806e+00
   1.4289168381760611e+01    4.8647445857412874e+00
   2.4496948084493489e+01    4.3243124735836682e+00
   1.5046289347986336e+01    4.9526096239179278e+00
   2.4857162202639490e+01    7.4859944813773449e-01
   9.8906884498778993e+00    4.8090338872972049e+00
   1.1519789906041611e+00    3.5451780576512144e+00
   8.7416427179573652e+00    7.7482143261493341e-01
   8.6933536715625355e+00    3.3343574810673169e+00
   1.6909695194084669e+01    3.8286979814869051e+00
   3.2294689555372734e+01    4.7368853221791590e-01
   1.5516816655331789e+01    7.4674233447188110e-01
   2.6671958851340886e+01    4.3820472589502746e+00
   3.0066426688036948e+01    2.3823598862990996e+00
   2.2489656483337477e+00    3.7572999315103854e+00
   6.5352823653896874e-01    4.1766388041359965e+00
   3.5959118421472671e+00    4.4074425593094073e+00
   2.4785082559266513e+01    4.3458293324566712e+00
   3.1086716535066163e+01    2.7488821684547862e+00
   3.6398631041025752e+01    2.3474788875563379e+00
   2.9781203541841766e+01    1.6386371681553933e+00
   3.2268577031141575e+01    3.9663699052893078e+00
   3.4575391063741336e+01    3.7872297212709576e+00
   2.7918952237321601e+00    4.1446251786180355e+00
   3.5234992988169729e+01    2.5762771559620283e+00
   3.3875057654538395e+01    2.7945648146407969e+00
   3.7141607802577475e+01    4.0603828499320460e-01
   2.5934743380705203e+01    3.0804789732366609e+00
   3.0302377025174071e+01    3.1719197127839185e+00
   2.6365209474839206e+00    8.7975651311556957e-01
   2.7923718348599603e+01    3.3273809958943943e+00
   3.6929076535029729e+01    8.2197292018162882e-01
   2.4991529530652404e+01    1.6131933456532968e+00
   2.1240065735586342e+01    2.2678000106050038e+00
   2.8684619284903679e+01    4.5064010913480059e+00
   2.0290370849496863e+01    4.7745979127185887e+00
   2.4767685943892076e+01    4.0191753166380586e+00
   2.2865876724466901e+01    7.6775118553634203e-01
   1.9402747201233119e+01    4.8670592822435825e+00
   1.1664219870232142e+01    7.3492143660201825e-01
   1.0759642965782612e+01    9.7116000478249276e-01
   5.2253081892563067e+00    2.6338078629038160e+00
   1.3234838824320319e+00    1.6257805128161633e+00
   3.0617315226861848e+01    4.1188654389086601e+00
   2.0722644155602630e+01    3.1176492181420259e+00
   1.4146518989933947e+01    4.1726398184241109e+00
   2.6134216959015525e+01    3.7233705851891870e+00
   1.1952123626972440e+01    4.4879642468557339e+00
   5.4663562056483501e+00    4.3777020059063947e+00
   2.1208654783626429e+01    4.2795009425760462e+00
   2.6735891531768758e+01    2.1466719492998094e+00
   3.2246615052962966e+01    3.4669992284783926e+00
   3.2667853852909992e+01    1.1833849168393697e+00
   2.0666436485758997e+01    1.0049498261573058e+00
   2.9360088425788572e+01    3.8709095819047694e+00
   1.1762138506148002e-01    6.4885498106701334e-01
   2.0602080901555684e+01    4.6386132275109366e+00
   1.4625662783313773e+01    3.5422118800235349e+00
   3.1776318463650242e+00    1.5639260072290020e+00
   1.8549944850447996e+01    1.3243591054655695e+00
   2.5643786534616448e+00    4.4588998162154141e+00
   3.2789390404059922e+01    3.6185351177938117e+00
   3.5697151177268466e+01    8.9727153203298282e-01
   1.8352041106174749e+01    2.9980123647002399e-01
   2.3116169160508143e+01    3.0316615111908076e+00
   2.3169663871711357e+01    4.7899172095254254e+00
   3.3484709858489921e+01    6.8647377037042434e-01
   2.2583558722654860e+01    3.0165111380405052e+00
   2.4661697409611111e+01    2.2943276845828762e+00
   3.2628726928804241e+01    6.3411592821978746e-01
   1.2234166669974350e+01    4.0691807624841472e+00
   3.0050256446040564e+01    4.0345408997636252e+00
   1.7003713981686623e+01    4.1144702365999644e+00
   1.0611655662522626e+01    3.0034281887462950e+00
   3.5038203350355519e+00    3.4705918732686974e-01
   1.0589892054281432e+01    1.8490090100583305e+00
   7.7512291911900046e+00    3.4025231000493252e+00
   1.6489736998146071e+01    1.0663862326125941e+00
   2.3458889618993783e+01    1.5124625185575751e+00
   3.5955249969839500e+01    3.6315530854730325e+00
   3.6510746685124133e+01    3.9210812398758730e+00
   8.1163421429462304e+00    2.0544233636429303e+00
   1.7974925583936919e+01    1.8186376212260578e+00
   3.6519449749884188e+01    3.3074747867434255e+00
   1.8136803539888554e+01    4.5706857000245504e+00
   2.2716367157898238e+00    3.3630575674988510e+00
   4.1722423482158542e+00    2.3152780236514099e+00
   3.7495107788117664e+01    3.1286689773749705e+00
   3.1853598539051472e+01    4.1970596809974818e+00
   2.0718677232561681e+01    4.3949257016831105e+00
   2.9295609157691431e+00    2.4886355099259365e+00
   1.2901149192913387e+01    2.1413915508771191e+00
   1.6859697407125854e+01    4.5090812737565678e+00
   1.3265572369107870e+01    4.3218072645545258e-01
   2.9148615606947637e+00    3.7554983804552986e+00
   3.3315250555553810e+01    2.4567719700560646e+00
   2.5929646177157566e+00    3.6304626216660099e+00
   2.7214530124013024e+01    2.6341803417071565e+00
   1.8946024919268197e+01    4.6852633196003381e+00
   1.9410392292993649e+01    2.5905751092302021e+00
   2.8302914614497478e+01    1.6691741031224843e+00
   3.3350924320485291e+01    4.9888454845761370e+00
   1.6213659800192314e+01    1.2470376911013585e+00
   3.1551979665607309e+01    2.6677834004022869e+00
   8.3593543547137461e+00    2.1654627200113477e+00
   2.1133110564104367e+01    8.3966233338934182e-01
   3.8034438067064170e-02    2.2219887807401388e+00
   6.0840616381637735e+00    3.4049591494797582e+00
   3.4418590331631414e+01    3.4692419028978962e+00
   3.7361242331289326e+01    4.2747587118037007e+00
   3.2128548310742242e+00    2.7599732362095968e+00
   9.9068173053405797e+00    2.9408096021196370e+00
   3.0239358178438685e+01    4.6369041539518516e+00
   1.9695847584343404e+01    3.2154694302208351e+00
   3.1116388776903200e+01    3.0886433470683614e+00
   1.4391037290962482e+01    1.4168881681370715e+00
   1.3511355100097173e+01    1.7302074903668014e+00
   2.5824003482072044e+01    4.7329929342292303e+00
   1.2028589767210820e+01    6.0137304819258763e-01
   5.5002004003657206e+00    1.9951873412296013e+00
   3.0875968694125980e+01    2.0385694669903787e+00
   3.7525733823059035e+01    3.6491983530447945e+00
   1.8906488411190956e+01    3.3938283684071158e-01
   3.4161359704853602e+01    1.6054856508141986e+00
   7.7480300597053704e+00    2.7060416354367978e+00
   3.2811907056931624e+01    2.3398319405374011e+00
   1.1071639393626377e+01    1.5525556517277781e+00
   2.1501820338634619e+01    2.5619145540739647e+00
   2.4522385580088713e+01    1.0378367551071614e+00
   2.0675008731015961e+01    1.4287516893795771e+00
   3.4839910953231275e+01    4.4931773802684720e+00
   2.8686739036561008e+01    8.6044322552332908e-01
   1.5065496029576243e+01    4.4452484442875999e+00
   8.2307330949837905e+00    4.8772538320510419e+00
   1.1584559831289251e+01    4.8361925394165226e+00
   9.2072887928620997e+00    2.8983058222879636e+00
   1.1447765920420855e+01    4.0295777029578801e+00
   2.9725702297314808e+01    1.9029602575419573e+00
   2.6970875707412162e+01    4.9561923657563476e+00
   9.4075820148226779e+00    4.9053971589178069e-01
   6.6173980053323813e+00    3.2089573304985146e+00
   2.7508955827616418e+01    3.4108928842862394e+00
   8.1379054784208744e+00    3.9749717477797164e-01
   9.4742728460829522e+00    2.0710008586451139e+00
   1.2307551178427230e+01    7.6017716444403660e-01
   1.2555017913201755e+01    1.8601786646564513e+00
   4.5767901018320103e+00    3.2080713732528667e+00
   1.4509684871776921e+01    5.4164349374336807e-01
   8.9148015964408387e+00    1.2008430411656212e+00
   6.0209238646073997e+00    1.5954033203550262e+00
   1.5501192049590106e+01    1.3720389135418314e+00
   3.1063125735147278e+01    4.0092930210917919e+00
   2.2656469426652922e+01    3.8142364800545057e+00
   2.1950118320307880e+01    4.7235750717042944e+00
   3.1234949778991961e+01    4.7610480567251710e+00
   2.4149926756453567e+01    1.9606644549302050e+00
   2.1849259337669857e+01    2.5491325372075879e+00
   2.0524317507553942e+01    3.8864668274950436e+00
   2.5149163701923829e+01    1.9161884402699605e+00
   6.0283938960874313e+00    1.9514758833161379e+00
   2.6864142215524510e+01    3.5669545575598018e+00
   2.0864555249724589e+01    3.7970022711468148e+00
   5.0779569066349746e+00    2.3534101962556710e+00
   2.5374966726986790e+00    2.8088001648304006e+00
   1.8301423472624933e+01    3.4907063388282062e+00
   2.3144528925948737e+01    1.7844032513943839e+00
   1.7985445850521707e+01    3.6035648949919454e+00
   1.6145629852927687e+01    2.5636474605679758e+00
   1.0003584253921971e+01    1.3805726740795270e+00
   3.4996957150299721e+01    2.0633557668845848e+00
   1.8263874469580081e+01    1.5097488463562225e+00
   6.4407650365541453e+00    1.4622073739581363e+00
   9.2809768025621473e+00    1.8486791070569040e+00
   2.2242734433403093e+01    3.1181013303447016e+00
   3.3767022627521833e+01    4.9843398312764831e-01
   2.5541714974111613e+01    1.6559560529596296e+00
   5.8252716429091391e+00    5.8047438996338319e-01
   1.0922800574328100e+01    1.9544396348366684e+00
   3.6289579427543359e+01    1.2128942765023778e+00
   2.6720981438367588e+01    3.7704754058713257e+00
   2.4549248294706675e+01    1.5598397768012382e+00
   3.6793165061173077e+01    3.1781360652878003e+00
   2.6690149422172254e+01    2.4157365558977926e+00
   1.2904599022136670e+01    1.0444369558184714e+00
   1.4575512294316807e+01    1.6504483140259349e+00
   3.3640555370373647e+01    1.1664630097635984e+00
   2.3491217258889886e+01    3.4446929333676577e+00
   1.3179356132377439e+01    1.9662433121028520e+00
   7.5783738139536991e+00    4.9086790552294719e+00
   6.6765003539989172e+00    4.3157426544338477e+00
   7.5659212243814649e+00    3.1972193484082463e+00
   1.2132094633762229e+01    2.7682770398462262e+00
   3.4776619050514903e+01    3.2799445120938779e+00
   3.1245192708230196e+01    1.0479522899347544e+00
   3.6780621135802328e+01    4.0683520803954876e+00
   3.8047948629635933e+01    5.3596907649151937e-01
   1.5387728251048983e+01    2.1369818394962623e+00
   1.1093419175915225e+01    1.1289422161606835e+00
   2.2588894731259046e+01    4.4361817964504118e+00
   2.3997445446482004e+01    4.9206499436059676e+00
   2.2851288684896968e+01    4.5578280457000249e+00
   1.2764936120638707e+01    4.7859401539193298e+00
   3.3014785272273244e+01    2.8936617774990276e+00
   1.6375781793980618e+01    3.9146668504296782e+00
   2.5030928559324582e+01    9.9874760215975722e-01
   1.3031388333116093e+01    3.9297016742807065e+00
   8.3036661572241943e+00    4.3867274574927917e+00
   2.6313712734228634e+01    1.2496480872513633e+00
   2.1504525210251217e+01    4.1517148821245398e+00
   1.1421418872498704e+01    2.4285407870205628e-01
   3.0774541241283629e+01    3.2433623841036736e+00
   2.3859779088454825e+01    1.0918457534550612e+00
   2.7000573637442528e+01    9.3981531884723690e-01
   9.7776056928712274e-01    4.8524035970978714e+00
   2.8397146043255365e+01    7.9166499070103624e-01
   3.5938021754843589e+01    1.0610508424278784e+00
   3.0104291560718352e+01    3.3471594300688912e+00
   2.9903960282175053e+01    4.6214590801391360e+00
   3.1739633345033059e+01    8.5761852324190002e-01
   3.5230355317858397e+01    4.1940100167414682e+00
   1.8233281258441295e+01    4.9608314631895309e+00
   3.0864657802035254e+01    8.9238411539757267e-01
   5.7121684304892586e+00    4.9484786770054718e+00
   8.6636980794804384e+00    4.6070887242223435e+00
   8.3367468417508093e+00    4.6221481897106811e+00
   1.8604236847059124e+01    4.8537343882247503e+00
   2.9014126497870025e+00    1.6151013124278057e+00
   1.9185395591776999e+01    3.8879788630971119e+00
   1.3312498514134154e+01    1.2247155549380677e+00
   3.1544863560346542e+01    4.2371519578945733e+00
   2.9139854030191653e+01    3.3387269000412223e+00
   7.5639066040338920e-01    1.8585598803398624e+00
   3.8675392741668596e-01    3.0826322146867802e+00
   1.5960156339984332e+01    2.3385864614810600e-01
   1.0421197688657928e+01    4.3829488193948372e+00
   1.8523631102035722e+01    2.4438374414344501e+00
   1.8958659704730191e+01    4.2754545288479502e+00
   4.7244883177755348e+00    2.4603368953829333e-01
   1.1820239490981802e+01    2.4967297489589951e-01
   2.4296025026088948e+01    2.3655425396843426e+00
   1.7782004873463158e+01    4.8504451577805341e+00
   3.4856976476336072e+01    2.5895675136320451e+00
   2.5679365158091136e+00    5.6089208990206285e-01
   1.5941311195930234e+01    2.0465790456718786e+00
   8.3407085320116305e+00    1.3705371532170965e+00
   2.6727553334495500e+01    2.6908234251540353e-01
   3.6029440802138701e+01    7.0413308557828125e-01
   4.1911082806782582e+00    2.8266099319809563e+00
   5.6101867786610908e+00    3.9316739566800072e+00
   6.2301142398998932e-01    7.7824552607415265e-01
   1.9674908376825311e+01    1.4008212973334908e+00
   3.1934869322857853e+01    4.9065478390266009e+00
   6.8698563366375014e+00    3.4603946988307985e+00
   3.4707033540431723e+01    4.7587066730442462e+00
   2.3841475774997161e+01    3.4714646451822015e+00
   5.8163449957256201e+00    2.1628028027330828e+00
   3.0666889158630653e+01    1.7856531247122618e+00
   2.1682566748297258e+01    1.9431794531424100e+00
   2.7327209005535611e+01    2.0933401202706272e+00
   1.5451558654410805e+01    3.6402870712065476e+00
   1.5940842624255534e+01    8.3749049178442025e-01
   3.2879552157003523e+01    1.5390441853121766e+00
   2.6927027864220388e+00    2.0347009677864838e+00
   5.8196573455438374e+00    3.2344704159811557e+00
   3.4341229861699190e+01    9.5694225576239500e-01
   3.0101830251231139e+01    5.2153805362480354e-01
   9.3929240462820041e-01    5.2790011051269004e-01
   2.4418289409383338e+01    3.9736579787332249e+00
   2.9309537866965794e+01    4.8883207814465557e+00
   1.5073334734201342e+01    2.5735278057143787e+00
   1.4068080567296266e+00    4.8679623649514534e+00
   2.7073552843289473e+01    3.9594825676613996e+00
   4.3291403148946195e+00    4.8226245589755861e+00
   3.2181864631713974e+00    3.6420413369576088e+00
   1.2485898120549578e+01    3.8173286725417062e+00
   9.6555772603896823e+00    2.7750581996083548e+00
   4.8509522449727287e+00    2.5931809385902804e+00
   2.1908641402219363e+01    3.2388448774522711e+00
   3.4617408385304429e+01    2.0558977232281093e+00
   3.3815805458077413e+01    1.4870378670590225e+00
   3.1954484637004683e+01    2.5900794698110432e+00
   1.1022559721725603e+01    2.6091929127732922e+00
   2.9738567800809520e+01    1.1408022171692878e+00
   8.7028977868006354e+00    4.1449847657539802e+00
   2.5889539771754144e+01    4.3265160924351580e+00
   5.3644573268875917e-01    2.4703501782036059e+00
   1.1218052105776454e+01    4.7537311554198460e+00
   3.2037712480577270e+01    8.5525421046988792e-01
   9.8248025153420855e+00    3.7190010235030959e+00
   3.3210090227654216e+00    4.1750286301212469e+00
   1.0173477877608338e+01    4.8446633638805503e+00
   7.4231391102225732e+00    3.5883000666691220e+00
   1.9878205690284105e+01    1.6416703729393822e+00
   1.8362269764194470e+00    1.7375191113212742e+00
   1.6714593841421234e+01    2.8379358564218582e+00
   1.5156871311801227e+01    3.8069797081498740e+00
   1.7032567055580678e+01    3.2675859222809547e+00
   2.4371025512185444e+01    2.6775101859636596e-01
   2.3227845251076143e+01    3.5700972701605589e+00
   7.9502384791911744e+00    7.8615972544521828e-01
   2.9386231395285904e+01    3.3408331498520644e-01
   2.9161473974833086e+01    2.0127398458809904e+00
   2.4603647325456695e+01    2.4991014827646371e-01
   1.8491880495075062e+01    1.1019539623904810e+00
   7.6716105387808202e+00    8.7375603657714884e-01
   2.6038419977586123e+01    4.0023084964657709e+00
   3.7612845816605166e+01    2.1826559229511617e+00
   2.9188165910536110e+01    1.5039876981523619e+00
   1.7432462296818244e+01    1.2233970370591145e+00
   3.5415416392586565e+01    4.4755021513781990e-01
   2.1784208745124680e+01    9.7230013242996094e-01
   1.4475337378753121e+01    2.1192682603585240e+00
   7.3835488472222444e-01    2.9803498682844207e+00
   1.7569358484752691e+01    1.8833564079406737e+00
   1.5549150003715299e+01    1.7901864724162200e+00
   3.4518740034709047e+01    1.2723593995436624e+00
   1.4720073553717711e+01    4.9585678100788044e+00
   2.7012680863526608e+01    2.4441535964953705e+00
   1.6061429187959398e+01    3.6633525475717548e+00
   1.0614068925574157e+01    4.0363357433460081e+00
   2.5244476889045437e+01    3.5800815573485072e+00
   2.9441517144413226e+01    4.5181547242079159e+00
   3.0219849898430748e+01    1.1338126500460561e+00
   1.6542303128730993e+01    5.1361136218046111e-01
   1.0034746410972371e+01    2.6654562403691520e+00
   2.1217519588863030e+00    2.0881517236366554e+00
   5.4850495990788630e+00    3.6394516340744563e+00
   2.5357287065778394e+01    4.3289399161883937e+00
   3.3331385119503899e+01    4.3772901861106694e+00
   1.4219373084765213e+01    3.8801858739419992e+00
   1.1660388523767123e+01    1.4871382412959382e+00
   2.3369980403328849e+00    1.2493054352947266e+00
   1.5627730662830883e+01    4.5187070679353232e+00
   3.4243249859543702e+01    1.8899733059776507e+00
   2.5860113470582917e+01    3.5823185708513310e+00
   1.3862958916403487e+01    1.5660015181089217e+00
   3.4986915445242599e+00    4.9567096022861978e+00
   1.1917323260614312e+01    3.9688460568437787e+00
   8.3066588317475905e+00    3.5916221684866603e+00
   1.5768674644044550e+01    4.9133470280947913e+00
   2.6050373550217486e+01    2.4873675597312679e+00
   5.6092467810679850e-02    1.6379790271280339e+00
   3.6331728520024114e+01    8.2205379041990201e-01
   2.7034672335556817e+01    3.3945101914168379e+00
   1.1254907527601295e+01    5.8801730455639056e-01
   1.1628103697526577e+00    2.3020107853553933e+00
   1.3283586452536886e+01    3.2307812108525851e+00
   1.0213853057627201e+01    3.1937644291170262e+00
   6.6226402996016249e+00    1.6101214658671221e+00
   2.6696555296458065e+01    4.7619274492103010e+00
   2.8798458416491844e+01    2.8115166912754574e+00
   9.3885998670708037e+00    1.0428068496685241e+00
   1.0483107186007116e+01    4.7596215057220306e+00
   2.6229147677480826e+00    4.9347970976651254e+00
   2.0090119489777269e+01    1.4506763245363907e+00
   2.2780308876764504e+01    3.4128015170509460e+00
   3.9776561389702207e+00    2.8022388852152974e-01
   3.5280893032584508e+01    6.5029611249840746e-01
   2.2761654015623993e+01    4.0627300372418357e-01
   1.4125225856196590e+01    4.2190838899292066e-01
   1.5476068045095017e+01    2.4355835394919083e+00
   4.0442493075250976e+00    4.9823412815947306e+00
   2.3412630415579610e+01    3.6093632517457896e-01
   1.7649738744523496e+01    7.0379164191814569e-01
   2.8483185792583448e+00    5.0554270541136637e-01
   3.0848302034198124e+01    2.3795035019125588e+00
   3.3952140787124073e+01    2.1637535037400775e+00
   3.6078993802787012e+00    1.8310468738647230e+00
   8.2049725941427631e+00    3.2474645031547218e+00
   7.9353312400337055e+00    4.4963154309378455e+00
   2.2968791238278914e+01    4.2659980388915555e+00
   2.2253067271317999e+01    1.8735433278042228e+00
   6.1219217537723374e+00    2.3996134361911892e-01
   1.2969740950480368e+01    4.0748884970003968e-01
   9.8388848780691673e-01    8.8715680590777279e-01
   3.2720756308544672e+01    2.9264639829816104e+00
   1.9159261660718059e+01    4.7496406994376339e-01
   1.3346687596632394e+01    4.6821680350157919e+00
   2.2365867458197993e+01    7.1684931688435893e-01
   3.0850271938061007e+00    1.2868323179508765e+00
   7.1909368707757748e-01    1.1942477402393361e+00
   1.4400427752747863e+01    1.8520372199158379e+00
   1.5653964968126736e+01    3.2705771221117699e+00
   2.9420268251453280e+01    2.9576846520279374e+00
   5.1126240749535965e+00    4.9831467015972040e+00
   2.9587563086247371e+01    3.3590277083842364e+00
   1.4707029184284229e+01    3.1013531039983047e+00
   1.2621230182934365e+01    1.1280278591901829e+00
   3.7707717071659978e+01    3.6680464547244285e-01
   3.2901790045406827e+01    3.3261866458569328e-01
   1.1049922880406295e+00    3.2634994539995485e+00
   1.8964375803454259e-01    1.0235123525139997e+00
   1.2699650052987970e+01    2.8666499762182691e+00
   2.1477367081409913e+01    2.0859693213300301e+00
   7.5165447111355013e+00    4.3333188968787075e+00
   2.5948647353200805e+01    3.3284685578869846e+00
   2.1413126142662030e+01    4.5005841426797373e+00
   1.3918414493031184e+01    1.8735328146732475e+00
   2.8832874411364536e+01    3.3707508008365168e+00
   2.2483012279702400e+01    4.4630717297653977e-01
   2.4110531057732381e+01    2.6022562918707655e+00
   1.9605350457764612e+01    4.8581165168235163e-01
   2.9014518480672013e+01    1.0884486801695707e+00
   1.9498170276737323e+01    1.8112212970983852e+00
   2.2870330296059338e+00    4.7068154283830816e+00
   3.6265198953533101e+01    3.5123845576119281e+00
   2.6956970307794712e+01    3.0439153026890744e+00
   8.3315102559689702e+00    2.5959050763518805e+00
   3.4363379744254964e+01    2.9317840636321607e-01
   1.4768338339041058e+01    4.2316548272333119e+00
   3.0537198984633637e+01    3.4183012165315421e+00
   1.8175653126647752e+01    2.8608216105751851e+00
   7.6096782074820037e+00    4.0558027402020747e-01
   1.3197500083894976e+01    1.6232620233134196e+00
   2.9723797565349830e+01    4.3376396509974633e+00
   3.1185140847824872e+01    7.3720107347748531e-01
   3.4360228659206008e+01    6.1992528500072974e-01
   7.8829449268021232e+00    1.2609156424085235e+00
   1.0924411319191590e+01    3.8119172643330130e+00
   2.8653214992845744e+01    4.0900725419860251e+00
   1.5782412594698046e+01    3.6839637549175532e+00
   5.4302148204567358e+00    3.3449631846803025e+00
   4.5337541006910422e+00    4.3796578370740480e-01
   1.2311341614065828e+01    4.5574206024113124e+00
   2.1572126545252988e+01    2.4761038850717779e-01
   2.5157071859812387e+01    1.3229487760808119e+00
   1.7663034763110193e+01    2.7232285114697348e+00
   7.0266575444547090e+00    4.1987470623044185e+00
   2.9269244508599770e+00    4.8974944634226354e+00
   3.4999851353415337e+01    1.6302723788449602e+00
   4.2467482890199451e+00    1.1824628058401407e+00
   2.3875057855001067e+01    2.0099858337019580e+00
   2.1763367057599801e+01    1.4209513267615634e+00
   3.6692945904831987e+01    2.2039005821162818e+00
   3.1144373209296742e+01    1.9474153886524361e+00
   2.2729233137100231e+01    4.9325189354822383e+00
   1.3813360723563198e+01    2.8906343287731744e+00
   3.3483787462066324e+01    1.5629928598207852e+00
   5.1690196491743974e+00    4.3158349892176648e+00
   3.2867318868489200e+01    4.6380693989439132e+00
   3.4079746411802773e+01    3.1166216904086710e+00
   1.8757503074049222e+01    1.2181378551812891e+00
   3.3859832167207954e-01    4.9709520405143337e+00
   1.2755200295365172e+00    9.5631004078201154e-01
   8.3112218160153404e+00    6.1850410948989776e-01
   3.4038349412537961e+01    2.5979303049718854e+00
   5.4236153333063513e+00    4.7028456986691598e+00
   2.8618766649877743e+00    3.0351623838056581e+00
   5.1227685327840540e+00    4.0180749663599080e-01
   3.1668514630373679e+01    3.3763357470623983e+00
   2.6576667071047058e+01    1.4558482141276092e+00
   1.2175644208486961e+01    3.7776099210039797e+00
   3.1587398927141873e+01    4.8520460079325183e+00
   2.0514342401516577e+00    3.9767506944984374e+00
   1.9481393507953886e+01    3.7926210070615385e+00
   1.1717867759180786e+01    1.8611095762404337e+00
   1.1966465250169284e+01    1.3062485485993660e+00
   1.7942139362219076e+00    3.4018332769168538e+00
   3.3097545019878417e+01    3.7474545032786248e+00
   3.6969428405391682e+01    3.7468691454657121e+00
   2.5245403566834593e+01    2.6458063898735094e+00
   1.6201218151887609e+01    4.4749845736128719e+00
   2.5555438177839303e+01    1.1857323895735297e+00
   2.5816649523169296e+01    5.1260681586599455e-01
   2.7678388966651916e+01    3.2521026098429867e-01
   7.1232080462218992e+00    4.8965704971649986e+00
   2.4550222543224230e+01    4.6660504538157408e+00
   3.7586289457478074e+01    4.9577731886316769e+00
   2.4026753772246813e+01    3.0205979393170099e+00
   1.1358943759188888e+01    2.7839927911035152e+00
   5.2196624952102644e+00    6.8195784782427749e-01
   2.7378116344821358e+01    1.8669270957574435e+00
   3.3541276211625664e+01    3.5017067925858003e-01
   2.1247824997095019e+00    3.7954521396316798e-01
   1.3345794218353117e+01    2.6203573345912896e+00
   2.5796768764358017e+01    1.2742550930702448e+00
   2.0055439953069264e+01    4.5673682125676667e+00
   3.3310267521754319e+01    3.5832243650907207e+00
   1.0697878559155034e+01    4.5498281238763889e+00
   1.1820395998678226e+01    3.3429293933291859e+00
   3.7828848795911256e+01    3.4055275721133631e+00
   3.6804233818256272e+01    1.5028512810217090e+00
   3.4525398985269931e+00    1.1852007391129755e+00
   2.3655993223615408e+01    4.5694375868236232e+00
   3.5851952035956622e+01    4.7470068426781511e+00
   2.6543740515680447e+00    2.8102352392343027e-01
   6.1116873872652109e+00    3.7431500659197083e+00
   1.6751334617790640e+01    3.1107973207067721e+00
   1.9661668015990838e+01    2.3510458359129305e+00
   2.9085817488392014e+01    3.6633566862251254e+00
   1.0626618559432319e+00    2.3896497233432723e-01
   1.5941236985593939e+01    3.0575692910069505e+00
   2.8880624005699357e+01    2.6673434745464586e-01
   3.2326487733061789e+01    8.8582501579559703e-01
   3.6936643610795691e+01    2.9353157538386339e+00
   2.3381556264376744e+01    2.3582452850898457e+00
   1.1089907980452312e+01    8.8537000177848879e-01
   1.6986397285135894e+01    2.0565319361790850e+00
   3.0369581144593738e+01    4.2428401801718030e+00
   1.7934709765858180e+01    2.4234106658026433e+00
   3.4880755656339410e+01    2.2907575965582092e+00
   1.0478890516642091e+01    3.7692218220366325e+00
   3.6984509277707794e+01    2.5740539855411675e+00
   4.3537217276616245e+00    8.2413748346510585e-01
   3.3793037631759780e+01    3.2714528992215408e+00
   1.2186085983369894e+01    2.4271761268088325e+00
   2.2246071995707357e+01    4.5450616796032897e+00
   9.1028011150620269e+00    5.3749240538450893e-01
   5.2767021770935472e+00    1.7942210410329458e+00
   4.1320463195601311e+00    4.0385562022353501e+00
   7.4576140927984742e+00    2.5767335019595317e+00
   3.7585392273540521e+01    1.8245695007741316e+00
   4.8446524534112401e+00    3.2312795142325337e+00
   2.0422995661728631e+01    2.5391623011390407e-01
   7.3329183695757614e+00    4.0797904144675901e+00
   4.4354947156476801e+00    1.9706801387988946e+00
   3.7950730710549344e+01    4.3706034542444074e+00
   2.7689249839652017e+01    2.8891406554722669e+00
   1.9285235133705491e+01    2.2547520257961651e+00
   7.0912933202482726e+00    4.5593976418834528e+00
   3.4738187610458297e+01    2.4787393176961375e-01
   1.6958923762365320e+01    2.5702182149984085e+00
   7.4210355326128994e+00    5.3406159018136734e-01
   1.3195083966599741e+01    2.8588635518236751e+00
   3.7344267192568481e+01    1.0075017103113835e+00
   1.2560909547913605e+01    3.9779281734080740e-01
   1.7123453786425035e+01    4.9352988261375188e+00
   3.3384053051447580e+01    1.0002421793045042e+00
   3.0960865318850708e+01    4.8832945534256851e+00
   2.9081545636982046e+01    2.4178369938393920e+00
   3.4542845549909181e+01    2.4087611648516232e+00
   2.1244709114385078e+01    4.9607874126950353e+00
   3.0997978574023453e+00    3.9136767215292212e-01
   2.5511077522195418e+01    2.7783047115384711e+00
   1.5848656736818683e+01    3.9950027742816188e+00
   7.3223267468983808e+00    2.9322952504391266e+00
   8.0037046479573473e+00    3.4849051836417648e+00
   1.7158313140486374e+01    1.1149633197678621e+00
   2.6504478014998767e+01    1.8409502908143978e+00
   2.3576274196969308e+01    7.2661392244857403e-01
   2.6929196138020675e+01    6.1602397150838695e-01
   2.7814361806748193e+00    1.1585239309015818e+00
   3.7897457678940462e+01    2.3096341848637740e+00
   9.3813410496248490e+00    4.8034751525426698e+00
   3.0516122773417771e+00    2.2013543588788833e+00
   3.8712076433163927e+00    1.1264523166657059e+00
   1.0231567921174609e+01    2.8673001253632582e+00
   1.4984258069572457e+01    4.6899574563662751e+00
   3.7746148987423858e+01    3.8455678937565398e+00
   2.9732148606719758e+01    2.3898234957307976e+00
   3.2250031106969090e-01    2.2118530759237061e+00
   3.7164506924105481e+01    2.2639846479047274e+00
   3.4148599808375927e+01    4.2060025973701123e+00
   3.4786649338597208e+01    3.5863470979855507e+00
   5.7484292182091483e+00    4.5208819540668621e+00
   2.2833253670347453e+01    2.3690116350526247e+00
   1.8314728053942741e+01    2.1436069196985232e+00
   2.3487999099113892e+01    1.1550340946957192e+00
   1.6981994614222840e+00    3.9947745774975028e+00
   1.4792529005845019e+00    3.4773898172575715e+00
   3.0557450319419118e+01    4.5626310718632599e+00
   1.5677615707163401e+01    3.0550322095897825e-01
   2.2691596603915130e+01    2.6411646760502649e+00
   5.0547395369339991e+00    3.8557365175170224e+00
   1.2852321170165832e+01    1.8159102010841988e+00
   1.6999732311719873e+00    4.7291009350855076e+00
   1.8987207374547943e+01    1.3698619342982430e+00
   3.3238017575173686e+01    4.6930529312337343e+00
   1.9950589786318815e+01    7.6968522107001192e-01
   2.1792850443645104e+01    2.9560036927693352e+00
   3.5433456164208913e+01    2.2399971556817473e+00
   5.8574603762783255e+00    2.7314294671915720e+00
   2.3552164400403619e+01    4.1061580605151375e+00
   1.6508966989392890e+00    2.4974120238906372e+00
   2.7502170814625291e+01    3.9091802328993914e+00
   3.1354196275276902e+01    3.2166470436022796e+00
   3.2984547414475578e+01    2.6096321808793013e+00
   3.5193091263476632e+01    1.0229896453503839e+00
   1.3083564859435448e+01    3.5167518359030558e+00
   2.7216210797847253e+01    3.6656459323877284e+00
   1.5265174162018662e+01    1.2078179565045069e+00
   1.6763025124293968e+01    3.4214730424180768e+00
   7.8718837810354731e+00    4.3876048602477069e-01
   7.2438659660183564e+00    2.1203987787188558e+00
   2.7834268729460092e+01    4.3752963066006778e+00
   1.7723909597116766e+01    3.1664457490673845e+00
   4.6328425483888900e+00    4.9139319577711493e+00
   9.9471358761926520e+00    4.4946568774923179e+00
   2.8223087602297920e+01    3.3829661551862400e+00
   6.9300956257127027e+00    3.1804281656941074e+00
   3.3851652856167540e+01    4.9413394523707055e+00
   2.9744140235933830e+01    3.8238867731583857e+00
   3.6256008764514270e+01    1.8268459028400679e+00
   1.9244926552706382e+01    2.5476453227378293e-01
   9.5733269952856270e-01    1.4142034665093122e+00
   1.6454949951591892e+01    1.4764989051779762e+00
   1.0062119559506026e+01    3.7744733450271868e+00
   2.6262260710102748e+01    4.6437335980033030e+00
   1.6264610428840902e+00    9.0846240317596838e-01
   3.2382651162128020e+01    2.7169020327296161e+00
   1.6195826009823918e+01    2.2932997762836940e+00
   3.0788241611061693e+01    1.2743533741951110e+00
   2.4261118577006496e+01    3.6509900569591029e+00
   1.2802576935189364e+01    7.0052291445786796e-01
   9.8299296884486118e+00    2.5238178299027370e-01
   1.4395167857309110e+01    2.6690779902048569e+00
   1.7846013191349179e+01    9.6614386175604294e-01
   2.4553072981269718e+01    3.1162076347887120e+00
   2.8473208308009657e+01    1.4608163582891074e+00
   3.3167201410346905e+01    3.6208286535623491e-01
   1.0797037839667464e+01    2.7807166901803364e+00
   1.4035654455992383e+01    4.5968691997824767e+00
   3.5620779702779593e+01    2.5572057179529533e+00
   2.4615523357800772e+01    5.6186744681758560e-01
   7.9350529512725887e-01    3.6993232965606131e+00
   3.3453141923126303e+01    3.9436431325102803e+00
   1.6132013207631601e+01    4.1239333864583338e+00
   2.9982369210961128e+01    1.3812701085285417e+00
   5.8064864379728220e-01    3.8887959379280423e+00
   1.2390557818112784e+01    2.9248996671490346e+00
   1.1723868806567948e+01    4.3361277105368519e+00
   5.1751139351892155e+00    2.0904423017796536e+00
   2.4840411122049389e+01    1.8610097728522588e+00
   3.2234210509826418e+01    4.8789792699406949e+00
   2.5523914483253094e+01    3.9693982102882717e+00
   1.7287636068460174e+01    1.8710890587848139e+00
   2.2002999844822064e+01    1.1376931370735071e+00
   3.7673763939974577e+01    4.2097381839588683e+00
   3.6074084503616540e+01    1.4425060995050976e+00
   4.4286667938595387e-01    1.2874317566993951e+00
   1.6746821107080422e+01    1.9012173136242545e+00
   3.0906859222317244e+01    5.9428136098670825e-01
   2.9783332331937487e+01    2.4134114163468473e-01
   2.5886217907790250e+01    1.5767020301836008e+00
   3.7062142327913726e+01    4.3354306566536644e+00
   1.1268999880181340e+01    1.3040780865455681e+00
   3.1432229871015931e+01    4.5898451914518867e+00
   2.7304086301584142e+01    3.1862742276481546e+00
   2.4292775945339500e+01    3.3139593430140040e+00
   1.3682682505537398e+01    4.5753378794080426e+00
   1.2654703325970244e+01    1.5231056603338087e+00
   1.0049166525871065e+01    9.0779346359326307e-01
   1.0732653237319829e+01    1.4247093667341229e+00
   1.9076446731067943e+01    8.6222655698944017e-01
   1.0987899689016244e+01    3.4073470180027049e-01
   1.3840149227844865e+01    3.5060466143262659e+00
   2.6001942267344749e+01    2.1718111288572572e+00
   3.4522000056726029e+01    1.6769859778567702e+00
   2.2437505645211456e+01    4.1106704770986013e+00
   7.6864411890655733e+00    3.7435194526257041e+00
   2.0711938838884386e+01    5.0456415649996822e-01
   3.3773528876044558e+01    9.9357989879263753e-01
   1.1702678901311212e+00    2.0247829466231910e+00
   1.9898687743102307e+01    3.5947271099290701e+00
   9.8113614060337824e+00    8.2314515807076427e-01
   5.8646768557760065e-01    1.6297941978831232e+00
   1.7584333274344484e+00    3.3231139097976470e-01
   3.0646718218376158e+01    2.9080602001455738e+00
   1.9229479861488901e+01    1.1747584885227584e+00
   2.0955186050050177e+01    2.4078763017327280e+00
   1.1779238755884531e+00    1.1910959892001842e+00
   5.7940985445912073e-03    3.2603007030807416e+00
   1.6376412581839148e+01    2.4427778782988263e-01
   2.0988582604213342e+01    4.1009721851297698e+00
   8.0046094432114412e+00    2.4970820257477535e+00
   1.8799506600101083e+01    2.2477311095629204e+00
   2.5649901276044474e+01    7.2955365075126477e-01
   2.6771362645397275e+01    2.8207549267299701e+00
   2.0072363239696163e+00    3.0979095541111712e+00
   3.2820384160731798e+01    1.8649580481676744e+00
   1.4686548082880595e+01    3.1094770033805180e-01
   1.8139592611694411e+01    1.0649395591913418e+00
   9.6239669870777913e+00    3.4248313455599244e+00
   3.7911664201268657e+01    3.0850892903791642e+00
   3.0007445644727820e+01    3.0349589238003083e+00
   1.3889267432035640e+01    4.8289218768591979e+00
   3.3841384238735969e+01    3.6123570597262882e+00
   1.7178336135775556e+01    4.6626611345589799e+00
   9.4814526961197689e+00    3.7259580998188331e+00
   1.9711200561225944e+01    4.5590043746718019e+00
   2.4897886551804781e+01    2.6315502988463244e+00
   3.3083954062775668e+01    3.3337400130127364e+00
   3.5458128722491522e+00    3.4928997299730908e+00
   2.0120958641581861e+01    2.4975539498850394e-01
   7.2610851425758742e+00    3.7743470923140232e+00
   1.6798389679490874e+01    5.9036091930447743e-01
   1.4634473833627291e+01    9.0750466170117061e-01
   1.3448774379770319e+00    3.1229204829848634e+00
   1.9942639766189270e+00    3.6936151421481860e+00
   1.5082716157548328e+01    2.9974593943129859e+00
   2.3439939343629931e+01    4.8198498059589729e+00
   6.1301885949530028e+00    5.1755659772633200e-01
   2.7620725632519360e+01    2.1331288007790956e+00
   5.9503479319590209e+00    4.7502991176489848e+00
   8.1783629557998649e-01    2.8868782474408577e-01
   3.6051757657951143e+01    4.2341919168908584e+00
   2.3848678458983610e+01    2.3721076807688251e+00
   1.5843006285699799e+01    4.4073681586901960e+00
   2.1318876161320077e+01    1.4006488058723268e+00
   2.0039324417410533e+01    2.6167861524398699e+00
   2.9896399390603786e+01    3.2701819996417121e+00
   1.7433174430622334e+01    3.6473147424832240e+00
   1.3144212305360288e+01    4.4211156710600985e+00
   1.5617202309222268e+01    2.8489006238927770e+00
   2.1024259223388523e+01    4.8390870279565084e+00
   2.0478224325981873e+01    8.6495773521884256e-01
   8.5005552178607537e+00    3.0729326383082820e+00
   2.8528499289917104e+01    4.8094197810459534e+00
   2.8806433173400158e+01    4.9148215779628837e+00
   1.4354845480798765e+01    8.8542299556992188e-01
   2.6268452991818062e+01    2.9111316517951926e+00
   4.9017587343142779e+00    4.1802266360423550e+00
   1.9291824155295629e+01    4.6089960725773835e+00
   8.9839979779657337e+00    1.5428449913695641e+00
   3.7233472587597660e+01    4.5350628357724529e+00
   1.6792728762811745e+01    1.3043412002443264e+00
   9.0204680768905643e+00    3.2150462885917523e+00
   2.8946476165018005e+01    4.6983686747076225e+00
   2.8846242261751112e+01    3.0625643602007213e+00
   2.3009051297135056e+01    3.6269470021253567e+00
   2.6148919168333606e-01    1.5282935812604965e+00
   2.9436794322498066e+01    2.1983930334655009e+00
   2.7058249339964465e+01    1.8732003904232157e+00
   3.5039066283368619e+01    4.9506188840760093e+00
   1.2339661420094565e+01    1.0742860180529556e+00
   2.6250406560293737e+01    3.5793694793555247e-01
   1.0430282270659722e+01    2.6389186241090452e+00
   3.4098518772642421e+01    4.7825224349377162e+00
   6.3885575892613327e+00    4.1946838561091981e+00
   3.2371229905947407e+00    4.8054987637579094e+00
   2.1042448842805321e+01    1.9483898274529008e+00
   9.7955208291851814e-01    3.9182750426077906e+00
   8.5516523643528028e+00    4.9689003625693404e+00
   2.7548243065076868e+01    4.7326371051808280e+00
   8.6294761731796044e+00    1.4718570962132749e+00
   1.0603414985242578e+01    6.7524483313057626e-01
   2.0481449145659845e+01    2.5527832576168858e+00
   2.1034057842023540e+01    3.2711751813091650e+00
   3.6697456561298498e+00    2.2171564034374831e+00
   2.1700326804036639e+01    3.5118309770455829e+00
   1.2175598540587702e+01    4.9512344493014551e+00
   1.7045118592267979e+01    4.3432420556806663e+00
   3.7126906544673965e+01    3.0973280495272579e+00
   2.7326513521486461e+01    1.2449842530394146e+00
   2.3856013865302277e+01    2.7005723812223752e+00
   1.0268645974008342e+01    3.3964750610228867e-01
   7.5723175845215973e+00    4.6104136802835862e+00
   1.8277197603481962e+01    2.4258539935545214e+00
   6.9536464662197357e+00    4.0068885192946635e-01
   2.9310434099488774e+01    9.2438151929715084e-01
   3.3977453647410893e+00    3.8661330526372506e+00
   2.3078449378548349e+01    2.6529120473285517e-01
   5.8363384971631955e+00    3.4849687381349015e+00
   5.4512905559653220e+00    4.1340921155073103e+00
   3.7364169833914815e+01    1.9363071954354032e+00
   3.7482151900238996e+01    1.2229170959803266e+00
   3.0086445401960574e+01    3.7938359634647734e+00
   1.3357534674121263e+01    3.5614755513460588e+00
   8.1857516413343383e+00    9.0490967846716608e-01
   2.4868010707250210e+01    1.2506844155694714e+00
   2.8739070167747649e+01    2.2151369308756141e+00
   4.6669188406901050e+00    1.2290176613312929e+00
   3.5815419143670304e+01    1.3314133687794196e+00
   1.8170012189674551e+01    4.2003610895481680e+00
   8.7657810569600887e+00    4.9130381037845874e+00
   2.2832744663553616e+01    2.1224931751779490e+00
   2.1280074620996555e+01    5.2842394985964158e-01
   2.6304867908697958e+01    2.3558946251168829e+00
   3.3774644409625445e+01    2.5245334281296201e+00
   1.3460163287855616e+01    3.8619331757393489e+00
   3.5513520554343167e+01    1.4465059890608225e+00
   1.1489776582081975e+01    3.1633680656523455e+00
   9.2164980101722893e+00    4.5491843492090061e+00
   1.3032862074281804e+01    2.5704584471768088e+00
   2.0861514528765515e+00    4.9526271775167059e+00
   8.5511842683853843e+00    1.9840449446588513e+00
   1.3670414490391341e+01    2.5700125667395528e+00
   6.3880357383708279e+00    1.7264124403675496e+00
   2.9900946676531163e+01    4.9280431959303685e+00
   1.8157863577056766e+01    3.1434334567765241e+00
   3.2643987142766406e+01    2.8037427386520819e-01
   2.0317899078605087e+01    2.2617731323123231e+00
   3.2030835656080335e+01    2.2784579944484968e+00
   2.6184850766612996e+01    3.1946225574865625e+00
   2.5435030955781492e+01    9.3102810146864690e-01
   2.2093121638353811e+01    1.5493468633852794e+00
   3.7731968628996285e+01    9.7464712945683674e-01
   8.8850903466065176e+00    2.3928630274216633e+00
   3.2984992200786088e+01    4.4178601682623153e+00
   3.4129434989027011e+01    3.4366998617289113e+00
   2.3660215601467840e+01    2.8321582569863507e-01
   8.4874019114592461e+00    2.3475054602428672e-01
   3.0794649388176643e+00    3.9661883278190202e+00
   1.5434933636250953e+01    4.9363645531657756e+00
   1.7244595500529279e+01    2.5790276003364312e+00
   1.5316804576376031e+01    2.7273753945762040e+00
   1.0184500966792273e+01    4.6114336918418539e+00
   5.0609175474307939e+00    1.0129184940123848e+00
   3.6015473560574335e+01    1.9045600135671883e+00
   3.7920480008655011e-01    4.2886894190486569e+00
   1.7378242132006996e+01    1.5619580061952574e+00
   1.7472498773250926e+01    4.8536533752742921e+00
   3.2221609975288871e+01    3.1996727135838152e+00
   9.4136734465937923e+00    1.2840527127199670e+00
   2.1593993857682086e+01    3.8370312789751400e+00
   2.7986016023092503e+01    2.7689373215563631e+00
   3.6254528839153870e+01    3.1448975886550974e+00
   2.3354423823728773e+01    4.3074022213363543e+00
   1.4628210195819383e+01    2.8236913726524016e+00
   2.2961033879599366e+01    2.6765470226995927e+00
   1.8389848893982080e+01    4.1846413423496935e+00
   1.7254740434067021e+01    3.0045219431739556e-01
   3.8562632514200450e+00    1.8613911949525384e+00
   1.4134387978485668e+01    1.5346136855230106e+00
   3.1741961932188048e+00    1.0081428685887053e+00
   6.7609474353403005e+00    2.8772637668550822e+00
   8.6322885546423791e+00    1.7301338033085158e+00
   3.0603941667987865e+01    2.0388944702067806e+00
   1.2501563161410399e+01    4.8862377068208209e+00
   3.3800088089415354e+01    3.9358504287795379e+00
   1.0190891618444997e+01    1.1507777513432109e+00
   1.4192208771729215e+01    3.6337039008160033e+00
   3.4150514530193874e+01    4.4672697907352426e+00
   5.5461151917063027e+00    2.8565979483130848e+00
   2.7599616121793613e+01    1.5767869439337878e+00
   1.6138091319598768e+01    4.7531139810300144e-01
   1.6520885359685238e+01    2.6588541843994347e+00
   2.9733061488997677e+01    3.0709750552640562e+00
   5.3245098077170088e+00    1.3303342268057552e+00
   1.0716603824973571e+01    2.5110086358792277e-01
   2.6314296427066054e+01    1.5276545636659524e+00
   2.4181822454135833e+01    9.6060810366332294e-01
   1.0134078848936165e+01    1.9603225641052229e+00
   1.5891876170688343e+01    1.6274989578087420e+00
   3.1677083069972376e+01    3.6456576637302760e+00
   1.9024396742886123e-02    4.8069006731237414e+00
   3.7228536648819279e+01    7.0459799430689585e-01
   1.3694050482502202e+01    1.1943975880337838e+00
   2.5430197769776456e+01    2.0166527285744791e+00
   1.7826765598932852e+01    4.5600644407833792e+00
   7.1606823632231711e+00    6.2922417789102048e-01
   1.5934474330845156e+01    2.8022821663377595e+00
   8.8287294990174470e+00    3.0104134269332428e+00
   5.8709005341720619e+00    9.8200722498354520e-01
   1.1670668082466225e+01    2.1180841773580177e+00
   2.6413065151898349e+00    1.3898964417036961e+00
   6.8515882255188503e+00    2.4643727734684568e+00
   1.2295190400360802e+01    2.9395456561065320e-01
   3.5592879946282594e+01    6.2956320971522617e-01
   1.9415953786850427e+01    2.9052730311688491e+00
   3.6754544765324745e+01    3.5670752920684712e+00
   2.6803448625993123e+01    1.8833285790645620e+00
   2.2140703308017393e+01    3.5261630860967452e+00
   2.1523347044648400e+01    8.5183763318575534e-01
   3.6778096557246350e+01    4.5123352542910427e+00
   2.0022394470881665e+01    3.0810500598310555e+00
   2.7144955079490096e+01    4.5527515829899681e+00
   6.3915612050522590e+00    3.9363795579914873e+00
   3.3776863108397841e+01    1.9138048137822197e+00
   2.6777010717979735e+01    4.0674174107239622e+00
   2.9549803820583008e+01    8.9993563553534683e-01
   3.7461596588499063e+01    2.3799151314253697e+00
   1.1529941975188612e+01    1.1337549943232401e+00
   2.1623725562929619e+00    1.4918616340598385e+00
   2.3342739025712852e+01    2.6794042157885158e+00
   1.4817095005696022e+01    6.6455736494962347e-01
   3.1819797157989662e+01    1.1753381854189928e+00
   2.4862618565186519e+01    3.5247433852784935e+00
   3.5568880038099508e+01    3.0810796488241183e+00
   1.5571666656587004e+01    1.0102146689518101e+00
   1.7082250875732081e+00    4.2407377442596115e+00
   2.4327224764014780e+01    6.2568505365346672e-01
   1.1416187995204274e+00    2.9008797792600167e+00
   3.4864053573599556e+01    2.9047193078903191e+00
   1.5816724885382833e+01    4.6549083426693620e+00
   3.6137208481661681e+01    4.7585252382861434e+00
   3.2122230442303966e+01    4.2527096791921313e+00
   6.0691648645665497e+00    4.0358341100150721e+00
   2.0804194655291980e+01    1.8005329631301756e+00
   3.3065211195787626e+01    1.0731934611338836e+00
   2.2573335297415266e+01    4.6928421453362112e+00
   1.8979166970034445e+01    2.0387259746868018e+00
   2.3492646283570906e+01    3.8746761370377119e+00
   2.2428165608398178e+01    3.6285412399460939e+00
   1.3924767088101191e+01    4.3301206216671844e+00
   3.3395569924792269e+01    2.2298117870248695e+00
   3.6563454576479671e+01    1.3645675025106763e+00
   6.1913402905988404e+00    2.2189192794903838e+00
   1.5689773358219579e+01    2.2276081206026506e+00
   8.5613491816290530e+00    1.0683892457024382e+00
   3.5225815643247564e+00    2.4834403582485320e+00
   2.9345258726918388e+01    6.7794264049400887e-01
   3.0024047353230760e+01    8.7911145403851920e-01
   3.7550090511705093e+01    3.3638993315378194e+00
   3.2185813953585409e+01    2.5051615333999955e+00
   1.5156182963361337e+01    2.5445618119085617e-01
   4.4877756121451364e+00    3.8705079422449216e+00
   3.1060017939461165e+01    3.5603525967315419e+00
   1.3803121599983235e+00    2.6746751145372079e+00
   2.5765183703532177e+01    3.8750777766975597e+00
   3.3653174933202550e+01    4.2656158080888931e+00
   1.8022410209314572e+01    3.9794555185443081e+00
   1.2521469132707724e+01    3.1572035652424151e+00
   1.6645548734812641e-02    3.6478166136678025e+00
   1.7424958965828335e+01    2.8219267364825504e+00
   2.5268664225898409e+01    3.4925421490481162e-01
   3.2355013996051760e+01    3.6936358829857667e+00
   1.1785633688902811e+01    3.6528953122020935e+00
   2.6385712934485191e+01    3.8511644948108779e+00
   2.9611084908610081e+01    4.9531816619268909e+00
   3.9035247225107916e+00    4.9991281911836916e-01
   2.1812370616335141e+01    4.2709746030719806e+00
   2.8597716602562492e+01    2.5228930467023392e+00
   8.5326226458725309e-03    2.5516032181282937e+00
   2.1502285104651044e+01    3.2752600797565337e+00
   6.7403369415554284e+00    3.8148161769507403e+00
   3.6350731123189199e+01    4.2018759318232117e+00
   6.3830541316931928e+00    4.8980118902353986e+00
   2.0002332467595203e+01    4.8044530164355788e+00
   2.8429346193599365e+01    5.2558425328462210e-01
   1.4458819870439443e+00    2.2725096554283981e+00
   9.2025945133839766e+00    2.8084711263424639e-01
   3.2252461971190129e+01    2.9804123762215333e+00
   5.9940682855986935e+00    3.0215851270726843e+00
   1.1213553341992041e+01    3.4945934857576328e+00
   3.1988116666273402e+01    5.5523176785703787e-01
   2.0226464808676894e+01    9.0517792980459155e-01
   1.5248562463662759e+01    2.3444074834774469e+00
   1.4992385052811638e+01    4.1830915831600066e+00
   1.8478285732314038e+01    2.9182407641588841e+00
   2.4974447833499953e+00    3.9493042394723239e+00
   2.3295218722288901e+01    3.2599282718481293e+00
   3.3071212718882073e+01    4.1230738785376735e+00
   3.1788905202676549e+01    2.3987515224654401e+00
   4.9468139225927449e-01    1.0404635631584631e+00
   6.4065274319129397e+00    1.0198598244170227e+00
   3.6643918085025163e+01    4.9480352226753634e+00
   1.0294381262363320e+01    1.6301808527635264e+00
   3.1535968785551049e+01    3.0234012347706609e+00
   1.9485185846421619e+01    4.4263248561023794e+00
   1.9875329088337995e+01    3.9433822546357562e+00
   2.0471675263803590e+01    4.4000494496971916e+00
   4.2187698029674507e+00    3.5844935996950555e+00
   2.3840274614105161e+00    2.3372737010873643e-01
   3.1428558362198327e+01    1.4142517032279056e+00
   1.6590478481084954e+01    4.9338404027463527e+00
   3.5683018389569277e+01    4.5832800979381334e+00
   3.8016390208417995e+01    2.5471016001001754e+00
   7.8713538431211418e+00    4.8138841987644660e+00
   1.9219158916256092e+01    4.3069659501862336e+00
   2.6331752981558267e+01    9.6299629694098998e-01
   1.5152016243261126e+00    2.4749694468834260e-01
   2.4996877907645974e+01    4.1242677135375017e+00
   2.4200061547110163e+01    1.3063924024820359e+00
   1.2774119649755566e+01    3.7808700381624178e+00
   9.8468805660979744e+00    2.4237632600415147e+00
   1.4545741105364705e+01    1.2409982065656529e+00
   3.8022389352976020e+01    9.6903730374000419e-01
   4.4187494386864437e+00    1.6612788369013205e+00
   3.5037211024961181e+01    7.9550675515557290e-01
   3.3812726680535626e+01    7.6325551384927337e-01
   1.4403060792564583e+01    3.2754398971098708e+00
   3.6698577803366796e+00    3.7524556615256301e+00
   4.0529679279133407e-01    2.8794038394538135e-01
   1.1028434230975233e+01    2.2974706350372744e+00
   2.8873527880144515e+01    4.1807647085512425e+00
   2.1506181623013969e+01    1.6758488471651909e+00
   1.9169508871321852e+01    4.9222897541845079e+00
   2.1468704451768989e+01    2.9259536917781057e+00
   2.1901201816005504e+01    6.5470465839641878e-01
   2.6726329815361151e+01    9.8994649412847568e-01
   2.6997885415580868e+01    2.1414284657623548e+00
   3.3561762070102134e+01    3.6499610545331680e+00
   1.1940483545441213e+01    2.0090935495494331e+00
   1.6606645868837635e+01    4.5020172108726682e+00
   1.0850741386368332e+01    4.8885805651943262e+00
   3.4379857768864071e+01    4.1582923440276769e+00
   5.0960751699591782e+00    3.2131414139145891e+00
   2.4376516601364202e+01    1.7698113110247227e+00
   4.1403782850679711e+00    2.5643197301016691e+00
   7.2357366042427547e+00    1.0835749639039387e+00
   7.9198127170163453e+00    2.2048912425351292e+00
   2.8625432260340599e+01    3.0397940684455893e-01
   7.0929858867646045e+00    1.7220313665651872e+00
   2.8163427248987301e+01    9.1972191888002930e-01
   5.7587002141771384e+00    1.8049698373969469e+00
   3.4014548825706854e+01    2.4491128151144542e-01
   9.9615264972397402e+00    1.1240597944517550e+00
   1.7343995964634679e+01    4.0152120565431986e+00
   2.0344623362403421e+01    1.4693093507125676e+00
   2.2095566773793369e+01    4.9872081952462022e+00
   1.1317153350000241e+01    2.4855886999136261e+00
   2.0921389901768485e+01    9.9628067932659481e-01
   2.0571069543714298e+01    2.0328374796430251e+00
   2.6912928376031079e+01    1.6276236882585966e+00
   1.8597424243045528e+00    2.1924801822087852e+00
   1.2546824330942819e+01    8.8285626934858463e-01
   2.6356579669000881e+00    3.3303923181433208e+00
   2.3210103272213551e+00    4.4543217995974924e+00
   3.3543483969130527e+01    2.6169695851685648e+00
   3.5200638359536669e+01    3.7253491944953638e+00
   2.5085525960012014e+01    3.2586882932417573e+00
   3.3311845918522501e+01    1.2484483059104867e+00
   2.4983086677776676e+01    4.4592888020615087e+00
   3.8054304554656930e+01    3.7380238442277500e+00
   2.5602999867796957e+01    4.9712192452957344e+00
   1.6570936425859855e+01    8.2999129944788175e-01
   1.0832434742959681e+01    1.6689219306912568e+00
   1.7052443057319117e+01    1.4275520031801572e+00
   1.7967900338767389e+00    1.4410231771888073e+00
   1.8946419280606602e+01    1.7575250762896899e+00
   3.2065693107312548e+01    1.4935231844612560e+00
   1.1234242327478766e+01    3.8037032742315957e+00
   3.4899856730912276e+01    1.2855853940181592e+00
   8.8680214935507315e+00    3.9488669693369074e+00
   7.2460856162053160e+00    4.2905770255514124e+00
   2.6846748454393779e+01    1.2626897451533257e+00
   2.8871039931049399e+01    2.5722778848257724e+00
   3.1954392825498878e+01    3.3784471262715288e+00
   2.6034356961673819e+01    4.9322797022891356e+00
   1.7183459978931097e+00    4.9761085171895516e+00
   8.0416142371234445e-01    2.6314301827571245e+00
   3.7203016380156654e+01    4.9454561756353721e+00
   1.2136913072841466e+01    4.3184365847829165e+00
   3.2712380530395976e+01    2.1054299830388414e+00
   3.3453093876690623e+01    3.1640584596335573e+00
   3.0276769702078479e+01    2.1832418516128156e+00
   9.6334654344166299e+00    1.0085132542799971e+00
   4.5104945357539794e+00    2.3958221645815394e+00
   2.3840919197474926e+00    1.9381513222924043e+00
   2.2378232041922697e+01    2.8142152835559084e+00
   1.6899754338971746e+01    4.9830903302840550e+00
   1.2041177933358982e+01    3.4563851999879374e+00
   6.1741120756029270e-02    1.8804837543650212e+00
   1.2939752839006783e+01    4.9615966383557808e+00
   3.6200936607957445e+01    2.0816075136726679e+00
   3.4240045495278942e+01    2.8698817412225832e+00
   1.7706767009431964e+01    3.4388447307308323e+00
   1.2925334626937223e+01    1.5527553060748565e+00
   3.1841278196104184e+00    3.0548460570891902e+00
   1.0316137259287970e+01    6.0713271694679494e-01
   2.5165399115818115e+01    2.9075561407074888e+00
   2.0476368116159858e+01    1.1302082159554874e+00
   2.2859688248409856e+01    2.9994877626010656e+00
   1.6020264333849159e+01    4.9597351481829151e+00
   3.5933646674953003e+01    4.9773202387832560e+00
   1.2440697365842219e+01    2.6777979425734948e+00
   1.0766334264438802e+01    3.3105279236626122e+00
   1.3521920083166652e+01    3.0731501792492373e+00
   3.7425335800779173e+01    4.6310292248060470e-01
   2.7759791997083237e+01    5.9311462703084816e-01
   3.4642689848910514e+01    4.9866610449685689e-01
   2.7434622283132036e+01    2.8017937100985888e+00
   9.1675643804076934e+00    2.4643750568634202e+00
   2.5297570579008269e+01    1.5663604392546699e+00
   2.4816683794140008e+01    3.7940866136326923e+00
   1.2450833260941566e+01    4.2812615828047118e+00
   5.0954410521496589e+00    1.4807382657804471e+00
   1.2706802312002317e+00    3.7774624517459521e+00
   2.6473503762325532e+01    4.5283426616841282e+00
   1.3874881568061388e+01    3.2224416340282018e+00
   3.6952117417328362e-01    6.6141696428626684e-01
   1.3562245789627983e+01    1.4087761696773351e+00
   1.7557516703333064e+01    4.1634882092660073e+00
   2.1690210888643218e+01    4.5423022443612204e+00
   5.3814338927302909e+00    2.2341890551689603e+00
   2.8617565013278462e+01    1.1440126229165519e+00
   4.9128593637854960e+00    2.0685480643182856e+00
   3.2912719420255816e+00    4.5443401743657077e+00
   6.3521512351125509e-01    2.1285630574090999e+00
   3.7926424446875386e+00    3.3935911249442263e+00
   2.7429907548240706e+01    2.5341238284126816e-01
   3.6000942130171197e+01    1.6534134450975893e+00
   4.4522429895648061e+00    3.4564569842170876e+00
   3.2786567557036904e+01    3.2154550638608597e+00
   3.8106763175395670e+00    2.9356168765493806e+00
   2.8047484064082177e+01    1.7621054238733036e+00
   1.4859026224240720e+01    2.8516736643631679e+00
   2.1004604425537128e+01    6.5023167794679504e-01
   1.4201387543773233e+01    2.0205922984465978e+00
   9.5201785989851402e+00    7.6983145348910131e-01
   3.7331989663276744e+01    4.7422954853085351e+00
   2.9063626695009820e+01    4.9468877691357225e+00
   9.4941845258676878e+00    3.9652799171895690e+00
   1.8073721899791686e+01    8.3668830659147764e-01
   5.9549670496862772e+00    1.3075343853879113e+00
   2.7179417693676612e+01    6.0569462528494522e-01
   2.1724774828481220e+01    2.3099771222447814e+00
   3.5599605495863230e+01    2.8359451641506688e+00
   3.3525499855260392e+01    4.5543645161069648e+00
   9.2982354628242359e+00    3.2193561490137061e+00
   9.8733579578159336e+00    3.2449839275225099e+00
   1.5803393664457124e+01    5.9548869180218145e-01
   2.5680827957989312e+01    3.3151048461537811e+00
   3.7422487265562818e+00    4.8649820112467124e+00
   2.0220164541408121e+01    3.6028283574041891e+00
   1.2087417632774512e+01    4.6972622747065875e+00
   3.0535514505141137e+01    3.7523048147458864e+00
   1.5390652899430775e+01    4.4979203804128498e-01
   2.1223081082719815e+00    1.7183389741978143e+00
   2.8973794131506722e+01    1.6845439200428778e+00
   1.8085989439230460e+01    2.7326393037106639e-01
   8.9331377337010966e+00    4.5145141363637666e+00
   3.3445679978670093e+01    1.9297259754447231e+00
   2.3765690371882130e+01    3.0066501066098312e+00
   2.3172674147404255e+01    2.1064879560383698e+00
   1.9785308620457730e+01    2.1437381673381681e+00
   4.6135877727925774e+00    6.5837364596542092e-01
   9.2683458227584286e+00    1.6198245149087926e+00
   2.3382469146654667e+00    9.7308638142889081e-01
   3.8013598282368427e+01    2.0963653331722458e+00
   2.3763449790574676e+01    1.4191278456006859e+00
   2.7679945005177750e+01    3.1934631161233655e+00
   3.0725541488206563e+01    1.5346594485637275e+00
   3.2075093558950890e+01    2.7421785239208119e-01
   8.0952949498746829e+00    1.5387013906433546e+00
   3.9923972611441316e+00    7.7741408488324648e-01
   4.3701969931684843e+00    2.4103487938244184e-01
   4.3868873259384245e+00    4.1220372172244675e+00
   8.6599756699834476e+00    5.4385911468963255e-01
   2.0844841939877266e+01    3.4754230054920368e+00
   2.1068193645305978e+01    3.5483583511274031e+00
   1.1217273372952612e+00    4.5380559384324037e+00
   3.0263873277610305e+00    4.3034023793513576e+00
   2.8684915650541587e+01    1.6406712925016083e+00
   7.9101101912526879e+00    3.1883054026092092e+00
   1.4535771707814746e+01    2.4160345389404654e+00
   1.0694994821599664e+01    3.6633093533503716e+00
   5.9432161283578848e+00    2.3975296683065870e+00
   3.7080762938129794e+01    3.9836778963967414e+00
   2.4316941399657406e+01    4.9830101260359791e+00
