   2.3365113377593885e-01
   2.0538688394805601e-01
   2.4307255038523318e-01
   2.0727116851354185e-01
   2.1103973453544606e-01
   2.3176685231952052e-01
   2.3930398436332892e-01
   1.9784975190424756e-01
   2.1103973453544606e-01
   2.1103973453544606e-01
   1.8089120014207732e-01
   1.9031261675137165e-01
   1.7335406809826892e-01
   2.0727116851354185e-01
   2.0915544996996022e-01
   2.2611400173213042e-01
   1.5451123487968033e-01
   2.0915544996996022e-01
   1.0740415183320888e-01
   2.3365113377593885e-01
   2.0915544996996022e-01
   2.4495683495071902e-01
   1.9973403336066592e-01
   1.4697409972680442e-01
   2.0538688394805601e-01
   1.9031261675137165e-01
   2.3553541834142472e-01
   1.6770121751087883e-01
   2.0915544996996022e-01
   2.4118826892881476e-01
   2.4872540097262322e-01
   2.4307255038523318e-01
   2.1292401599186442e-01
   2.0350259938257012e-01
   1.9973403336066592e-01
   1.6016408546707042e-01
   2.4495683495071902e-01
   2.4872540097262322e-01
   2.1857686657925451e-01
   1.7900691868565899e-01
   2.4495683495071902e-01
   1.8842833529495326e-01
   1.6393265148897462e-01
   1.5827980090158453e-01
   1.7712263412017312e-01
   2.2234543571022622e-01
   1.7712263412017312e-01
   2.1103973453544606e-01
   2.3741969979784305e-01
   2.1669258512283612e-01
   2.4872540097262322e-01
   2.2046115114474035e-01
   1.7523834955468726e-01
   1.1305699931153146e-01
   1.8089120014207732e-01
   2.0350259938257012e-01
   1.9408118277327585e-01
   1.9219690131685749e-01
   1.9784975190424756e-01
   1.8842833529495326e-01
   2.2799828318854876e-01
   2.0161831792615176e-01
   2.4495683495071902e-01
   2.2799828318854876e-01
   2.0915544996996022e-01
   2.3741969979784305e-01
   1.1682556844250318e-01
   2.1103973453544606e-01
   1.8089120014207732e-01
   1.9031261675137165e-01
   2.1292401599186442e-01
   1.8089120014207732e-01
   1.3001555107370169e-01
   2.4684111640713735e-01
   1.5262695031419449e-01
   2.3930398436332892e-01
   1.7523834955468726e-01
   1.6016408546707042e-01
   1.9031261675137165e-01
   1.2813126650821582e-01
   2.1857686657925451e-01
   2.0727116851354185e-01
   1.9784975190424756e-01
   2.2422971716664455e-01
   1.4697409972680442e-01
   1.5262695031419449e-01
   8.4792749483648594e-02
   2.0538688394805601e-01
   2.1103973453544606e-01
   2.1103973453544606e-01
   1.3001555107370169e-01
   1.8089120014207732e-01
   2.0350259938257012e-01
   2.3176685231952052e-01
   1.8842833529495326e-01
   2.4872540097262322e-01
   2.1103973453544606e-01
   2.2799828318854876e-01
   1.7712263412017312e-01
   2.1292401599186442e-01
   2.4118826892881476e-01
   1.8089120014207732e-01
   2.1103973453544606e-01
   1.8842833529495326e-01
   1.8654405072946742e-01
   1.5451123487968033e-01
   1.3001555107370169e-01
   2.2988256775403462e-01
   2.1480830055735026e-01
   2.4872540097262322e-01
   1.4320553370490019e-01
   2.1103973453544606e-01
   2.0727116851354185e-01
   1.5262695031419449e-01
   2.3176685231952052e-01
   2.0538688394805601e-01
   1.9784975190424756e-01
   2.2988256775403462e-01
   1.6204836692348876e-01
   2.4872540097262322e-01
   1.3001555107370169e-01
   1.9219690131685749e-01
   2.0727116851354185e-01
   1.5074266574870862e-01
   2.1103973453544606e-01
   2.2799828318854876e-01
   1.8654405072946742e-01
   2.4118826892881476e-01
   2.4118826892881476e-01
   1.9784975190424756e-01
   2.2234543571022622e-01
   1.4508981827038603e-01
   1.9219690131685749e-01
   1.6581693294539299e-01
   2.3365113377593885e-01
   1.6016408546707042e-01
   2.4872540097262322e-01
   2.1292401599186442e-01
   1.5639551633609869e-01
   1.1870984989892153e-01
   1.2813126650821582e-01
   1.9031261675137165e-01
   2.4872540097262322e-01
   2.2611400173213042e-01
   1.1305699931153146e-01
   2.1103973453544606e-01
   2.4495683495071902e-01
   2.3553541834142472e-01
   2.4872540097262322e-01
   1.9408118277327585e-01
   1.6958550207636469e-01
   2.0538688394805601e-01
   2.2422971716664455e-01
   1.5262695031419449e-01
   2.2234543571022622e-01
   1.7335406809826892e-01
   1.8654405072946742e-01
   1.1682556844250318e-01
   2.2422971716664455e-01
   2.1669258512283612e-01
   1.5451123487968033e-01
   2.4495683495071902e-01
   1.7335406809826892e-01
   2.0538688394805601e-01
   1.4508981827038603e-01
   1.8842833529495326e-01
   2.3553541834142472e-01
   1.3189983253012003e-01
   2.0538688394805601e-01
   1.4697409972680442e-01
   2.2422971716664455e-01
   2.2611400173213042e-01
   2.0915544996996022e-01
   2.3176685231952052e-01
   1.2436270048631161e-01
   2.1103973453544606e-01
   1.2247841592082576e-01
   2.3553541834142472e-01
   2.1857686657925451e-01
   2.3930398436332892e-01
   1.7523834955468726e-01
   1.7900691868565899e-01
   2.1103973453544606e-01
   2.0727116851354185e-01
   1.9784975190424756e-01
   2.0538688394805601e-01
   2.0727116851354185e-01
   2.2799828318854876e-01
   1.1870984989892153e-01
   1.6393265148897462e-01
   1.4508981827038603e-01
   1.5827980090158453e-01
   2.0915544996996022e-01
   1.8654405072946742e-01
   1.7523834955468726e-01
   2.0161831792615176e-01
   1.7712263412017312e-01
   1.4132124913941432e-01
   2.4307255038523318e-01
   1.1305699931153146e-01
   2.1103973453544606e-01
   1.7900691868565899e-01
   1.6204836692348876e-01
   1.7523834955468726e-01
   1.3943696768299596e-01
   1.9031261675137165e-01
   2.2799828318854876e-01
   2.4684111640713735e-01
   2.2422971716664455e-01
   1.4508981827038603e-01
   1.4885838429229026e-01
   1.6204836692348876e-01
   1.9031261675137165e-01
   2.4118826892881476e-01
   2.2422971716664455e-01
   1.9973403336066592e-01
   1.7900691868565899e-01
   2.3365113377593885e-01
   2.1292401599186442e-01
   1.3943696768299596e-01
   1.9784975190424756e-01
   1.5827980090158453e-01
   1.3943696768299596e-01
   1.3943696768299596e-01
   1.9031261675137165e-01
   1.4885838429229026e-01
   2.3553541834142472e-01
   8.4792749483648594e-02
   2.3176685231952052e-01
   1.6958550207636469e-01
   1.4132124913941432e-01
   1.9596546733876172e-01
   1.9973403336066592e-01
   1.6016408546707042e-01
   1.7146978353278305e-01
   1.9408118277327585e-01
   2.0161831792615176e-01
   1.5827980090158453e-01
   1.9973403336066592e-01
   1.2247841592082576e-01
   1.1117271785511311e-01
   2.4118826892881476e-01
   2.0727116851354185e-01
   2.1480830055735026e-01
   2.1857686657925451e-01
   2.2611400173213042e-01
   2.4872540097262322e-01
   1.9596546733876172e-01
   1.4508981827038603e-01
   2.3741969979784305e-01
   1.7146978353278305e-01
   2.0538688394805601e-01
   2.2988256775403462e-01
   2.4307255038523318e-01
   1.8842833529495326e-01
   1.4885838429229026e-01
   1.5262695031419449e-01
   2.4872540097262322e-01
   1.6770121751087883e-01
   1.5827980090158453e-01
   1.5827980090158453e-01
   1.9973403336066592e-01
   1.6016408546707042e-01
   2.2988256775403462e-01
   2.4684111640713735e-01
   1.5639551633609869e-01
   1.0928843328962726e-01
   2.2234543571022622e-01
   1.7146978353278305e-01
   2.4307255038523318e-01
   1.8089120014207732e-01
   2.1480830055735026e-01
   2.1480830055735026e-01
   1.2059413446440738e-01
   1.9031261675137165e-01
   1.9596546733876172e-01
   1.6581693294539299e-01
   1.6958550207636469e-01
   1.7900691868565899e-01
   2.2422971716664455e-01
   1.7712263412017312e-01
   2.3365113377593885e-01
   2.4872540097262322e-01
   1.4508981827038603e-01
   1.8089120014207732e-01
   2.2611400173213042e-01
   2.3553541834142472e-01
   2.3741969979784305e-01
   1.9973403336066592e-01
   2.3553541834142472e-01
   2.1292401599186442e-01
   1.8277548470756319e-01
   2.1480830055735026e-01
   2.0538688394805601e-01
   1.7335406809826892e-01
   2.0915544996996022e-01
   2.0350259938257012e-01
   2.3176685231952052e-01
   1.5639551633609869e-01
   1.8465976616398155e-01
   2.0915544996996022e-01
   2.1103973453544606e-01
   1.5639551633609869e-01
   1.6204836692348876e-01
   1.7900691868565899e-01
   1.9973403336066592e-01
   1.2247841592082576e-01
   2.1480830055735026e-01
   1.8277548470756319e-01
   8.6677034049134460e-02
   2.1103973453544606e-01
   2.0538688394805601e-01
   2.2611400173213042e-01
   2.0915544996996022e-01
   2.4495683495071902e-01
   2.1480830055735026e-01
   2.1292401599186442e-01
   1.5827980090158453e-01
   2.0161831792615176e-01
   2.0727116851354185e-01
   2.4872540097262322e-01
   1.6204836692348876e-01
   1.3001555107370169e-01
   2.1103973453544606e-01
   1.6581693294539299e-01
   1.1117271785511311e-01
   2.1292401599186442e-01
   1.8842833529495326e-01
   1.3189983253012003e-01
   2.4495683495071902e-01
   2.1480830055735026e-01
   1.1682556844250318e-01
   1.3189983253012003e-01
   1.7712263412017312e-01
   2.2046115114474035e-01
   2.4495683495071902e-01
   1.9973403336066592e-01
   2.2046115114474035e-01
   2.0915544996996022e-01
   1.3001555107370169e-01
   1.9596546733876172e-01
   1.7523834955468726e-01
   1.6581693294539299e-01
   1.2436270048631161e-01
   2.0161831792615176e-01
   1.4320553370490019e-01
   2.1292401599186442e-01
   1.9408118277327585e-01
   1.9031261675137165e-01
   1.9408118277327585e-01
   2.3176685231952052e-01
   1.9031261675137165e-01
   2.4872540097262322e-01
   1.9596546733876172e-01
   1.5262695031419449e-01
   2.3930398436332892e-01
   1.0740415183320888e-01
   1.3943696768299596e-01
   9.0445600071038662e-02
   1.7712263412017312e-01
   1.9031261675137165e-01
   1.0551986726772303e-01
   1.3001555107370169e-01
   1.7146978353278305e-01
   1.5827980090158453e-01
   2.1669258512283612e-01
   1.9973403336066592e-01
   2.2046115114474035e-01
   1.8654405072946742e-01
   1.0740415183320888e-01
   2.0350259938257012e-01
   2.2799828318854876e-01
   2.2422971716664455e-01
   2.1480830055735026e-01
   1.9219690131685749e-01
   2.3930398436332892e-01
   1.5262695031419449e-01
   2.2799828318854876e-01
   2.1857686657925451e-01
   2.0915544996996022e-01
   2.3176685231952052e-01
   1.5262695031419449e-01
   2.1669258512283612e-01
   1.3755268311751012e-01
   2.4495683495071902e-01
   1.9596546733876172e-01
   2.0161831792615176e-01
   1.5262695031419449e-01
   2.2611400173213042e-01
   2.2234543571022622e-01
   1.5827980090158453e-01
   2.2046115114474035e-01
   1.3189983253012003e-01
   1.3566840166109176e-01
   1.8842833529495326e-01
   1.6770121751087883e-01
   2.3365113377593885e-01
   1.5827980090158453e-01
   2.0538688394805601e-01
   9.0445600071038662e-02
   1.8277548470756319e-01
   2.2799828318854876e-01
   9.6098450658428744e-02
   2.0538688394805601e-01
   1.9408118277327585e-01
   1.5262695031419449e-01
   2.2611400173213042e-01
   2.4495683495071902e-01
   1.4697409972680442e-01
   1.8465976616398155e-01
   1.3189983253012003e-01
   1.4132124913941432e-01
   2.2046115114474035e-01
   1.3378411709560592e-01
   1.2624698505179746e-01
   2.0350259938257012e-01
   1.4320553370490019e-01
   1.2813126650821582e-01
   2.1857686657925451e-01
   1.8465976616398155e-01
   1.4320553370490019e-01
   1.8654405072946742e-01
   1.8089120014207732e-01
   2.3176685231952052e-01
   1.0740415183320888e-01
   2.1857686657925451e-01
   1.4697409972680442e-01
   1.7335406809826892e-01
   1.7712263412017312e-01
   2.3741969979784305e-01
   1.8089120014207732e-01
   2.0161831792615176e-01
   1.8654405072946742e-01
   2.3741969979784305e-01
   2.3553541834142472e-01
   2.1292401599186442e-01
   1.5639551633609869e-01
   2.2234543571022622e-01
   1.7146978353278305e-01
   1.8842833529495326e-01
   1.6581693294539299e-01
   9.7982735223914610e-02
   1.7712263412017312e-01
   2.1103973453544606e-01
   1.9973403336066592e-01
   1.9219690131685749e-01
   9.0445600071038662e-02
   2.0161831792615176e-01
   2.0915544996996022e-01
   2.3930398436332892e-01
   1.4885838429229026e-01
   1.4697409972680442e-01
   2.3365113377593885e-01
   2.2799828318854876e-01
   2.2988256775403462e-01
   1.4320553370490019e-01
   2.4872540097262322e-01
   2.2799828318854876e-01
   2.4872540097262322e-01
   1.8089120014207732e-01
   1.5262695031419449e-01
   1.8465976616398155e-01
   1.4320553370490019e-01
   2.3741969979784305e-01
   1.7900691868565899e-01
   1.7900691868565899e-01
   2.3741969979784305e-01
   1.0551986726772303e-01
   1.6016408546707042e-01
   1.3566840166109176e-01
   2.3741969979784305e-01
   2.2234543571022622e-01
   7.7255617439840163e-02
   1.9219690131685749e-01
   2.2988256775403462e-01
   1.7146978353278305e-01
   1.6958550207636469e-01
   1.9219690131685749e-01
   2.3930398436332892e-01
   1.8654405072946742e-01
   2.1480830055735026e-01
   2.4495683495071902e-01
   2.2988256775403462e-01
   1.3378411709560592e-01
   2.4307255038523318e-01
   1.1682556844250318e-01
   2.1857686657925451e-01
   8.1024183461744378e-02
   2.4495683495071902e-01
   1.1117271785511311e-01
   1.8465976616398155e-01
   1.7900691868565899e-01
   1.5262695031419449e-01
   2.0915544996996022e-01
   1.6016408546707042e-01
   1.5827980090158453e-01
   2.3741969979784305e-01
   1.4508981827038603e-01
   2.0350259938257012e-01
   2.3930398436332892e-01
   1.3566840166109176e-01
   1.2624698505179746e-01
   6.7834200830545879e-02
   1.6581693294539299e-01
   1.9408118277327585e-01
   2.2422971716664455e-01
   2.3176685231952052e-01
   1.2059413446440738e-01
   2.1103973453544606e-01
   1.8465976616398155e-01
   2.2422971716664455e-01
   1.9219690131685749e-01
   2.1292401599186442e-01
   1.8277548470756319e-01
   1.6581693294539299e-01
   1.3189983253012003e-01
   1.4885838429229026e-01
   1.1682556844250318e-01
   6.9718482286964228e-02
   1.5262695031419449e-01
   1.9408118277327585e-01
   1.6958550207636469e-01
   1.0551986726772303e-01
   1.5262695031419449e-01
   1.8089120014207732e-01
   7.7255617439840163e-02
   2.4684111640713735e-01
   2.0915544996996022e-01
   1.9031261675137165e-01
   2.1857686657925451e-01
   1.6393265148897462e-01
   1.6581693294539299e-01
   1.5639551633609869e-01
   2.2046115114474035e-01
   2.1669258512283612e-01
   1.3189983253012003e-01
   1.8654405072946742e-01
   2.1669258512283612e-01
   2.2611400173213042e-01
   2.4872540097262322e-01
   2.1480830055735026e-01
   1.4320553370490019e-01
   2.1103973453544606e-01
   1.6958550207636469e-01
   1.8465976616398155e-01
   1.9219690131685749e-01
   1.8089120014207732e-01
   1.0551986726772303e-01
   2.2988256775403462e-01
   1.5262695031419449e-01
   1.5262695031419449e-01
   1.7335406809826892e-01
   1.7900691868565899e-01
   9.4214166092942878e-02
   1.3943696768299596e-01
   2.4684111640713735e-01
   2.0727116851354185e-01
   2.4495683495071902e-01
   1.6581693294539299e-01
   1.7712263412017312e-01
   1.8277548470756319e-01
   2.1669258512283612e-01
   2.1669258512283612e-01
   1.5639551633609869e-01
   1.4697409972680442e-01
   2.3176685231952052e-01
   1.4508981827038603e-01
   1.9596546733876172e-01
   2.0915544996996022e-01
   9.6098450658428744e-02
   1.8465976616398155e-01
   1.6204836692348876e-01
   8.4792749483648594e-02
   1.2059413446440738e-01
   1.7523834955468726e-01
   7.7255617439840163e-02
   1.7146978353278305e-01
   1.7146978353278305e-01
   1.9784975190424756e-01
   1.0928843328962726e-01
   1.9596546733876172e-01
   2.1292401599186442e-01
   1.6581693294539299e-01
   1.6204836692348876e-01
   1.9784975190424756e-01
   2.2611400173213042e-01
   1.8654405072946742e-01
   1.9408118277327585e-01
   2.1480830055735026e-01
   1.4320553370490019e-01
   2.1103973453544606e-01
   2.1292401599186442e-01
   1.6204836692348876e-01
   1.6016408546707042e-01
   1.3189983253012003e-01
   1.3378411709560592e-01
   1.4508981827038603e-01
   1.5451123487968033e-01
   1.5827980090158453e-01
   1.7900691868565899e-01
   2.2234543571022622e-01
   1.3001555107370169e-01
   1.3566840166109176e-01
   2.4495683495071902e-01
   1.5451123487968033e-01
   1.9219690131685749e-01
   1.8842833529495326e-01
   1.6204836692348876e-01
   2.0727116851354185e-01
   1.3378411709560592e-01
   1.5262695031419449e-01
   1.9408118277327585e-01
   1.6204836692348876e-01
   1.3378411709560592e-01
   1.4320553370490019e-01
   2.0538688394805601e-01
   1.6958550207636469e-01
   9.2329884636524528e-02
   9.7982735223914610e-02
   2.4118826892881476e-01
   8.2908468027230245e-02
   1.1682556844250318e-01
   1.3378411709560592e-01
   1.6016408546707042e-01
   1.4320553370490019e-01
   1.8654405072946742e-01
   1.5451123487968033e-01
   1.8654405072946742e-01
   1.3943696768299596e-01
   1.8842833529495326e-01
   1.7900691868565899e-01
   7.1602766852450095e-02
   2.4118826892881476e-01
   1.1117271785511311e-01
   1.8465976616398155e-01
   2.1292401599186442e-01
   1.0175130124581881e-01
   2.4684111640713735e-01
   1.7335406809826892e-01
   2.2988256775403462e-01
   2.2046115114474035e-01
   1.9031261675137165e-01
   2.0538688394805601e-01
   2.1669258512283612e-01
   1.3378411709560592e-01
   1.4320553370490019e-01
   1.7335406809826892e-01
   1.3943696768299596e-01
   1.7900691868565899e-01
   9.9867016680332960e-02
   1.5827980090158453e-01
   1.6393265148897462e-01
   1.7335406809826892e-01
   1.9219690131685749e-01
   1.9031261675137165e-01
   1.1682556844250318e-01
   1.4697409972680442e-01
   1.7900691868565899e-01
   1.5639551633609869e-01
   1.3378411709560592e-01
   1.2059413446440738e-01
   2.2799828318854876e-01
   1.3378411709560592e-01
   9.6098450658428744e-02
   2.0727116851354185e-01
   1.5639551633609869e-01
   1.4508981827038603e-01
   1.2624698505179746e-01
   1.5827980090158453e-01
   1.1682556844250318e-01
   1.7523834955468726e-01
   9.7982735223914610e-02
   1.9973403336066592e-01
   1.9596546733876172e-01
   1.5451123487968033e-01
   1.5639551633609869e-01
   2.2046115114474035e-01
   1.6581693294539299e-01
   2.0350259938257012e-01
   2.2799828318854876e-01
   2.0915544996996022e-01
   1.9408118277327585e-01
   1.2436270048631161e-01
   1.6393265148897462e-01
   1.4885838429229026e-01
   1.6016408546707042e-01
   1.9973403336066592e-01
   1.0363558270223718e-01
   8.1024183461744378e-02
   1.2813126650821582e-01
   6.7834200830545879e-02
   1.3001555107370169e-01
   1.2436270048631161e-01
   9.9867016680332960e-02
   9.7982735223914610e-02
   1.5827980090158453e-01
   1.9596546733876172e-01
   1.8842833529495326e-01
   1.8089120014207732e-01
   1.9973403336066592e-01
   1.3378411709560592e-01
   1.2436270048631161e-01
   7.3487051417935961e-02
   2.2046115114474035e-01
   1.2624698505179746e-01
   1.1870984989892153e-01
   1.2624698505179746e-01
   1.6958550207636469e-01
   1.6016408546707042e-01
   1.3378411709560592e-01
   1.2059413446440738e-01
   1.6016408546707042e-01
   1.4508981827038603e-01
   9.7982735223914610e-02
   1.8842833529495326e-01
   1.9973403336066592e-01
   1.9219690131685749e-01
   1.4508981827038603e-01
   2.2611400173213042e-01
   1.8277548470756319e-01
   1.6016408546707042e-01
   1.1305699931153146e-01
   8.2908468027230245e-02
   1.3755268311751012e-01
   2.1857686657925451e-01
   1.6016408546707042e-01
   1.9973403336066592e-01
   1.2059413446440738e-01
   1.0740415183320888e-01
   1.6581693294539299e-01
   1.5074266574870862e-01
   1.3943696768299596e-01
   1.0928843328962726e-01
   1.8089120014207732e-01
   1.7712263412017312e-01
   1.1494128387701731e-01
   1.6393265148897462e-01
   1.0928843328962726e-01
   1.1494128387701731e-01
   1.5262695031419449e-01
   1.8842833529495326e-01
   9.6098450658428744e-02
   1.1682556844250318e-01
   1.1682556844250318e-01
   1.5827980090158453e-01
   1.0740415183320888e-01
   1.6958550207636469e-01
   1.7146978353278305e-01
   1.5074266574870862e-01
   1.4697409972680442e-01
   1.5451123487968033e-01
   1.2436270048631161e-01
   1.8277548470756319e-01
   1.3755268311751012e-01
   1.0551986726772303e-01
   1.2813126650821582e-01
   1.3566840166109176e-01
   2.4495683495071902e-01
   1.0928843328962726e-01
   1.2247841592082576e-01
   9.2329884636524528e-02
   1.4508981827038603e-01
   1.2247841592082576e-01
   1.3566840166109176e-01
   1.5827980090158453e-01
   1.6770121751087883e-01
   2.1480830055735026e-01
   9.2329884636524528e-02
   1.5262695031419449e-01
   1.5262695031419449e-01
   7.5371332874354310e-02
   9.6098450658428744e-02
   6.5949916265060013e-02
   1.4320553370490019e-01
   1.7523834955468726e-01
   1.3001555107370169e-01
   8.6677034049134460e-02
   1.3001555107370169e-01
   1.5262695031419449e-01
   1.0740415183320888e-01
   1.7712263412017312e-01
   1.3378411709560592e-01
   1.1682556844250318e-01
   1.2247841592082576e-01
   1.2813126650821582e-01
   1.2813126650821582e-01
   1.4320553370490019e-01
   1.3189983253012003e-01
   1.9408118277327585e-01
   1.4508981827038603e-01
   1.4320553370490019e-01
   1.6770121751087883e-01
   1.0740415183320888e-01
   6.4065634808641664e-02
   9.0445600071038662e-02
   1.1682556844250318e-01
   1.0740415183320888e-01
   1.8465976616398155e-01
   1.1682556844250318e-01
   1.0551986726772303e-01
   7.9139898896258512e-02
   1.0551986726772303e-01
   1.5262695031419449e-01
   1.3566840166109176e-01
   1.2059413446440738e-01
   1.6770121751087883e-01
   1.2624698505179746e-01
   1.4132124913941432e-01
   1.4320553370490019e-01
   1.3001555107370169e-01
   1.5639551633609869e-01
   1.5639551633609869e-01
   9.4214166092942878e-02
   8.1024183461744378e-02
   1.3943696768299596e-01
   1.3001555107370169e-01
   6.5949916265060013e-02
   7.1602766852450095e-02
   9.0445600071038662e-02
   1.4508981827038603e-01
   7.7255617439840163e-02
   1.9784975190424756e-01
   1.8654405072946742e-01
   1.3566840166109176e-01
   1.8089120014207732e-01
   1.2624698505179746e-01
