   1.1395503972764416e-01
   1.4698548295384012e-01
   7.7621549151037722e-02
   1.1230351908022980e-01
   1.1725808102247287e-01
   1.0734895108240497e-01
   8.7530679091105623e-02
   1.2386416966771206e-01
   9.7439815086755296e-02
   1.2056112837288335e-01
   1.2716721701812253e-01
   1.1725808102247287e-01
   5.2848713400820778e-02
   1.3047026436853301e-01
   1.6184918694731462e-01
   1.4203091495601528e-01
   1.0569742437940884e-01
   3.3030446253986843e-02
   8.2576117148862552e-02
   1.2551569637070820e-01
   4.4591102291492692e-02
   3.4681968112517558e-02
   1.5194005095166496e-01
   1.2386416966771206e-01
   1.0900047172981932e-01
   9.9091335734169644e-02
   1.1725808102247287e-01
   9.9091335734169644e-02
   9.7439815086755296e-02
   1.2221264902029770e-01
   1.3542482631077610e-01
   4.7894146614112287e-02
   1.1395503972764416e-01
   1.1065199237723368e-01
   1.6515222824214335e-01
   1.2386416966771206e-01
   1.0900047172981932e-01
   1.1065199237723368e-01
   1.0239438308458013e-01
   5.4500235864909659e-02
   6.1106324510148850e-02
   1.2221264902029770e-01
   5.4500235864909659e-02
   9.5788294439340935e-02
   1.3377330566336174e-01
   1.4863700965683624e-01
   1.3872787366118658e-01
   9.7439815086755296e-02
   5.2848713400820778e-02
   8.5879158443691261e-02
   1.3707635301377222e-01
   1.6350070759472898e-01
   9.0833726441516105e-02
   9.9091335734169644e-02
   1.5028853030425060e-01
   4.1288057363314923e-02
   6.9363933802802397e-02
   8.9182205794101743e-02
   1.5854613959690414e-01
   6.1106324510148850e-02
   1.3872787366118658e-01
   1.0734895108240497e-01
   1.2386416966771206e-01
   1.1065199237723368e-01
   1.2221264902029770e-01
   2.3121312075011703e-02
   9.7439815086755296e-02
   8.5879158443691261e-02
   1.3707635301377222e-01
   1.3872787366118658e-01
   1.0569742437940884e-01
   3.7985013040695327e-02
   4.1288057363314923e-02
   1.3047026436853301e-01
   1.2221264902029770e-01
   1.4203091495601528e-01
   9.2485247088930453e-02
   8.5879158443691261e-02
   1.5028853030425060e-01
   1.1560656037505851e-01
   6.1106324510148850e-02
   1.6184918694731462e-01
   7.2666981153212878e-02
   5.6151758328998547e-02
   9.4136773791926587e-02
   8.5879158443691261e-02
   8.5879158443691261e-02
   9.7439815086755296e-02
   1.0074286243716578e-01
   1.5689461894948978e-01
   1.3377330566336174e-01
   1.0404590373199449e-01
   1.3212178501594737e-01
   9.7439815086755296e-02
   3.4681968112517558e-02
   1.0239438308458013e-01
   1.2551569637070820e-01
   1.0569742437940884e-01
   8.2576117148862552e-02
   1.1725808102247287e-01
   1.3377330566336174e-01
   1.3212178501594737e-01
   3.9636534899226035e-02
   9.0833726441516105e-02
   8.2576117148862552e-02
   1.1560656037505851e-01
   4.9545669078201182e-02
   5.2848713400820778e-02
   8.4227637796276913e-02
   6.4409371860559339e-02
   1.3047026436853301e-01
   9.2485247088930453e-02
   3.1378923789897963e-02
   7.7621549151037722e-02
   1.0404590373199449e-01
   1.2881873766553689e-01
   7.9273069798452070e-02
   1.0900047172981932e-01
   9.5788294439340935e-02
   9.5788294439340935e-02
   9.4136773791926587e-02
   1.1395503972764416e-01
   7.9273069798452070e-02
   1.3707635301377222e-01
   1.2221264902029770e-01
   8.4227637796276913e-02
   2.8075878861720187e-02
   5.2848713400820778e-02
   3.7985013040695327e-02
   7.9273069798452070e-02
   1.5194005095166496e-01
   1.2056112837288335e-01
   1.0900047172981932e-01
   6.6060892507973687e-02
   1.0404590373199449e-01
   8.7530679091105623e-02
   1.2056112837288335e-01
   1.1065199237723368e-01
   9.0833726441516105e-02
   1.0239438308458013e-01
   5.9454802651618142e-02
   1.5854613959690414e-01
   1.4533396230642576e-01
   1.1395503972764416e-01
   7.2666981153212878e-02
   5.9454802651618142e-02
   1.1890960772546899e-01
   1.4368244165901140e-01
   1.6019766024431850e-01
   6.2757845157563205e-02
   1.6184918694731462e-01
   8.4227637796276913e-02
   5.4500235864909659e-02
   1.2716721701812253e-01
   1.6845527559255383e-01
   1.4698548295384012e-01
   1.4368244165901140e-01
   1.1560656037505851e-01
   1.7671288488520737e-01
   7.7621549151037722e-02
   1.2716721701812253e-01
   1.2221264902029770e-01
   6.4409371860559339e-02
   1.7010679623996816e-01
   1.0239438308458013e-01
   7.5970028503623360e-02
   8.0924590445866432e-02
   1.3212178501594737e-01
   1.0569742437940884e-01
   1.3872787366118658e-01
   4.2939579827403811e-02
   1.1725808102247287e-01
   6.9363933802802397e-02
   1.1560656037505851e-01
   9.4136773791926587e-02
   1.3707635301377222e-01
   1.0074286243716578e-01
   2.4772834539100591e-02
   1.0239438308458013e-01
   1.0404590373199449e-01
   1.3872787366118658e-01
   8.7530679091105623e-02
   1.0734895108240497e-01
   1.0569742437940884e-01
   1.1890960772546899e-01
   1.1725808102247287e-01
   3.6333490576606439e-02
   1.4203091495601528e-01
   7.5970028503623360e-02
   2.8075878861720187e-02
   1.5524309830207544e-01
   1.2221264902029770e-01
   1.2386416966771206e-01
   1.5359157159907930e-01
   6.4409371860559339e-02
   1.3377330566336174e-01
   7.4318501800627240e-02
   3.7985013040695327e-02
   1.4203091495601528e-01
   1.3377330566336174e-01
   7.1015460505798531e-02
   8.2576117148862552e-02
   1.3212178501594737e-01
   1.2221264902029770e-01
   1.1725808102247287e-01
   7.2666981153212878e-02
   7.9273069798452070e-02
   6.2757845157563205e-02
   1.2716721701812253e-01
   1.3542482631077610e-01
   1.0569742437940884e-01
   1.0734895108240497e-01
   8.4227637796276913e-02
   5.2848713400820778e-02
   7.7621549151037722e-02
   4.6242624150023406e-02
   3.9636534899226035e-02
   8.2576117148862552e-02
   5.7803280187529255e-02
   1.5524309830207544e-01
   7.9273069798452070e-02
   6.1106324510148850e-02
   6.1106324510148850e-02
   3.7985013040695327e-02
   8.0924590445866432e-02
   1.1725808102247287e-01
   6.1106324510148850e-02
   3.9636534899226035e-02
   1.3212178501594737e-01
   1.0900047172981932e-01
   1.2551569637070820e-01
   7.4318501800627240e-02
   9.2485247088930453e-02
   1.2716721701812253e-01
   7.5970028503623360e-02
   1.5689461894948978e-01
   7.4318501800627240e-02
   1.4863700965683624e-01
   8.5879158443691261e-02
   1.1890960772546899e-01
   1.2881873766553689e-01
   1.1725808102247287e-01
   1.2056112837288335e-01
   1.6680375494513947e-01
   1.3872787366118658e-01
   1.4863700965683624e-01
   1.6019766024431850e-01
   1.0734895108240497e-01
   1.0900047172981932e-01
   6.6060892507973687e-02
   1.2386416966771206e-01
   1.3707635301377222e-01
   4.4591102291492692e-02
   9.4136773791926587e-02
   1.2716721701812253e-01
   1.3212178501594737e-01
   6.7712413155388049e-02
   9.7439815086755296e-02
   9.5788294439340935e-02
   1.5524309830207544e-01
   8.9182205794101743e-02
   1.4037939430860091e-01
   1.1725808102247287e-01
   1.2551569637070820e-01
   3.7985013040695327e-02
   1.2056112837288335e-01
   1.3542482631077610e-01
   7.5970028503623360e-02
   1.1395503972764416e-01
   1.4037939430860091e-01
   1.5524309830207544e-01
   4.7894146614112287e-02
   1.3047026436853301e-01
   1.2221264902029770e-01
   1.1395503972764416e-01
   1.2881873766553689e-01
   1.2056112837288335e-01
   9.9091335734169644e-02
   1.0569742437940884e-01
   1.3047026436853301e-01
   1.0404590373199449e-01
   1.6019766024431850e-01
   8.2576117148862552e-02
   9.2485247088930453e-02
   1.2221264902029770e-01
   1.4203091495601528e-01
   1.1725808102247287e-01
   1.3872787366118658e-01
   1.5359157159907930e-01
   1.3047026436853301e-01
   1.3542482631077610e-01
   1.1890960772546899e-01
   9.9091335734169644e-02
   7.5970028503623360e-02
   4.2939579827403811e-02
   1.3047026436853301e-01
   1.0734895108240497e-01
   1.1725808102247287e-01
   1.4698548295384012e-01
   9.0833726441516105e-02
   1.0900047172981932e-01
   3.4681968112517558e-02
   9.9091335734169644e-02
   1.2221264902029770e-01
   1.3707635301377222e-01
   6.6060892507973687e-02
   6.7712413155388049e-02
   2.6424357003189475e-02
   1.4533396230642576e-01
   1.2386416966771206e-01
   1.3872787366118658e-01
   1.3542482631077610e-01
   1.4698548295384012e-01
   1.4698548295384012e-01
   1.7340984359037864e-01
   1.4037939430860091e-01
   1.2386416966771206e-01
   6.6060892507973687e-02
   1.5524309830207544e-01
   9.9091335734169644e-02
   2.3121312075011703e-02
   1.1560656037505851e-01
   1.0239438308458013e-01
   1.0734895108240497e-01
   1.2386416966771206e-01
   3.9636534899226035e-02
   1.5854613959690414e-01
   1.2716721701812253e-01
   1.5028853030425060e-01
   8.5879158443691261e-02
   5.9454802651618142e-02
   1.1725808102247287e-01
   5.1197191542290063e-02
   4.6242624150023406e-02
   9.0833726441516105e-02
   7.4318501800627240e-02
   4.6242624150023406e-02
   4.6242624150023406e-02
   1.1725808102247287e-01
   1.0404590373199449e-01
   1.7506136423779300e-01
   8.7530679091105623e-02
   9.5788294439340935e-02
   1.2716721701812253e-01
   6.4409371860559339e-02
   1.0734895108240497e-01
   1.3047026436853301e-01
   7.5970028503623360e-02
   1.2386416966771206e-01
   1.2056112837288335e-01
   9.2485247088930453e-02
   1.2716721701812253e-01
   1.3872787366118658e-01
   1.0569742437940884e-01
   9.4136773791926587e-02
   8.5879158443691261e-02
   1.4203091495601528e-01
   5.6151758328998547e-02
   1.6184918694731462e-01
   1.2716721701812253e-01
   6.4409371860559339e-02
   8.0924590445866432e-02
   8.0924590445866432e-02
   6.6060892507973687e-02
   1.9818267752392107e-02
   7.4318501800627240e-02
   8.0924590445866432e-02
   6.1106324510148850e-02
   1.0734895108240497e-01
   8.9182205794101743e-02
   3.1378923789897963e-02
   1.1065199237723368e-01
   1.2716721701812253e-01
   1.1725808102247287e-01
   7.7621549151037722e-02
   1.5689461894948978e-01
   1.0239438308458013e-01
   1.0239438308458013e-01
   4.2939579827403811e-02
   1.0074286243716578e-01
   6.4409371860559339e-02
   4.1288057363314923e-02
   8.4227637796276913e-02
   1.1395503972764416e-01
   1.4037939430860091e-01
   1.5028853030425060e-01
   1.3377330566336174e-01
   4.2939579827403811e-02
   1.1395503972764416e-01
   7.4318501800627240e-02
   1.1725808102247287e-01
   1.0239438308458013e-01
   9.0833726441516105e-02
   6.2757845157563205e-02
   1.5194005095166496e-01
   1.5359157159907930e-01
   1.4533396230642576e-01
   8.7530679091105623e-02
   1.2716721701812253e-01
   3.7985013040695327e-02
   1.2221264902029770e-01
   7.9273069798452070e-02
   1.0074286243716578e-01
   8.5879158443691261e-02
   9.0833726441516105e-02
   1.9818267752392107e-02
   8.9182205794101743e-02
   1.1725808102247287e-01
   9.4136773791926587e-02
   6.1106324510148850e-02
   9.5788294439340935e-02
   6.9363933802802397e-02
   1.5854613959690414e-01
   1.1560656037505851e-01
   1.0404590373199449e-01
   6.1106324510148850e-02
   7.4318501800627240e-02
   4.4591102291492692e-02
   1.2386416966771206e-01
   1.2221264902029770e-01
   1.3212178501594737e-01
   1.4533396230642576e-01
   7.5970028503623360e-02
   9.9091335734169644e-02
   1.1725808102247287e-01
   1.1230351908022980e-01
   1.0404590373199449e-01
   5.9454802651618142e-02
   7.5970028503623360e-02
   9.7439815086755296e-02
   1.0734895108240497e-01
   5.4500235864909659e-02
   1.1890960772546899e-01
   1.4533396230642576e-01
   4.6242624150023406e-02
   1.6184918694731462e-01
   6.6060892507973687e-02
   1.9818267752392107e-02
   1.3047026436853301e-01
   3.9636534899226035e-02
   1.1230351908022980e-01
   7.1015460505798531e-02
   1.3377330566336174e-01
   1.2386416966771206e-01
   4.7894146614112287e-02
   6.9363933802802397e-02
   5.4500235864909659e-02
   3.9636534899226035e-02
   4.9545669078201182e-02
   1.0239438308458013e-01
   8.4227637796276913e-02
   1.0900047172981932e-01
   5.7803280187529255e-02
   3.1378923789897963e-02
   1.2056112837288335e-01
   1.2386416966771206e-01
   7.4318501800627240e-02
   8.5879158443691261e-02
   1.8166745288303220e-02
   1.4863700965683624e-01
   1.4203091495601528e-01
   8.9182205794101743e-02
   4.7894146614112287e-02
   7.2666981153212878e-02
   5.1197191542290063e-02
   1.6680375494513947e-01
   1.2716721701812253e-01
   7.5970028503623360e-02
   8.0924590445866432e-02
   1.0900047172981932e-01
   1.2386416966771206e-01
   1.5028853030425060e-01
   2.8075878861720187e-02
   1.6184918694731462e-01
   5.2848713400820778e-02
   4.2939579827403811e-02
   1.1395503972764416e-01
   4.1288057363314923e-02
   1.0900047172981932e-01
   1.1890960772546899e-01
   1.2221264902029770e-01
   1.0239438308458013e-01
   1.1065199237723368e-01
   8.9182205794101743e-02
   7.7621549151037722e-02
   6.4409371860559339e-02
   1.2386416966771206e-01
   4.9545669078201182e-02
   2.3121312075011703e-02
   9.7439815086755296e-02
   1.2716721701812253e-01
   1.2221264902029770e-01
   3.3030446253986843e-02
   1.4368244165901140e-01
   9.7439815086755296e-02
   1.4037939430860091e-01
   1.3707635301377222e-01
   3.4681968112517558e-02
   7.7621549151037722e-02
   6.6060892507973687e-02
   9.7439815086755296e-02
   1.2386416966771206e-01
   2.1469789610922815e-02
   8.0924590445866432e-02
   6.2757845157563205e-02
   9.9091335734169644e-02
   6.6060892507973687e-02
   7.1015460505798531e-02
   3.6333490576606439e-02
   1.3542482631077610e-01
   6.2757845157563205e-02
   6.9363933802802397e-02
   1.1230351908022980e-01
   1.0404590373199449e-01
   8.7530679091105623e-02
   1.3542482631077610e-01
   7.4318501800627240e-02
   7.1015460505798531e-02
   5.4500235864909659e-02
   1.4203091495601528e-01
   9.5788294439340935e-02
   6.7712413155388049e-02
   6.4409371860559339e-02
   8.9182205794101743e-02
   1.1890960772546899e-01
   1.0734895108240497e-01
   1.0239438308458013e-01
   9.7439815086755296e-02
   7.2666981153212878e-02
   1.1395503972764416e-01
   4.2939579827403811e-02
   1.9818267752392107e-02
   1.4037939430860091e-01
   5.9454802651618142e-02
   9.5788294439340935e-02
   1.4863700965683624e-01
   8.2576117148862552e-02
   1.2881873766553689e-01
   1.0074286243716578e-01
   1.4368244165901140e-01
   1.5854613959690414e-01
   1.3377330566336174e-01
   3.6333490576606439e-02
   6.7712413155388049e-02
   1.3047026436853301e-01
   6.7712413155388049e-02
   1.3047026436853301e-01
   1.1890960772546899e-01
   1.5524309830207544e-01
   8.7530679091105623e-02
   1.8166745288303220e-02
   1.2881873766553689e-01
   1.5359157159907930e-01
   1.5854613959690414e-01
   1.4368244165901140e-01
   1.1560656037505851e-01
   1.9818267752392107e-02
   1.3047026436853301e-01
   6.7712413155388049e-02
   6.1106324510148850e-02
   1.9818267752392107e-02
   9.5788294439340935e-02
   7.5970028503623360e-02
   7.4318501800627240e-02
   7.4318501800627240e-02
   1.0074286243716578e-01
   1.1560656037505851e-01
   7.1015460505798531e-02
   9.4136773791926587e-02
   1.0734895108240497e-01
   4.4591102291492692e-02
   6.1106324510148850e-02
   2.3121312075011703e-02
   8.2576117148862552e-02
   1.0074286243716578e-01
   1.2056112837288335e-01
   4.2939579827403811e-02
   1.5359157159907930e-01
   1.5854613959690414e-01
   3.7985013040695327e-02
   5.1197191542290063e-02
   7.1015460505798531e-02
   1.2221264902029770e-01
   7.9273069798452070e-02
   2.3121312075011703e-02
   7.2666981153212878e-02
   1.2881873766553689e-01
   1.3377330566336174e-01
   8.2576117148862552e-02
   9.5788294439340935e-02
   1.3542482631077610e-01
   1.1395503972764416e-01
   9.2485247088930453e-02
   6.1106324510148850e-02
   4.4591102291492692e-02
   5.1197191542290063e-02
   1.4037939430860091e-01
   4.1288057363314923e-02
   3.6333490576606439e-02
   2.6424357003189475e-02
   1.3212178501594737e-01
   1.4698548295384012e-01
   4.7894146614112287e-02
   8.9182205794101743e-02
   1.4037939430860091e-01
   8.4227637796276913e-02
   1.1725808102247287e-01
   8.7530679091105623e-02
   1.5689461894948978e-01
   4.6242624150023406e-02
   1.3377330566336174e-01
   5.4500235864909659e-02
   6.6060892507973687e-02
   1.0900047172981932e-01
   1.3047026436853301e-01
   4.4591102291492692e-02
   1.3377330566336174e-01
   1.1560656037505851e-01
   1.9818267752392107e-02
   7.7621549151037722e-02
   8.0924590445866432e-02
   9.2485247088930453e-02
   9.2485247088930453e-02
   1.3212178501594737e-01
   1.0900047172981932e-01
   1.3542482631077610e-01
   7.4318501800627240e-02
   1.0900047172981932e-01
   6.9363933802802397e-02
   1.2881873766553689e-01
   1.5689461894948978e-01
   4.7894146614112287e-02
   1.3872787366118658e-01
   3.7985013040695327e-02
   7.5970028503623360e-02
   9.5788294439340935e-02
   1.5524309830207544e-01
   9.4136773791926587e-02
   9.7439815086755296e-02
   1.2221264902029770e-01
   1.2221264902029770e-01
   7.9273069798452070e-02
   1.2221264902029770e-01
   1.3872787366118658e-01
   1.1890960772546899e-01
   9.4136773791926587e-02
   1.3542482631077610e-01
   1.0404590373199449e-01
   1.4037939430860091e-01
   1.3047026436853301e-01
   6.7712413155388049e-02
   1.1230351908022980e-01
   3.7985013040695327e-02
   3.9636534899226035e-02
   7.5970028503623360e-02
   8.2576117148862552e-02
   9.7439815086755296e-02
   1.2551569637070820e-01
   7.9273069798452070e-02
   7.1015460505798531e-02
   7.2666981153212878e-02
   8.2576117148862552e-02
   3.1378923789897963e-02
   1.1890960772546899e-01
   7.5970028503623360e-02
   1.0900047172981932e-01
   4.2939579827403811e-02
   1.0569742437940884e-01
   6.7712413155388049e-02
   4.1288057363314923e-02
   3.6333490576606439e-02
   8.7530679091105623e-02
   1.4037939430860091e-01
   4.1288057363314923e-02
   1.2551569637070820e-01
   8.7530679091105623e-02
   1.4037939430860091e-01
   7.1015460505798531e-02
   6.4409371860559339e-02
   3.4681968112517558e-02
   1.4368244165901140e-01
   1.2056112837288335e-01
   1.1725808102247287e-01
   1.3872787366118658e-01
   5.4500235864909659e-02
   8.9182205794101743e-02
   9.4136773791926587e-02
   1.1725808102247287e-01
   1.3377330566336174e-01
   4.7894146614112287e-02
   1.4203091495601528e-01
   5.2848713400820778e-02
   1.0569742437940884e-01
   2.1469789610922815e-02
   1.2551569637070820e-01
   9.4136773791926587e-02
   9.2485247088930453e-02
   1.0404590373199449e-01
   4.7894146614112287e-02
   3.3030446253986843e-02
   9.2485247088930453e-02
   6.1106324510148850e-02
   1.1560656037505851e-01
   8.2576117148862552e-02
   1.2386416966771206e-01
   1.9818267752392107e-02
   9.9091335734169644e-02
   1.0239438308458013e-01
   4.2939579827403811e-02
   5.7803280187529255e-02
   1.0404590373199449e-01
   3.6333490576606439e-02
   1.4863700965683624e-01
   1.6680375494513947e-01
   3.3030446253986843e-02
   4.6242624150023406e-02
   3.7985013040695327e-02
   6.4409371860559339e-02
   7.9273069798452070e-02
   5.1197191542290063e-02
   4.1288057363314923e-02
   7.4318501800627240e-02
   1.3707635301377222e-01
   3.3030446253986843e-02
   9.2485247088930453e-02
   1.0239438308458013e-01
   6.1106324510148850e-02
   7.2666981153212878e-02
   2.9727401325809071e-02
   7.2666981153212878e-02
   4.2939579827403811e-02
   8.4227637796276913e-02
   8.4227637796276913e-02
   5.7803280187529255e-02
   1.4698548295384012e-01
   8.5879158443691261e-02
   1.1560656037505851e-01
   3.6333490576606439e-02
   6.6060892507973687e-02
   3.1378923789897963e-02
   1.6350070759472898e-01
   9.9091335734169644e-02
   8.4227637796276913e-02
   1.5854613959690414e-01
   1.2056112837288335e-01
   1.2056112837288335e-01
   6.7712413155388049e-02
   2.4772834539100591e-02
   7.1015460505798531e-02
   9.4136773791926587e-02
   9.9091335734169644e-02
   8.5879158443691261e-02
   6.9363933802802397e-02
   9.4136773791926587e-02
   8.0924590445866432e-02
   5.7803280187529255e-02
   7.4318501800627240e-02
   1.5854613959690414e-01
   3.3030446253986843e-02
   1.9818267752392107e-02
   6.9363933802802397e-02
   2.3121312075011703e-02
   5.9454802651618142e-02
   1.0569742437940884e-01
   1.0404590373199449e-01
   1.6680375494513947e-01
   2.1469789610922815e-02
   1.2551569637070820e-01
   1.1560656037505851e-01
   5.7803280187529255e-02
   5.1197191542290063e-02
   4.7894146614112287e-02
   9.9091335734169644e-02
   2.6424357003189475e-02
   7.4318501800627240e-02
   8.7530679091105623e-02
   5.9454802651618142e-02
   1.0734895108240497e-01
   7.4318501800627240e-02
   4.9545669078201182e-02
   7.1015460505798531e-02
   1.0404590373199449e-01
   2.4772834539100591e-02
   9.5788294439340935e-02
   5.9454802651618142e-02
   4.1288057363314923e-02
   1.4698548295384012e-01
   1.5194005095166496e-01
   5.6151758328998547e-02
   1.2056112837288335e-01
   8.9182205794101743e-02
   5.9454802651618142e-02
   1.0074286243716578e-01
   9.2485247088930453e-02
   9.2485247088930453e-02
   1.2386416966771206e-01
   8.9182205794101743e-02
   7.7621549151037722e-02
   1.3872787366118658e-01
   1.1725808102247287e-01
   7.4318501800627240e-02
   6.7712413155388049e-02
   1.1065199237723368e-01
   1.8166745288303220e-02
   7.4318501800627240e-02
   8.5879158443691261e-02
   1.1560656037505851e-01
   4.4591102291492692e-02
   5.6151758328998547e-02
   8.5879158443691261e-02
   4.6242624150023406e-02
   6.2757845157563205e-02
   8.4227637796276913e-02
   6.6060892507973687e-02
   1.1890960772546899e-01
   6.6060892507973687e-02
   1.0900047172981932e-01
   9.5788294439340935e-02
   1.4533396230642576e-01
   1.1395503972764416e-01
   9.4136773791926587e-02
   7.2666981153212878e-02
   8.5879158443691261e-02
   1.7340984359037864e-01
   9.5788294439340935e-02
   1.5194005095166496e-01
   8.7530679091105623e-02
   1.0074286243716578e-01
   1.2386416966771206e-01
   8.2576117148862552e-02
   7.5970028503623360e-02
   3.9636534899226035e-02
   9.0833726441516105e-02
   7.1015460505798531e-02
   3.6333490576606439e-02
   9.7439815086755296e-02
   1.4037939430860091e-01
   8.2576117148862552e-02
   1.5194005095166496e-01
   2.8075878861720187e-02
   8.7530679091105623e-02
   1.0734895108240497e-01
   5.9454802651618142e-02
   3.9636534899226035e-02
   9.0833726441516105e-02
   1.2221264902029770e-01
   7.9273069798452070e-02
   4.1288057363314923e-02
   1.0569742437940884e-01
   1.0734895108240497e-01
   3.7985013040695327e-02
   1.0239438308458013e-01
   5.1197191542290063e-02
   3.4681968112517558e-02
   3.1378923789897963e-02
   1.3542482631077610e-01
   6.2757845157563205e-02
   3.9636534899226035e-02
   8.5879158443691261e-02
   3.1378923789897963e-02
   1.1395503972764416e-01
   6.2757845157563205e-02
   1.4037939430860091e-01
   4.7894146614112287e-02
   4.2939579827403811e-02
   7.1015460505798531e-02
   7.2666981153212878e-02
   5.1197191542290063e-02
   1.9818267752392107e-02
   8.9182205794101743e-02
   1.2881873766553689e-01
   1.0734895108240497e-01
   1.0734895108240497e-01
   5.2848713400820778e-02
   6.9363933802802397e-02
   3.3030446253986843e-02
   7.5970028503623360e-02
   8.2576117148862552e-02
   1.1065199237723368e-01
   1.0074286243716578e-01
   1.0569742437940884e-01
   1.0239438308458013e-01
   8.5879158443691261e-02
   4.2939579827403811e-02
   8.5879158443691261e-02
   1.2716721701812253e-01
   9.0833726441516105e-02
   1.4863700965683624e-01
   1.8166745288303220e-02
   6.1106324510148850e-02
   7.2666981153212878e-02
   6.2757845157563205e-02
   1.3047026436853301e-01
   1.0569742437940884e-01
   1.2716721701812253e-01
   1.1065199237723368e-01
   8.0924590445866432e-02
   8.0924590445866432e-02
   8.0924590445866432e-02
   5.2848713400820778e-02
   8.7530679091105623e-02
   8.9182205794101743e-02
   5.6151758328998547e-02
   1.2221264902029770e-01
   1.3047026436853301e-01
   8.4227637796276913e-02
   1.1560656037505851e-01
   1.4533396230642576e-01
   5.7803280187529255e-02
   1.6350070759472898e-01
   4.7894146614112287e-02
   9.5788294439340935e-02
   7.5970028503623360e-02
   8.9182205794101743e-02
   1.3707635301377222e-01
   1.2221264902029770e-01
   4.6242624150023406e-02
   7.5970028503623360e-02
   8.2576117148862552e-02
   9.2485247088930453e-02
   1.4203091495601528e-01
   7.4318501800627240e-02
   1.3047026436853301e-01
   1.1725808102247287e-01
   6.1106324510148850e-02
   1.0074286243716578e-01
   7.2666981153212878e-02
   7.7621549151037722e-02
   9.7439815086755296e-02
   9.2485247088930453e-02
   3.1378923789897963e-02
   9.0833726441516105e-02
   6.2757845157563205e-02
   1.0900047172981932e-01
   8.0924590445866432e-02
   6.2757845157563205e-02
   8.9182205794101743e-02
   9.0833726441516105e-02
   1.2056112837288335e-01
   9.0833726441516105e-02
   1.0074286243716578e-01
   1.5689461894948978e-01
   1.1230351908022980e-01
   6.6060892507973687e-02
   2.8075878861720187e-02
   2.4772834539100591e-02
   3.1378923789897963e-02
   2.1469789610922815e-02
   7.4318501800627240e-02
   4.2939579827403811e-02
   2.4772834539100591e-02
   8.2576117148862552e-02
   7.4318501800627240e-02
   5.7803280187529255e-02
   7.7621549151037722e-02
   1.3707635301377222e-01
   8.0924590445866432e-02
   6.7712413155388049e-02
   1.0404590373199449e-01
   1.1230351908022980e-01
   6.6060892507973687e-02
   5.2848713400820778e-02
   9.5788294439340935e-02
   1.1230351908022980e-01
   8.0924590445866432e-02
   6.9363933802802397e-02
   3.4681968112517558e-02
   9.5788294439340935e-02
   4.2939579827403811e-02
   8.0924590445866432e-02
   4.9545669078201182e-02
   2.9727401325809071e-02
   1.0900047172981932e-01
   6.1106324510148850e-02
   7.5970028503623360e-02
   4.1288057363314923e-02
   1.2551569637070820e-01
   7.2666981153212878e-02
   7.7621549151037722e-02
   8.0924590445866432e-02
   1.0569742437940884e-01
   2.3121312075011703e-02
   7.5970028503623360e-02
   1.0734895108240497e-01
   4.6242624150023406e-02
   5.4500235864909659e-02
   5.2848713400820778e-02
   1.0900047172981932e-01
   2.1469789610922815e-02
   2.6424357003189475e-02
   6.1106324510148850e-02
   8.7530679091105623e-02
   1.0900047172981932e-01
   5.7803280187529255e-02
   4.7894146614112287e-02
   8.7530679091105623e-02
   1.4698548295384012e-01
   8.5879158443691261e-02
   2.6424357003189475e-02
   3.9636534899226035e-02
   7.4318501800627240e-02
   3.3030446253986843e-02
   1.2221264902029770e-01
   9.2485247088930453e-02
   5.9454802651618142e-02
   1.3542482631077610e-01
   9.0833726441516105e-02
   7.1015460505798531e-02
   8.4227637796276913e-02
   4.1288057363314923e-02
   1.6680375494513947e-01
   5.4500235864909659e-02
   5.1197191542290063e-02
   2.1469789610922815e-02
   9.7439815086755296e-02
   1.4533396230642576e-01
   9.4136773791926587e-02
   1.2716721701812253e-01
   5.2848713400820778e-02
   1.3542482631077610e-01
   1.1230351908022980e-01
   5.1197191542290063e-02
   1.0074286243716578e-01
   1.5524309830207544e-01
   1.1890960772546899e-01
   5.9454802651618142e-02
   3.7985013040695327e-02
   3.4681968112517558e-02
   6.9363933802802397e-02
   4.4591102291492692e-02
   3.7985013040695327e-02
   5.6151758328998547e-02
   1.0734895108240497e-01
   5.4500235864909659e-02
   6.4409371860559339e-02
   5.2848713400820778e-02
   5.7803280187529255e-02
   8.5879158443691261e-02
   1.9818267752392107e-02
   6.4409371860559339e-02
   4.4591102291492692e-02
   4.6242624150023406e-02
   1.0734895108240497e-01
   1.4863700965683624e-01
   1.3212178501594737e-01
   1.2221264902029770e-01
   1.0239438308458013e-01
   4.7894146614112287e-02
   4.6242624150023406e-02
   3.7985013040695327e-02
   4.6242624150023406e-02
   7.4318501800627240e-02
   6.4409371860559339e-02
   1.1560656037505851e-01
   3.6333490576606439e-02
   6.1106324510148850e-02
   8.2576117148862552e-02
   4.6242624150023406e-02
   7.5970028503623360e-02
   3.6333490576606439e-02
   1.0074286243716578e-01
   4.1288057363314923e-02
   7.5970028503623360e-02
   4.2939579827403811e-02
   7.9273069798452070e-02
   5.7803280187529255e-02
   1.0239438308458013e-01
   1.0074286243716578e-01
   4.1288057363314923e-02
   1.1065199237723368e-01
   1.0239438308458013e-01
   8.5879158443691261e-02
   6.1106324510148850e-02
   1.1560656037505851e-01
   2.3121312075011703e-02
   1.0569742437940884e-01
   1.2551569637070820e-01
   1.1395503972764416e-01
   9.2485247088930453e-02
   7.2666981153212878e-02
   7.9273069798452070e-02
   6.4409371860559339e-02
   2.9727401325809071e-02
   4.1288057363314923e-02
   5.7803280187529255e-02
   1.1065199237723368e-01
   1.2386416966771206e-01
   1.0074286243716578e-01
   4.2939579827403811e-02
   5.9454802651618142e-02
   3.7985013040695327e-02
   1.2221264902029770e-01
   7.9273069798452070e-02
   4.7894146614112287e-02
   4.2939579827403811e-02
   1.1065199237723368e-01
   3.1378923789897963e-02
   7.5970028503623360e-02
   6.1106324510148850e-02
   8.2576117148862552e-02
   7.2666981153212878e-02
   5.7803280187529255e-02
   4.1288057363314923e-02
   8.7530679091105623e-02
   6.1106324510148850e-02
   1.6350070759472898e-01
   7.7621549151037722e-02
   1.0239438308458013e-01
   5.6151758328998547e-02
   7.9273069798452070e-02
   7.2666981153212878e-02
   4.9545669078201182e-02
   5.1197191542290063e-02
   6.6060892507973687e-02
   1.2056112837288335e-01
   7.1015460505798531e-02
   2.9727401325809071e-02
   9.4136773791926587e-02
   5.1197191542290063e-02
   1.2386416966771206e-01
   9.5788294439340935e-02
   9.4136773791926587e-02
   1.1230351908022980e-01
   8.7530679091105623e-02
   5.9454802651618142e-02
   9.0833726441516105e-02
   1.2056112837288335e-01
   8.0924590445866432e-02
   5.6151758328998547e-02
   6.6060892507973687e-02
   2.8075878861720187e-02
   1.2221264902029770e-01
   6.7712413155388049e-02
   1.2056112837288335e-01
   2.8075878861720187e-02
   1.3047026436853301e-01
   6.2757845157563205e-02
   9.9091335734169644e-02
   1.2386416966771206e-01
   1.9818267752392107e-02
   1.4368244165901140e-01
   7.5970028503623360e-02
   7.2666981153212878e-02
   1.0569742437940884e-01
   2.6424357003189475e-02
   3.1378923789897963e-02
   8.5879158443691261e-02
   9.2485247088930453e-02
   1.0074286243716578e-01
   9.2485247088930453e-02
   2.3121312075011703e-02
   1.1395503972764416e-01
   7.2666981153212878e-02
   9.2485247088930453e-02
   6.4409371860559339e-02
   6.4409371860559339e-02
   3.4681968112517558e-02
   9.2485247088930453e-02
   9.7439815086755296e-02
   5.7803280187529255e-02
   7.4318501800627240e-02
   4.9545669078201182e-02
   7.9273069798452070e-02
   4.7894146614112287e-02
   9.2485247088930453e-02
   9.2485247088930453e-02
   2.3121312075011703e-02
   1.2551569637070820e-01
   8.5879158443691261e-02
   4.4591102291492692e-02
   1.1560656037505851e-01
   5.7803280187529255e-02
   1.0404590373199449e-01
   6.7712413155388049e-02
   7.7621549151037722e-02
   3.3030446253986843e-02
   7.2666981153212878e-02
   4.1288057363314923e-02
   8.7530679091105623e-02
   4.2939579827403811e-02
   5.9454802651618142e-02
   6.9363933802802397e-02
   8.2576117148862552e-02
   1.2221264902029770e-01
   7.1015460505798531e-02
   5.9454802651618142e-02
   4.6242624150023406e-02
   1.1065199237723368e-01
   4.2939579827403811e-02
   3.1378923789897963e-02
   6.4409371860559339e-02
   2.6424357003189475e-02
   2.6424357003189475e-02
   3.4681968112517558e-02
   1.0074286243716578e-01
   1.0404590373199449e-01
   7.5970028503623360e-02
   1.3377330566336174e-01
   3.6333490576606439e-02
   4.9545669078201182e-02
   6.4409371860559339e-02
   7.9273069798452070e-02
   1.4863700965683624e-01
   9.5788294439340935e-02
   3.9636534899226035e-02
   3.7985013040695327e-02
   1.7010679623996816e-01
   3.3030446253986843e-02
   8.4227637796276913e-02
   6.1106324510148850e-02
   1.1230351908022980e-01
   6.2757845157563205e-02
   4.7894146614112287e-02
   1.0734895108240497e-01
   2.1469789610922815e-02
   7.9273069798452070e-02
   2.8075878861720187e-02
   2.6424357003189475e-02
   8.0924590445866432e-02
   3.3030446253986843e-02
   6.2757845157563205e-02
   4.9545669078201182e-02
   2.4772834539100591e-02
   3.6333490576606439e-02
   8.0924590445866432e-02
   7.1015460505798531e-02
   7.2666981153212878e-02
   1.9818267752392107e-02
   2.8075878861720187e-02
   6.6060892507973687e-02
   1.0569742437940884e-01
   5.1197191542290063e-02
   1.0239438308458013e-01
   6.7712413155388049e-02
   3.3030446253986843e-02
   7.5970028503623360e-02
   2.1469789610922815e-02
   1.4533396230642576e-01
   4.4591102291492692e-02
   7.4318501800627240e-02
   3.9636534899226035e-02
   8.5879158443691261e-02
   5.2848713400820778e-02
   8.4227637796276913e-02
   2.8075878861720187e-02
   9.0833726441516105e-02
   6.9363933802802397e-02
   5.2848713400820778e-02
   5.2848713400820778e-02
   1.0569742437940884e-01
   7.9273069798452070e-02
   2.9727401325809071e-02
   5.2848713400820778e-02
   3.9636534899226035e-02
   2.4772834539100591e-02
   1.0734895108240497e-01
   2.6424357003189475e-02
   9.2485247088930453e-02
   6.7712413155388049e-02
   5.1197191542290063e-02
   1.2386416966771206e-01
   1.0900047172981932e-01
   2.9727401325809071e-02
   7.9273069798452070e-02
   3.9636534899226035e-02
   6.7712413155388049e-02
   1.0569742437940884e-01
   5.1197191542290063e-02
   8.7530679091105623e-02
   4.1288057363314923e-02
   3.7985013040695327e-02
   5.7803280187529255e-02
   2.1469789610922815e-02
   2.8075878861720187e-02
   3.7985013040695327e-02
   9.9091335734169644e-02
   4.9545669078201182e-02
   4.1288057363314923e-02
   8.0924590445866432e-02
   6.1106324510148850e-02
   2.4772834539100591e-02
   2.1469789610922815e-02
   4.4591102291492692e-02
   8.4227637796276913e-02
   7.1015460505798531e-02
   4.7894146614112287e-02
   6.4409371860559339e-02
   1.0734895108240497e-01
   9.9091335734169644e-02
   2.1469789610922815e-02
   5.4500235864909659e-02
   7.4318501800627240e-02
   5.2848713400820778e-02
   9.0833726441516105e-02
   8.9182205794101743e-02
   7.5970028503623360e-02
   5.7803280187529255e-02
   8.5879158443691261e-02
   6.7712413155388049e-02
   2.3121312075011703e-02
   1.2716721701812253e-01
   6.1106324510148850e-02
   3.4681968112517558e-02
   7.9273069798452070e-02
   7.2666981153212878e-02
   7.2666981153212878e-02
   9.4136773791926587e-02
   5.2848713400820778e-02
   1.0734895108240497e-01
   9.2485247088930453e-02
   9.0833726441516105e-02
   7.4318501800627240e-02
   1.2386416966771206e-01
   1.1890960772546899e-01
   7.5970028503623360e-02
   1.0404590373199449e-01
   5.2848713400820778e-02
   5.2848713400820778e-02
   6.2757845157563205e-02
   2.6424357003189475e-02
   2.9727401325809071e-02
   3.3030446253986843e-02
   9.4136773791926587e-02
   5.9454802651618142e-02
   4.7894146614112287e-02
   8.9182205794101743e-02
   4.6242624150023406e-02
   3.3030446253986843e-02
   4.1288057363314923e-02
   7.2666981153212878e-02
   1.0569742437940884e-01
   1.2056112837288335e-01
   1.8166745288303220e-02
   6.4409371860559339e-02
   7.9273069798452070e-02
   4.6242624150023406e-02
   3.9636534899226035e-02
   5.2848713400820778e-02
   5.4500235864909659e-02
   3.1378923789897963e-02
   3.6333490576606439e-02
   2.9727401325809071e-02
   8.4227637796276913e-02
   5.9454802651618142e-02
   4.7894146614112287e-02
   1.0734895108240497e-01
   5.4500235864909659e-02
   4.6242624150023406e-02
   6.6060892507973687e-02
   1.2221264902029770e-01
   2.8075878861720187e-02
   7.9273069798452070e-02
   2.9727401325809071e-02
   7.2666981153212878e-02
   3.3030446253986843e-02
   6.9363933802802397e-02
   5.2848713400820778e-02
   1.9818267752392107e-02
   9.7439815086755296e-02
   1.8166745288303220e-02
   9.9091335734169644e-02
   7.2666981153212878e-02
   7.9273069798452070e-02
   2.4772834539100591e-02
   2.3121312075011703e-02
   1.8166745288303220e-02
   1.3212178501594737e-01
   1.9818267752392107e-02
   3.6333490576606439e-02
   5.9454802651618142e-02
   4.1288057363314923e-02
   6.2757845157563205e-02
   4.2939579827403811e-02
   3.1378923789897963e-02
   2.3121312075011703e-02
   6.6060892507973687e-02
   3.7985013040695327e-02
   3.9636534899226035e-02
   1.3047026436853301e-01
   1.8166745288303220e-02
   5.4500235864909659e-02
   3.1378923789897963e-02
   3.7985013040695327e-02
   2.6424357003189475e-02
   4.6242624150023406e-02
   1.0074286243716578e-01
   2.1469789610922815e-02
   2.8075878861720187e-02
   3.9636534899226035e-02
   1.8166745288303220e-02
   1.1890960772546899e-01
   9.5788294439340935e-02
   2.6424357003189475e-02
   2.8075878861720187e-02
   3.9636534899226035e-02
   6.4409371860559339e-02
   6.4409371860559339e-02
   7.5970028503623360e-02
   6.6060892507973687e-02
   5.1197191542290063e-02
   1.4533396230642576e-01
   6.2757845157563205e-02
   5.9454802651618142e-02
   1.0569742437940884e-01
   2.1469789610922815e-02
   2.4772834539100591e-02
   1.2056112837288335e-01
   3.9636534899226035e-02
   5.4500235864909659e-02
   4.2939579827403811e-02
   3.9636534899226035e-02
   6.6060892507973687e-02
   7.9273069798452070e-02
   4.1288057363314923e-02
   4.4591102291492692e-02
   7.7621549151037722e-02
   2.8075878861720187e-02
   3.7985013040695327e-02
   4.1288057363314923e-02
   4.7894146614112287e-02
   1.0074286243716578e-01
   2.8075878861720187e-02
   1.0900047172981932e-01
   1.0239438308458013e-01
   7.1015460505798531e-02
   9.2485247088930453e-02
   8.2576117148862552e-02
   7.9273069798452070e-02
   5.2848713400820778e-02
   2.4772834539100591e-02
   6.1106324510148850e-02
   5.4500235864909659e-02
   4.7894146614112287e-02
   1.1395503972764416e-01
   5.1197191542290063e-02
   9.4136773791926587e-02
   3.1378923789897963e-02
   1.0404590373199449e-01
   2.4772834539100591e-02
   4.1288057363314923e-02
   7.9273069798452070e-02
   9.7439815086755296e-02
   6.9363933802802397e-02
   9.2485247088930453e-02
   3.1378923789897963e-02
   4.2939579827403811e-02
   3.6333490576606439e-02
   3.1378923789897963e-02
   4.7894146614112287e-02
   1.0569742437940884e-01
   4.7894146614112287e-02
   1.8166745288303220e-02
   9.9091335734169644e-02
   8.2576117148862552e-02
   3.7985013040695327e-02
   1.1230351908022980e-01
   2.4772834539100591e-02
   5.2848713400820778e-02
   3.9636534899226035e-02
   2.1469789610922815e-02
   2.9727401325809071e-02
   1.9818267752392107e-02
   7.7621549151037722e-02
   6.9363933802802397e-02
   2.8075878861720187e-02
   1.9818267752392107e-02
   2.1469789610922815e-02
   3.3030446253986843e-02
   2.6424357003189475e-02
   3.9636534899226035e-02
   4.4591102291492692e-02
   9.0833726441516105e-02
   3.4681968112517558e-02
   9.0833726441516105e-02
   8.9182205794101743e-02
   3.3030446253986843e-02
   8.4227637796276913e-02
   1.0404590373199449e-01
   2.3121312075011703e-02
   9.7439815086755296e-02
   2.3121312075011703e-02
   1.4203091495601528e-01
   5.1197191542290063e-02
   6.1106324510148850e-02
   7.7621549151037722e-02
   1.0900047172981932e-01
   1.0239438308458013e-01
   4.4591102291492692e-02
   1.1560656037505851e-01
   2.9727401325809071e-02
   7.2666981153212878e-02
   2.4772834539100591e-02
   1.0074286243716578e-01
   3.6333490576606439e-02
   4.6242624150023406e-02
   8.7530679091105623e-02
   1.1560656037505851e-01
   9.5788294439340935e-02
   3.9636534899226035e-02
   9.2485247088930453e-02
   8.9182205794101743e-02
   5.9454802651618142e-02
   1.8166745288303220e-02
   4.1288057363314923e-02
   7.1015460505798531e-02
   2.8075878861720187e-02
   6.9363933802802397e-02
   1.4037939430860091e-01
   9.9091335734169644e-02
   3.6333490576606439e-02
   4.7894146614112287e-02
   3.6333490576606439e-02
   8.4227637796276913e-02
   8.5879158443691261e-02
   9.5788294439340935e-02
   4.4591102291492692e-02
   6.9363933802802397e-02
   1.2056112837288335e-01
   5.6151758328998547e-02
   4.7894146614112287e-02
   5.2848713400820778e-02
   1.0074286243716578e-01
   2.1469789610922815e-02
   5.6151758328998547e-02
   7.4318501800627240e-02
   3.4681968112517558e-02
   3.4681968112517558e-02
   8.9182205794101743e-02
   4.6242624150023406e-02
   2.1469789610922815e-02
   2.6424357003189475e-02
   5.1197191542290063e-02
   7.9273069798452070e-02
   4.7894146614112287e-02
   4.6242624150023406e-02
   4.9545669078201182e-02
   5.2848713400820778e-02
   3.3030446253986843e-02
   5.9454802651618142e-02
   2.4772834539100591e-02
   5.7803280187529255e-02
   1.8166745288303220e-02
   6.4409371860559339e-02
   4.4591102291492692e-02
   1.1560656037505851e-01
   8.0924590445866432e-02
   5.1197191542290063e-02
   4.2939579827403811e-02
   4.7894146614112287e-02
   8.0924590445866432e-02
   5.2848713400820778e-02
   4.6242624150023406e-02
   8.2576117148862552e-02
   3.7985013040695327e-02
   4.7894146614112287e-02
   5.4500235864909659e-02
   3.4681968112517558e-02
   7.9273069798452070e-02
   3.7985013040695327e-02
   2.8075878861720187e-02
   1.0569742437940884e-01
   2.1469789610922815e-02
   7.2666981153212878e-02
   6.7712413155388049e-02
   1.8166745288303220e-02
   5.4500235864909659e-02
   1.1230351908022980e-01
   8.7530679091105623e-02
   6.2757845157563205e-02
   7.9273069798452070e-02
   1.0569742437940884e-01
   7.2666981153212878e-02
   6.1106324510148850e-02
   3.3030446253986843e-02
   9.5788294439340935e-02
   8.4227637796276913e-02
   6.2757845157563205e-02
   6.6060892507973687e-02
   6.1106324510148850e-02
   8.4227637796276913e-02
   1.3047026436853301e-01
   7.4318501800627240e-02
   8.5879158443691261e-02
   6.6060892507973687e-02
   4.4591102291492692e-02
   3.1378923789897963e-02
   7.7621549151037722e-02
   6.2757845157563205e-02
   1.1230351908022980e-01
   5.6151758328998547e-02
   7.7621549151037722e-02
   7.7621549151037722e-02
   4.2939579827403811e-02
   1.2881873766553689e-01
   7.4318501800627240e-02
   3.7985013040695327e-02
   2.1469789610922815e-02
   4.7894146614112287e-02
   2.8075878861720187e-02
   8.2576117148862552e-02
   9.4136773791926587e-02
   3.3030446253986843e-02
   8.0924590445866432e-02
   1.1890960772546899e-01
   4.7894146614112287e-02
   2.6424357003189475e-02
   8.7530679091105623e-02
   4.4591102291492692e-02
   6.7712413155388049e-02
   3.3030446253986843e-02
   2.9727401325809071e-02
   3.7985013040695327e-02
   3.3030446253986843e-02
   4.7894146614112287e-02
   4.7894146614112287e-02
   5.2848713400820778e-02
   4.1288057363314923e-02
   2.1469789610922815e-02
   3.9636534899226035e-02
   2.1469789610922815e-02
   6.4409371860559339e-02
   2.6424357003189475e-02
   7.1015460505798531e-02
   5.2848713400820778e-02
   3.1378923789897963e-02
   2.9727401325809071e-02
   6.6060892507973687e-02
   6.7712413155388049e-02
   1.9818267752392107e-02
   2.6424357003189475e-02
   5.7803280187529255e-02
   4.9545669078201182e-02
   3.6333490576606439e-02
   7.2666981153212878e-02
   5.6151758328998547e-02
   3.7985013040695327e-02
   6.7712413155388049e-02
   4.2939579827403811e-02
   5.2848713400820778e-02
   3.1378923789897963e-02
   3.1378923789897963e-02
   4.4591102291492692e-02
   7.2666981153212878e-02
   6.7712413155388049e-02
   3.4681968112517558e-02
   5.1197191542290063e-02
   2.9727401325809071e-02
   4.4591102291492692e-02
   7.9273069798452070e-02
   5.9454802651618142e-02
   7.1015460505798531e-02
   4.7894146614112287e-02
   4.1288057363314923e-02
   3.3030446253986843e-02
   6.1106324510148850e-02
   6.2757845157563205e-02
   6.2757845157563205e-02
   1.8166745288303220e-02
   1.1065199237723368e-01
   2.3121312075011703e-02
   6.7712413155388049e-02
   2.9727401325809071e-02
   3.3030446253986843e-02
   5.2848713400820778e-02
   9.4136773791926587e-02
   3.1378923789897963e-02
   6.7712413155388049e-02
   6.4409371860559339e-02
   1.9818267752392107e-02
   7.2666981153212878e-02
   3.1378923789897963e-02
   5.9454802651618142e-02
   6.6060892507973687e-02
   4.6242624150023406e-02
   4.2939579827403811e-02
   3.4681968112517558e-02
   1.9818267752392107e-02
   3.9636534899226035e-02
   4.9545669078201182e-02
   5.7803280187529255e-02
   3.4681968112517558e-02
   3.9636534899226035e-02
   3.9636534899226035e-02
   2.4772834539100591e-02
   5.9454802651618142e-02
   3.1378923789897963e-02
   7.4318501800627240e-02
   2.4772834539100591e-02
   2.4772834539100591e-02
   6.6060892507973687e-02
   2.8075878861720187e-02
   6.6060892507973687e-02
   4.6242624150023406e-02
   5.2848713400820778e-02
   3.3030446253986843e-02
   1.1230351908022980e-01
   5.4500235864909659e-02
   2.1469789610922815e-02
   5.9454802651618142e-02
   7.5970028503623360e-02
   6.7712413155388049e-02
   4.4591102291492692e-02
   4.1288057363314923e-02
   2.6424357003189475e-02
   9.2485247088930453e-02
   4.1288057363314923e-02
   2.6424357003189475e-02
   7.5970028503623360e-02
   3.9636534899226035e-02
   3.9636534899226035e-02
   3.4681968112517558e-02
   2.6424357003189475e-02
   6.6060892507973687e-02
   2.8075878861720187e-02
   3.7985013040695327e-02
   1.9818267752392107e-02
   3.4681968112517558e-02
   2.9727401325809071e-02
   5.9454802651618142e-02
   2.8075878861720187e-02
   5.7803280187529255e-02
   2.6424357003189475e-02
   4.6242624150023406e-02
   3.4681968112517558e-02
   3.6333490576606439e-02
   6.7712413155388049e-02
   5.2848713400820778e-02
   2.6424357003189475e-02
   5.6151758328998547e-02
   4.2939579827403811e-02
   3.4681968112517558e-02
   4.2939579827403811e-02
   7.1015460505798531e-02
   3.1378923789897963e-02
   2.6424357003189475e-02
   5.9454802651618142e-02
   6.6060892507973687e-02
   5.2848713400820778e-02
   2.3121312075011703e-02
   6.1106324510148850e-02
   4.7894146614112287e-02
   6.9363933802802397e-02
   5.2848713400820778e-02
   4.2939579827403811e-02
   2.6424357003189475e-02
   2.9727401325809071e-02
   3.6333490576606439e-02
   6.7712413155388049e-02
   5.7803280187529255e-02
   2.3121312075011703e-02
   2.9727401325809071e-02
   2.9727401325809071e-02
   6.4409371860559339e-02
   3.4681968112517558e-02
   2.1469789610922815e-02
   3.3030446253986843e-02
   4.7894146614112287e-02
   5.1197191542290063e-02
   6.1106324510148850e-02
   6.2757845157563205e-02
   2.6424357003189475e-02
   3.7985013040695327e-02
   4.7894146614112287e-02
   3.3030446253986843e-02
   4.1288057363314923e-02
   6.2757845157563205e-02
   9.9091335734169644e-02
   9.2485247088930453e-02
   7.1015460505798531e-02
   2.8075878861720187e-02
   8.0924590445866432e-02
   1.1230351908022980e-01
   2.6424357003189475e-02
   2.9727401325809071e-02
   6.1106324510148850e-02
   1.2551569637070820e-01
   2.3121312075011703e-02
   2.4772834539100591e-02
   7.2666981153212878e-02
   3.6333490576606439e-02
   2.9727401325809071e-02
   8.5879158443691261e-02
   3.1378923789897963e-02
   3.4681968112517558e-02
