   9.1670788836398870e-02
   7.2100619872983066e-02
   1.5038129119460736e-01
   1.0712092199004089e-01
   1.1227096335322893e-01
   1.4420123974596613e-01
   1.2875110659232411e-01
   7.2100619872983066e-02
   1.1330097343868212e-01
   1.0300088618026709e-01
   1.0197087609481391e-01
   8.3430717216851275e-02
   1.0403089173368132e-01
   1.2669108642141774e-01
   1.0609091190458771e-01
   1.1021094771436150e-01
   1.1330097343868212e-01
   1.1227096335322893e-01
   1.2360106069709714e-01
   1.4935128110915419e-01
   1.1330097343868212e-01
   7.6220655682756863e-02
   8.0340691492530661e-02
   9.3730804475266299e-02
   9.5790824646172681e-02
   1.3184113231664474e-01
   1.0300088618026709e-01
   7.3130629958436250e-02
   1.1021094771436150e-01
   1.0094086600936071e-01
   7.7250665768210047e-02
   1.0094086600936071e-01
   1.3390115248755111e-01
   8.7550753026625072e-02
   1.1948102488732334e-01
   9.8880850370493295e-02
   1.0712092199004089e-01
   9.9910860455946479e-02
   1.0609091190458771e-01
   1.4420123974596613e-01
   1.4935128110915419e-01
   1.4008120393619233e-01
   1.5141130128006053e-01
   1.1845101933390910e-01
   9.3730804475266299e-02
   8.9610768665492502e-02
   1.2257105514368290e-01
   8.9610768665492502e-02
   1.3699117821187173e-01
   1.1433098352413530e-01
   9.5790824646172681e-02
   1.2154104505822971e-01
   1.1639099916300273e-01
   8.1370697045944906e-02
   1.0815092754345514e-01
   8.8580763112078256e-02
   1.2360106069709714e-01
   1.0403089173368132e-01
   1.0197087609481391e-01
   1.4420123974596613e-01
   9.6820830199586913e-02
   7.9310681407077477e-02
   1.0094086600936071e-01
   8.0340691492530661e-02
   1.2875110659232411e-01
   1.3699117821187173e-01
   1.0300088618026709e-01
   1.0918093762890832e-01
   1.0609091190458771e-01
   1.6583142434824938e-01
   9.5790824646172681e-02
   1.0712092199004089e-01
   1.4008120393619233e-01
   1.2875110659232411e-01
   1.2875110659232411e-01
   1.1021094771436150e-01
   8.3430717216851275e-02
   7.9310681407077477e-02
   1.4008120393619233e-01
   9.9910860455946479e-02
   8.2400707131398090e-02
   7.3130629958436250e-02
   8.0340691492530661e-02
   7.2100619872983066e-02
   9.5790824646172681e-02
   1.0300088618026709e-01
   1.4935128110915419e-01
   1.0815092754345514e-01
   1.0197087609481391e-01
   1.0815092754345514e-01
   1.3802118376528597e-01
   8.5490732855718704e-02
   1.3905119385073916e-01
   1.4111121402164553e-01
   9.5790824646172681e-02
   1.2978111667777731e-01
   1.1845101933390910e-01
   8.3430717216851275e-02
   1.4214121957505976e-01
   7.4160635511850495e-02
   1.2360106069709714e-01
   9.1670788836398870e-02
   1.5347131691892799e-01
   1.2772109650687094e-01
   1.1948102488732334e-01
   9.7850840285040097e-02
   1.2463107078255033e-01
   1.3596116812641854e-01
   1.0403089173368132e-01
   7.1070609787529881e-02
   7.2100619872983066e-02
   7.0040599702076697e-02
   1.5656134717528752e-01
   1.0815092754345514e-01
   1.4111121402164553e-01
   1.3184113231664474e-01
   9.5790824646172681e-02
   1.3905119385073916e-01
   1.4420123974596613e-01
   1.5965137289960812e-01
   8.8580763112078256e-02
   1.1124095779981469e-01
   1.6995146015802318e-01
   9.4760814560719484e-02
   8.6520742941171888e-02
   9.0640778750945686e-02
   1.2051103497277653e-01
   1.2154104505822971e-01
   9.0640778750945686e-02
   7.1070609787529881e-02
   1.0197087609481391e-01
   7.3130629958436250e-02
   1.5759135272870178e-01
   1.3802118376528597e-01
   1.2360106069709714e-01
   1.1742100924845592e-01
   8.5490732855718704e-02
   1.3390115248755111e-01
   1.5141130128006053e-01
   9.2700794389813115e-02
   1.1021094771436150e-01
   1.5038129119460736e-01
   1.0197087609481391e-01
   1.6686143443370255e-01
   9.0640778750945686e-02
   1.5141130128006053e-01
   9.2700794389813115e-02
   7.4160635511850495e-02
   9.9910860455946479e-02
   1.6377140870938195e-01
   1.3905119385073916e-01
   8.7550753026625072e-02
   1.3390115248755111e-01
   1.1433098352413530e-01
   1.1330097343868212e-01
   1.1536098907754955e-01
   8.7550753026625072e-02
   1.4008120393619233e-01
   1.6686143443370255e-01
   7.5190645597303679e-02
   9.4760814560719484e-02
   1.3905119385073916e-01
   1.3493115804096534e-01
   9.6820830199586913e-02
   1.4935128110915419e-01
   7.4160635511850495e-02
   1.2360106069709714e-01
   1.4523124983141930e-01
   1.3390115248755111e-01
   1.0403089173368132e-01
   1.5244131136551373e-01
   9.1670788836398870e-02
   9.3730804475266299e-02
   1.2051103497277653e-01
   1.1227096335322893e-01
   1.3905119385073916e-01
   7.3130629958436250e-02
   7.6220655682756863e-02
   1.3184113231664474e-01
   7.9310681407077477e-02
   1.1536098907754955e-01
   8.9610768665492502e-02
   9.2700794389813115e-02
   1.2463107078255033e-01
   1.2669108642141774e-01
   1.1639099916300273e-01
   9.1670788836398870e-02
   8.4460727302304459e-02
   1.4111121402164553e-01
   8.5490732855718704e-02
   1.3699117821187173e-01
   1.6274139862392875e-01
   7.5190645597303679e-02
   1.1433098352413530e-01
   7.3130629958436250e-02
   9.6820830199586913e-02
   1.5141130128006053e-01
   1.4935128110915419e-01
   1.1227096335322893e-01
   1.3390115248755111e-01
   1.0609091190458771e-01
   1.4832127555573993e-01
   9.7850840285040097e-02
   1.3802118376528597e-01
   1.5347131691892799e-01
   1.3905119385073916e-01
   1.2772109650687094e-01
   1.2669108642141774e-01
   1.3905119385073916e-01
   1.5965137289960812e-01
   1.5347131691892799e-01
   1.1330097343868212e-01
   9.2700794389813115e-02
   1.0609091190458771e-01
   1.0918093762890832e-01
   1.6995146015802318e-01
   8.5490732855718704e-02
   1.1536098907754955e-01
   1.4626125538483359e-01
   1.2257105514368290e-01
   6.9010594148662452e-02
   7.1070609787529881e-02
   7.4160635511850495e-02
   1.3390115248755111e-01
   8.5490732855718704e-02
   9.3730804475266299e-02
   1.4626125538483359e-01
   8.8580763112078256e-02
   1.1124095779981469e-01
   1.5656134717528752e-01
   9.0640778750945686e-02
   1.1227096335322893e-01
   8.7550753026625072e-02
   1.2051103497277653e-01
   1.6583142434824938e-01
   1.5862136281415495e-01
   7.0040599702076697e-02
   1.0403089173368132e-01
   1.5965137289960812e-01
   1.5450132700438118e-01
   1.1742100924845592e-01
   1.2360106069709714e-01
   9.0640778750945686e-02
   6.9010594148662452e-02
   1.3699117821187173e-01
   1.5141130128006053e-01
   9.8880850370493295e-02
   1.3390115248755111e-01
   1.5656134717528752e-01
   9.9910860455946479e-02
   1.1639099916300273e-01
   1.1330097343868212e-01
   1.0094086600936071e-01
   1.2154104505822971e-01
   1.0300088618026709e-01
   1.6480141426279618e-01
   1.1433098352413530e-01
   1.3493115804096534e-01
   9.8880850370493295e-02
   8.1370697045944906e-02
   9.1670788836398870e-02
   6.9010594148662452e-02
   8.7550753026625072e-02
   7.2100619872983066e-02
   1.1536098907754955e-01
   8.5490732855718704e-02
   1.0300088618026709e-01
   8.5490732855718704e-02
   8.8580763112078256e-02
   9.6820830199586913e-02
   6.9010594148662452e-02
   1.2154104505822971e-01
   1.4832127555573993e-01
   1.3802118376528597e-01
   1.6274139862392875e-01
   9.4760814560719484e-02
   1.4729126547028676e-01
   1.6068137845302241e-01
   1.1433098352413530e-01
   7.6220655682756863e-02
   7.3130629958436250e-02
   8.8580763112078256e-02
   1.0918093762890832e-01
   1.0506090181913452e-01
   1.1227096335322893e-01
   7.0040599702076697e-02
   1.3184113231664474e-01
   1.5347131691892799e-01
   9.3730804475266299e-02
   8.9610768665492502e-02
   7.6220655682756863e-02
   1.4626125538483359e-01
   1.4111121402164553e-01
   1.2154104505822971e-01
   1.1021094771436150e-01
   8.6520742941171888e-02
   1.2463107078255033e-01
   1.0815092754345514e-01
   1.0506090181913452e-01
   1.3493115804096534e-01
   9.4760814560719484e-02
   1.4111121402164553e-01
   7.7250665768210047e-02
   1.1433098352413530e-01
   9.5790824646172681e-02
   1.5862136281415495e-01
   8.7550753026625072e-02
   1.6789144451915572e-01
   1.2669108642141774e-01
   1.4420123974596613e-01
   9.4760814560719484e-02
   1.6068137845302241e-01
   9.6820830199586913e-02
   1.1639099916300273e-01
   9.5790824646172681e-02
   1.3699117821187173e-01
   1.1639099916300273e-01
   1.2566108086800351e-01
   1.3802118376528597e-01
   1.2257105514368290e-01
   1.0403089173368132e-01
   1.5450132700438118e-01
   1.6377140870938195e-01
   9.5790824646172681e-02
   1.5038129119460736e-01
   8.8580763112078256e-02
   1.3081112223119154e-01
   1.2566108086800351e-01
   1.2875110659232411e-01
   1.0506090181913452e-01
   1.3184113231664474e-01
   1.2257105514368290e-01
   1.1433098352413530e-01
   1.0300088618026709e-01
   1.6377140870938195e-01
   8.9610768665492502e-02
   1.3802118376528597e-01
   9.5790824646172681e-02
   1.6274139862392875e-01
   7.8280671321624293e-02
   1.1330097343868212e-01
   1.1021094771436150e-01
   9.6820830199586913e-02
   1.2154104505822971e-01
   1.1021094771436150e-01
   1.6171138853847558e-01
   1.6480141426279618e-01
   8.9610768665492502e-02
   7.0040599702076697e-02
   1.5862136281415495e-01
   1.0815092754345514e-01
   9.5790824646172681e-02
   1.3081112223119154e-01
   1.6274139862392875e-01
   1.6892145007257001e-01
   1.4214121957505976e-01
   9.3730804475266299e-02
   1.3905119385073916e-01
   1.1536098907754955e-01
   1.1948102488732334e-01
   8.8580763112078256e-02
   1.0506090181913452e-01
   8.4460727302304459e-02
   1.1948102488732334e-01
   6.9010594148662452e-02
   1.0815092754345514e-01
   1.2463107078255033e-01
   1.4214121957505976e-01
   7.8280671321624293e-02
   8.6520742941171888e-02
   1.0712092199004089e-01
   7.5190645597303679e-02
   1.6171138853847558e-01
   1.0300088618026709e-01
   8.0340691492530661e-02
   7.3130629958436250e-02
   9.4760814560719484e-02
   8.3430717216851275e-02
   7.3130629958436250e-02
   9.0640778750945686e-02
   1.0609091190458771e-01
   9.6820830199586913e-02
   8.5490732855718704e-02
   1.4523124983141930e-01
   1.1330097343868212e-01
   1.4111121402164553e-01
   6.9010594148662452e-02
   1.2978111667777731e-01
   1.3287114240209794e-01
   1.6274139862392875e-01
   1.0300088618026709e-01
   1.3081112223119154e-01
   8.8580763112078256e-02
   1.0300088618026709e-01
   1.4214121957505976e-01
   1.3184113231664474e-01
   1.2463107078255033e-01
   1.4729126547028676e-01
   9.1670788836398870e-02
   1.5347131691892799e-01
   9.8880850370493295e-02
   1.2669108642141774e-01
   1.0815092754345514e-01
   7.5190645597303679e-02
   1.2772109650687094e-01
   7.7250665768210047e-02
   9.9910860455946479e-02
   7.0040599702076697e-02
   1.2669108642141774e-01
   1.4420123974596613e-01
   1.0712092199004089e-01
   1.0918093762890832e-01
   7.5190645597303679e-02
   1.0403089173368132e-01
   1.2463107078255033e-01
   1.3081112223119154e-01
   1.4935128110915419e-01
   1.5450132700438118e-01
   1.1948102488732334e-01
   1.0197087609481391e-01
   1.2669108642141774e-01
   1.3699117821187173e-01
   8.1370697045944906e-02
   1.5244131136551373e-01
   1.1124095779981469e-01
   1.0609091190458771e-01
   7.8280671321624293e-02
   1.0197087609481391e-01
   1.5347131691892799e-01
   1.3905119385073916e-01
   1.0609091190458771e-01
   1.1021094771436150e-01
   1.3287114240209794e-01
   9.7850840285040097e-02
   1.4420123974596613e-01
   1.6686143443370255e-01
   7.1070609787529881e-02
   1.3287114240209794e-01
   1.2875110659232411e-01
   7.3130629958436250e-02
   1.4111121402164553e-01
   7.3130629958436250e-02
   1.2154104505822971e-01
   7.9310681407077477e-02
   1.0609091190458771e-01
   1.1845101933390910e-01
   1.4111121402164553e-01
   1.1433098352413530e-01
   1.3081112223119154e-01
   1.0609091190458771e-01
   1.3081112223119154e-01
   9.3730804475266299e-02
   1.3905119385073916e-01
   1.2772109650687094e-01
   1.0094086600936071e-01
   1.2566108086800351e-01
   1.6274139862392875e-01
   1.5347131691892799e-01
   1.1021094771436150e-01
   1.1124095779981469e-01
   8.1370697045944906e-02
   1.3699117821187173e-01
   1.3905119385073916e-01
   1.5759135272870178e-01
   1.0506090181913452e-01
   1.0815092754345514e-01
   1.3905119385073916e-01
   1.6583142434824938e-01
   8.1370697045944906e-02
   1.6480141426279618e-01
   1.3905119385073916e-01
   8.5490732855718704e-02
   1.1845101933390910e-01
   9.4760814560719484e-02
   7.0040599702076697e-02
   1.0918093762890832e-01
   1.2978111667777731e-01
   1.0094086600936071e-01
   1.5553133708983435e-01
   1.1227096335322893e-01
   9.3730804475266299e-02
   1.3184113231664474e-01
   1.1639099916300273e-01
   8.0340691492530661e-02
   7.9310681407077477e-02
   9.4760814560719484e-02
   9.7850840285040097e-02
   1.2360106069709714e-01
   1.6686143443370255e-01
   1.0403089173368132e-01
   9.3730804475266299e-02
   1.0094086600936071e-01
   6.9010594148662452e-02
   8.2400707131398090e-02
   1.4729126547028676e-01
   9.0640778750945686e-02
   1.3596116812641854e-01
   7.8280671321624293e-02
   1.3802118376528597e-01
   1.3390115248755111e-01
   1.0403089173368132e-01
   1.0506090181913452e-01
   1.4214121957505976e-01
   1.1124095779981469e-01
   1.0918093762890832e-01
   1.1639099916300273e-01
   1.1021094771436150e-01
   1.0815092754345514e-01
   1.0506090181913452e-01
   7.2100619872983066e-02
   1.1948102488732334e-01
   7.4160635511850495e-02
   1.3905119385073916e-01
   1.2463107078255033e-01
   7.9310681407077477e-02
   7.6220655682756863e-02
   1.0712092199004089e-01
   1.1639099916300273e-01
   1.1948102488732334e-01
   9.4760814560719484e-02
   1.2772109650687094e-01
   7.7250665768210047e-02
   9.7850840285040097e-02
   1.0712092199004089e-01
   1.5759135272870178e-01
   1.3802118376528597e-01
   1.2257105514368290e-01
   7.3130629958436250e-02
   9.3730804475266299e-02
   1.4626125538483359e-01
   1.1536098907754955e-01
   1.4729126547028676e-01
   1.6171138853847558e-01
   1.0506090181913452e-01
   1.3287114240209794e-01
   7.6220655682756863e-02
   1.5244131136551373e-01
   1.3699117821187173e-01
   8.3430717216851275e-02
   9.4760814560719484e-02
   1.6377140870938195e-01
   1.1742100924845592e-01
   1.2875110659232411e-01
   1.3493115804096534e-01
   7.7250665768210047e-02
   1.1433098352413530e-01
   8.0340691492530661e-02
   1.1536098907754955e-01
   7.3130629958436250e-02
   9.4760814560719484e-02
   1.3390115248755111e-01
   1.2875110659232411e-01
   1.0506090181913452e-01
   1.0197087609481391e-01
   9.5790824646172681e-02
   1.2463107078255033e-01
   1.5862136281415495e-01
   7.2100619872983066e-02
   1.2772109650687094e-01
   9.3730804475266299e-02
   1.3596116812641854e-01
   1.4111121402164553e-01
   1.0506090181913452e-01
   7.8280671321624293e-02
   9.9910860455946479e-02
   7.8280671321624293e-02
   9.7850840285040097e-02
   8.8580763112078256e-02
   1.1845101933390910e-01
   1.1433098352413530e-01
   9.9910860455946479e-02
   1.1742100924845592e-01
   9.3730804475266299e-02
   8.9610768665492502e-02
   7.1070609787529881e-02
   6.9010594148662452e-02
   1.4214121957505976e-01
   8.2400707131398090e-02
   8.0340691492530661e-02
   1.5553133708983435e-01
   6.9010594148662452e-02
   1.4008120393619233e-01
   1.4111121402164553e-01
   1.2463107078255033e-01
   1.0609091190458771e-01
   1.0094086600936071e-01
   8.9610768665492502e-02
   8.9610768665492502e-02
   1.0609091190458771e-01
   9.0640778750945686e-02
   1.6583142434824938e-01
   1.0609091190458771e-01
   7.1070609787529881e-02
   9.1670788836398870e-02
   1.4935128110915419e-01
   1.0506090181913452e-01
   1.3596116812641854e-01
   1.2257105514368290e-01
   8.2400707131398090e-02
   7.5190645597303679e-02
   1.0506090181913452e-01
   1.3699117821187173e-01
   1.0712092199004089e-01
   9.7850840285040097e-02
   1.1124095779981469e-01
   1.2257105514368290e-01
   1.4935128110915419e-01
   1.2566108086800351e-01
   8.7550753026625072e-02
   7.2100619872983066e-02
   7.2100619872983066e-02
   9.6820830199586913e-02
   1.3081112223119154e-01
   6.7980584063209268e-02
   7.5190645597303679e-02
   1.6068137845302241e-01
   1.0300088618026709e-01
   9.9910860455946479e-02
   1.2463107078255033e-01
   1.1948102488732334e-01
   1.4523124983141930e-01
   1.1021094771436150e-01
   1.1742100924845592e-01
   9.7850840285040097e-02
   1.4832127555573993e-01
   8.3430717216851275e-02
   1.4111121402164553e-01
   1.3493115804096534e-01
   1.1639099916300273e-01
   9.2700794389813115e-02
   7.5190645597303679e-02
   1.1227096335322893e-01
   8.6520742941171888e-02
   1.2566108086800351e-01
   1.4008120393619233e-01
   8.7550753026625072e-02
   8.0340691492530661e-02
   1.0506090181913452e-01
   1.0609091190458771e-01
   1.5141130128006053e-01
   1.1845101933390910e-01
   8.9610768665492502e-02
   1.4317122966051296e-01
   9.8880850370493295e-02
   8.7550753026625072e-02
   1.5038129119460736e-01
   1.5347131691892799e-01
   1.3802118376528597e-01
   8.2400707131398090e-02
   1.3081112223119154e-01
   1.4523124983141930e-01
   1.3802118376528597e-01
   1.1639099916300273e-01
   7.6220655682756863e-02
   1.2051103497277653e-01
   1.4626125538483359e-01
   1.3699117821187173e-01
   1.1227096335322893e-01
   9.5790824646172681e-02
   1.5141130128006053e-01
   6.9010594148662452e-02
   1.3081112223119154e-01
   1.1639099916300273e-01
   9.4760814560719484e-02
   1.1021094771436150e-01
   1.6480141426279618e-01
   9.6820830199586913e-02
   7.8280671321624293e-02
   1.5038129119460736e-01
   1.0815092754345514e-01
   1.3081112223119154e-01
   1.1639099916300273e-01
   9.8880850370493295e-02
   7.7250665768210047e-02
   1.1742100924845592e-01
   9.9910860455946479e-02
   7.6220655682756863e-02
   8.3430717216851275e-02
   1.1021094771436150e-01
   6.9010594148662452e-02
   7.2100619872983066e-02
   1.5656134717528752e-01
   1.6274139862392875e-01
   1.3493115804096534e-01
   1.6995146015802318e-01
   8.8580763112078256e-02
   1.3287114240209794e-01
   1.1536098907754955e-01
   1.1433098352413530e-01
   1.2463107078255033e-01
   8.7550753026625072e-02
   1.6789144451915572e-01
   7.4160635511850495e-02
   1.1227096335322893e-01
   9.1670788836398870e-02
   1.1021094771436150e-01
   8.5490732855718704e-02
   8.5490732855718704e-02
   1.6274139862392875e-01
   1.5965137289960812e-01
   1.4111121402164553e-01
   1.1021094771436150e-01
   1.3596116812641854e-01
   7.8280671321624293e-02
   1.5347131691892799e-01
   1.6892145007257001e-01
   1.4626125538483359e-01
   1.1124095779981469e-01
   9.4760814560719484e-02
   1.1742100924845592e-01
   1.1639099916300273e-01
   8.6520742941171888e-02
   1.0300088618026709e-01
   1.5759135272870178e-01
   1.3493115804096534e-01
   1.1330097343868212e-01
   1.4317122966051296e-01
   1.0197087609481391e-01
   7.4160635511850495e-02
   1.4832127555573993e-01
   1.4523124983141930e-01
   1.3390115248755111e-01
   7.5190645597303679e-02
   7.8280671321624293e-02
   9.7850840285040097e-02
   1.2463107078255033e-01
   1.0506090181913452e-01
   8.8580763112078256e-02
   6.7980584063209268e-02
   9.8880850370493295e-02
   8.8580763112078256e-02
   8.9610768665492502e-02
   1.0094086600936071e-01
   1.1639099916300273e-01
   1.1227096335322893e-01
   1.0609091190458771e-01
   8.0340691492530661e-02
   1.1845101933390910e-01
   1.4008120393619233e-01
   1.0918093762890832e-01
   9.5790824646172681e-02
   7.7250665768210047e-02
   1.4420123974596613e-01
   1.1948102488732334e-01
   9.8880850370493295e-02
   1.5038129119460736e-01
   1.3802118376528597e-01
   1.0403089173368132e-01
   1.3081112223119154e-01
   9.3730804475266299e-02
   1.6583142434824938e-01
   1.5759135272870178e-01
   1.0403089173368132e-01
   1.6686143443370255e-01
   1.2257105514368290e-01
   1.2463107078255033e-01
   9.8880850370493295e-02
   1.6480141426279618e-01
   9.1670788836398870e-02
   1.1845101933390910e-01
   9.1670788836398870e-02
   1.1536098907754955e-01
   1.3905119385073916e-01
   7.3130629958436250e-02
   1.1124095779981469e-01
   1.2669108642141774e-01
   1.3493115804096534e-01
   9.7850840285040097e-02
   1.3287114240209794e-01
   1.0712092199004089e-01
   9.0640778750945686e-02
   1.6171138853847558e-01
   1.3905119385073916e-01
   1.3287114240209794e-01
   1.6068137845302241e-01
   9.4760814560719484e-02
   8.2400707131398090e-02
   1.1124095779981469e-01
   1.1433098352413530e-01
   9.6820830199586913e-02
   9.5790824646172681e-02
   9.9910860455946479e-02
   1.0197087609481391e-01
   1.2875110659232411e-01
   1.3184113231664474e-01
   9.1670788836398870e-02
   1.1536098907754955e-01
   1.3699117821187173e-01
   1.0712092199004089e-01
   1.3184113231664474e-01
   7.6220655682756863e-02
   7.3130629958436250e-02
   7.5190645597303679e-02
   1.2669108642141774e-01
   8.1370697045944906e-02
   1.0403089173368132e-01
   1.2566108086800351e-01
   1.3493115804096534e-01
   1.0815092754345514e-01
   7.0040599702076697e-02
   7.7250665768210047e-02
   7.8280671321624293e-02
   1.2978111667777731e-01
   9.7850840285040097e-02
   1.0815092754345514e-01
   1.1742100924845592e-01
   1.5553133708983435e-01
   1.2463107078255033e-01
   7.9310681407077477e-02
   1.0712092199004089e-01
   1.6789144451915572e-01
   1.5759135272870178e-01
   9.9910860455946479e-02
   1.5244131136551373e-01
   1.4111121402164553e-01
   1.3596116812641854e-01
   1.3287114240209794e-01
   1.6171138853847558e-01
   1.2566108086800351e-01
   1.1227096335322893e-01
   1.1845101933390910e-01
   1.5141130128006053e-01
   1.2154104505822971e-01
   1.3081112223119154e-01
   7.3130629958436250e-02
   1.1330097343868212e-01
   1.4214121957505976e-01
   1.3905119385073916e-01
   8.1370697045944906e-02
   7.7250665768210047e-02
   9.8880850370493295e-02
   1.0094086600936071e-01
   1.5038129119460736e-01
   1.5450132700438118e-01
   1.2875110659232411e-01
   1.4214121957505976e-01
   9.2700794389813115e-02
   1.1433098352413530e-01
   1.6995146015802318e-01
   7.1070609787529881e-02
   9.4760814560719484e-02
   1.1433098352413530e-01
   1.1845101933390910e-01
   1.5141130128006053e-01
   1.1948102488732334e-01
   1.4008120393619233e-01
   1.0815092754345514e-01
   1.1124095779981469e-01
   1.4420123974596613e-01
   1.1536098907754955e-01
   1.2051103497277653e-01
   8.3430717216851275e-02
   1.5450132700438118e-01
   1.4008120393619233e-01
   1.0094086600936071e-01
   1.3699117821187173e-01
   1.2772109650687094e-01
   1.4935128110915419e-01
   1.4523124983141930e-01
   7.8280671321624293e-02
   8.1370697045944906e-02
   6.7980584063209268e-02
   1.3493115804096534e-01
   1.1948102488732334e-01
   1.0815092754345514e-01
   6.7980584063209268e-02
   1.0506090181913452e-01
   9.6820830199586913e-02
   1.4111121402164553e-01
   1.1536098907754955e-01
   1.4214121957505976e-01
   7.1070609787529881e-02
   1.3493115804096534e-01
   1.0918093762890832e-01
   1.1433098352413530e-01
   1.6892145007257001e-01
   9.5790824646172681e-02
   1.6171138853847558e-01
   7.9310681407077477e-02
   1.4832127555573993e-01
   1.1536098907754955e-01
   1.3081112223119154e-01
   1.5759135272870178e-01
   1.5347131691892799e-01
   1.2360106069709714e-01
   1.5965137289960812e-01
   1.3287114240209794e-01
   1.6892145007257001e-01
   1.1124095779981469e-01
   1.0506090181913452e-01
   1.0815092754345514e-01
   1.3081112223119154e-01
   1.5450132700438118e-01
   1.2360106069709714e-01
   1.1433098352413530e-01
   1.6892145007257001e-01
   1.6995146015802318e-01
   8.8580763112078256e-02
   7.3130629958436250e-02
   8.7550753026625072e-02
   1.6377140870938195e-01
   9.8880850370493295e-02
   1.1124095779981469e-01
   6.9010594148662452e-02
   1.2257105514368290e-01
   8.3430717216851275e-02
   1.4523124983141930e-01
   9.9910860455946479e-02
   7.5190645597303679e-02
   8.4460727302304459e-02
   9.8880850370493295e-02
   1.5141130128006053e-01
   8.0340691492530661e-02
   1.1536098907754955e-01
   1.2051103497277653e-01
   1.3802118376528597e-01
   7.9310681407077477e-02
   7.9310681407077477e-02
   1.2772109650687094e-01
   9.1670788836398870e-02
   1.6583142434824938e-01
   1.4935128110915419e-01
   1.1948102488732334e-01
   1.0403089173368132e-01
   9.6820830199586913e-02
   1.2875110659232411e-01
   1.1742100924845592e-01
   7.4160635511850495e-02
   1.1227096335322893e-01
   6.9010594148662452e-02
   1.6892145007257001e-01
   1.3699117821187173e-01
   1.2257105514368290e-01
   9.5790824646172681e-02
   1.5759135272870178e-01
   1.2257105514368290e-01
   1.6686143443370255e-01
   1.0506090181913452e-01
   1.1227096335322893e-01
   1.1124095779981469e-01
   1.0609091190458771e-01
   8.8580763112078256e-02
   9.5790824646172681e-02
   1.0197087609481391e-01
   1.1330097343868212e-01
   8.7550753026625072e-02
   7.3130629958436250e-02
   1.0609091190458771e-01
   1.4420123974596613e-01
   7.6220655682756863e-02
   1.3184113231664474e-01
   6.9010594148662452e-02
   1.3493115804096534e-01
   1.6377140870938195e-01
   1.5965137289960812e-01
   9.2700794389813115e-02
   1.4008120393619233e-01
   1.2875110659232411e-01
   1.1536098907754955e-01
   8.4460727302304459e-02
   7.8280671321624293e-02
   1.6892145007257001e-01
   1.0197087609481391e-01
   1.5759135272870178e-01
   1.1433098352413530e-01
   9.5790824646172681e-02
   1.2772109650687094e-01
   1.5965137289960812e-01
   1.6480141426279618e-01
   1.6171138853847558e-01
   8.5490732855718704e-02
   1.5038129119460736e-01
   1.1639099916300273e-01
   1.0712092199004089e-01
   1.0094086600936071e-01
   1.3081112223119154e-01
   1.6789144451915572e-01
   9.3730804475266299e-02
   1.3802118376528597e-01
   1.5656134717528752e-01
   1.4832127555573993e-01
   8.6520742941171888e-02
   7.7250665768210047e-02
   1.3390115248755111e-01
   1.6480141426279618e-01
   1.0300088618026709e-01
   1.6171138853847558e-01
   1.1536098907754955e-01
   1.5244131136551373e-01
   1.3905119385073916e-01
   1.2360106069709714e-01
   1.3287114240209794e-01
   8.3430717216851275e-02
   8.7550753026625072e-02
   6.9010594148662452e-02
   1.1536098907754955e-01
   1.3390115248755111e-01
   8.3430717216851275e-02
   1.0609091190458771e-01
   9.1670788836398870e-02
   1.0918093762890832e-01
   9.8880850370493295e-02
   1.1948102488732334e-01
   8.0340691492530661e-02
   1.3390115248755111e-01
   1.3802118376528597e-01
   1.1124095779981469e-01
   1.0094086600936071e-01
   1.0815092754345514e-01
   1.4626125538483359e-01
   8.1370697045944906e-02
   1.6583142434824938e-01
