   1.0886167460539414e-01
   9.4691945301463326e-02
   1.2412138654513835e-01
   7.1802381888011343e-02
   1.0559173569028261e-01
   1.3284122065465950e-01
   1.4374101104347881e-01
   9.4691945301463326e-02
   1.6772055259657986e-01
   7.0712403748362268e-02
   1.5573078406811150e-01
   1.2630134282443647e-01
   9.9051862356223902e-02
   8.2702172276830632e-02
   7.9432237857883448e-02
   1.3066125987919705e-01
   8.1612194137181571e-02
   7.2892360027660405e-02
   8.4882133052293085e-02
   9.7961884216574840e-02
   7.7252277082420981e-02
   1.7208046965134047e-01
   1.6336063554181929e-01
   1.6118067926252114e-01
   9.2511989022165189e-02
   1.6009070112287208e-01
   7.2892360027660405e-02
   9.9051862356223902e-02
   1.6009070112287208e-01
   1.4919090623788844e-01
   1.1867148685456437e-01
   7.8342255222070056e-02
   1.5573078406811150e-01
   1.4156105026801635e-01
   9.7961884216574840e-02
   7.2892360027660405e-02
   1.0668171832609601e-01
   1.0123182313168635e-01
   1.5028088437753753e-01
   1.6336063554181929e-01
   6.7442464833250754e-02
   8.5972111191942160e-02
   1.3284122065465950e-01
   7.3982338167309467e-02
   1.5573078406811150e-01
   1.2085144763002682e-01
   1.4374101104347881e-01
   1.3938109398871823e-01
   1.2194142576967588e-01
   1.0668171832609601e-01
   1.3938109398871823e-01
   1.5246084515299996e-01
   1.2848130359989893e-01
   1.6445061817763265e-01
   1.6990051337204229e-01
   1.1758150871491531e-01
   1.4592096732277696e-01
   7.2892360027660405e-02
   7.3982338167309467e-02
   1.7099049151169141e-01
   1.6772055259657986e-01
   9.4691945301463326e-02
   1.7208046965134047e-01
   1.1104163538085660e-01
   1.2303140390932496e-01
   1.0995165274504320e-01
   1.1649153057526625e-01
   9.2511989022165189e-02
   1.3393119879430856e-01
   7.9432237857883448e-02
   1.2521136468478741e-01
   1.2412138654513835e-01
   8.0522215997532509e-02
   1.0777169646574507e-01
   8.1612194137181571e-02
   7.9432237857883448e-02
   1.5246084515299996e-01
   1.4374101104347881e-01
   1.6118067926252114e-01
   1.2085144763002682e-01
   1.2521136468478741e-01
   1.3175123801884611e-01
   1.4483098918312790e-01
   1.1867148685456437e-01
   1.3611115507360672e-01
   1.6009070112287208e-01
   1.1867148685456437e-01
   9.7961884216574840e-02
   1.2957128173954799e-01
   7.0712403748362268e-02
   8.9242050107053675e-02
   9.7961884216574840e-02
   1.6772055259657986e-01
   8.9242050107053675e-02
   1.0341177941098449e-01
   9.2511989022165189e-02
   1.5137086701335090e-01
   1.3175123801884611e-01
   8.4882133052293085e-02
   1.6554059631728174e-01
   1.4592096732277696e-01
   1.0450175755063355e-01
   9.2511989022165189e-02
   1.6881053523239323e-01
   1.2085144763002682e-01
   1.1322159166015472e-01
   1.1649153057526625e-01
   1.6445061817763265e-01
   7.5072320803122858e-02
   1.2303140390932496e-01
   1.3502117693395765e-01
   1.0559173569028261e-01
   1.0886167460539414e-01
   1.5028088437753753e-01
   1.2194142576967588e-01
   1.5791074034740962e-01
   1.4592096732277696e-01
   1.1322159166015472e-01
   1.5573078406811150e-01
   7.0712403748362268e-02
   1.2739132096408554e-01
   8.7062089331591222e-02
   7.2892360027660405e-02
   1.3611115507360672e-01
   1.3502117693395765e-01
   1.4374101104347881e-01
   7.7252277082420981e-02
   1.6227065740217023e-01
   9.4691945301463326e-02
   1.0777169646574507e-01
   1.3829111584906917e-01
   1.2085144763002682e-01
   1.5028088437753753e-01
   1.6445061817763265e-01
   9.9051862356223902e-02
   1.5573078406811150e-01
   1.7099049151169141e-01
   1.7099049151169141e-01
   1.0341177941098449e-01
   1.0232180127133543e-01
   1.0559173569028261e-01
   1.1758150871491531e-01
   1.7535040856645195e-01
   1.2848130359989893e-01
   1.3066125987919705e-01
   9.0332028246702736e-02
   1.6772055259657986e-01
   1.5137086701335090e-01
   1.0123182313168635e-01
   1.2521136468478741e-01
   6.9622421112548877e-02
   1.6336063554181929e-01
   1.5791074034740962e-01
   1.1867148685456437e-01
   1.5573078406811150e-01
   1.5028088437753753e-01
   1.2848130359989893e-01
   1.7099049151169141e-01
   1.5355082329264905e-01
   1.4810092809823938e-01
   1.1540155243561717e-01
   1.4810092809823938e-01
   1.2303140390932496e-01
   1.2085144763002682e-01
   1.6663057445693080e-01
   1.4156105026801635e-01
   9.7961884216574840e-02
   1.5028088437753753e-01
   1.5682076220776056e-01
   1.2630134282443647e-01
   1.0886167460539414e-01
   7.2892360027660405e-02
   1.1322159166015472e-01
   1.0450175755063355e-01
   1.4156105026801635e-01
   1.4701094995859032e-01
   1.0777169646574507e-01
   1.4810092809823938e-01
   8.8152071967404613e-02
   7.8342255222070056e-02
   8.0522215997532509e-02
   1.3284122065465950e-01
   1.4156105026801635e-01
   6.9622421112548877e-02
   1.3066125987919705e-01
   9.7961884216574840e-02
   1.3938109398871823e-01
   1.3611115507360672e-01
   1.6990051337204229e-01
   9.6871906076925779e-02
   1.5573078406811150e-01
   1.4374101104347881e-01
   1.7535040856645195e-01
   1.2848130359989893e-01
   1.3502117693395765e-01
   1.0341177941098449e-01
   7.1802381888011343e-02
   1.1976146949037776e-01
   7.2892360027660405e-02
   1.4810092809823938e-01
   1.6445061817763265e-01
   9.3601967161814251e-02
   9.9051862356223902e-02
   1.6990051337204229e-01
   1.2303140390932496e-01
   1.2085144763002682e-01
   1.4919090623788844e-01
   7.3982338167309467e-02
   8.2702172276830632e-02
   1.0668171832609601e-01
   1.6445061817763265e-01
   1.1213161352050566e-01
   9.2511989022165189e-02
   1.5355082329264905e-01
   1.1867148685456437e-01
   1.6554059631728174e-01
   1.3393119879430856e-01
   9.0332028246702736e-02
   1.7099049151169141e-01
   1.1540155243561717e-01
   1.3938109398871823e-01
   1.2521136468478741e-01
   1.4265103290382974e-01
   1.3393119879430856e-01
   1.6009070112287208e-01
   8.8152071967404613e-02
   1.3284122065465950e-01
   1.4919090623788844e-01
   1.2848130359989893e-01
   1.2521136468478741e-01
   1.6772055259657986e-01
   1.5791074034740962e-01
   6.8532442972899815e-02
   1.2957128173954799e-01
   1.3393119879430856e-01
   1.1758150871491531e-01
   1.1540155243561717e-01
   1.2739132096408554e-01
   8.4882133052293085e-02
   1.4701094995859032e-01
   1.3175123801884611e-01
   1.2739132096408554e-01
   1.0559173569028261e-01
   1.3066125987919705e-01
   9.6871906076925779e-02
   1.7208046965134047e-01
   7.0712403748362268e-02
   1.4701094995859032e-01
   1.2630134282443647e-01
   1.1431156979980378e-01
   1.5137086701335090e-01
   1.0123182313168635e-01
   6.9622421112548877e-02
   1.5682076220776056e-01
   1.3284122065465950e-01
   8.7062089331591222e-02
   8.0522215997532509e-02
   1.1431156979980378e-01
   1.0232180127133543e-01
   1.1104163538085660e-01
   7.6162298942771919e-02
   7.7252277082420981e-02
   1.5682076220776056e-01
   1.1431156979980378e-01
   1.3284122065465950e-01
   1.7317045228715383e-01
   8.2702172276830632e-02
   1.5355082329264905e-01
   1.2085144763002682e-01
   1.5137086701335090e-01
   1.5028088437753753e-01
   1.3611115507360672e-01
   1.1758150871491531e-01
   1.0123182313168635e-01
   1.2739132096408554e-01
   1.0450175755063355e-01
   1.0450175755063355e-01
   8.1612194137181571e-02
   1.1758150871491531e-01
   1.0232180127133543e-01
   7.5072320803122858e-02
   1.0668171832609601e-01
   1.7208046965134047e-01
   1.1104163538085660e-01
   1.4047107212836729e-01
   7.5072320803122858e-02
   1.2303140390932496e-01
   7.3982338167309467e-02
   1.5028088437753753e-01
   1.0777169646574507e-01
   1.3175123801884611e-01
   1.1976146949037776e-01
   1.4919090623788844e-01
   8.2702172276830632e-02
   1.0232180127133543e-01
   8.4882133052293085e-02
   1.3175123801884611e-01
   1.4810092809823938e-01
   1.0014184049587296e-01
   1.4701094995859032e-01
   1.3284122065465950e-01
   1.3720113770942011e-01
   8.3792154912644023e-02
   1.4592096732277696e-01
   1.0995165274504320e-01
   7.7252277082420981e-02
   1.0777169646574507e-01
   1.2848130359989893e-01
   1.2303140390932496e-01
   1.6990051337204229e-01
   1.4047107212836729e-01
   1.3502117693395765e-01
   1.5246084515299996e-01
   1.4701094995859032e-01
   1.7208046965134047e-01
   1.1649153057526625e-01
   1.6663057445693080e-01
   1.0559173569028261e-01
   1.4047107212836729e-01
   9.1422006386351798e-02
   1.3502117693395765e-01
   1.4265103290382974e-01
   7.5072320803122858e-02
   9.4691945301463326e-02
   1.1104163538085660e-01
   7.1802381888011343e-02
   1.2521136468478741e-01
   6.9622421112548877e-02
   1.6445061817763265e-01
   8.8152071967404613e-02
   1.7099049151169141e-01
   1.2630134282443647e-01
   1.0123182313168635e-01
   1.1867148685456437e-01
   1.1649153057526625e-01
   1.1213161352050566e-01
   1.1213161352050566e-01
   1.3284122065465950e-01
   1.0995165274504320e-01
   1.6663057445693080e-01
   1.6445061817763265e-01
   1.0886167460539414e-01
   1.3284122065465950e-01
   1.1213161352050566e-01
   1.4156105026801635e-01
   1.3720113770942011e-01
   1.0995165274504320e-01
   1.4156105026801635e-01
   7.7252277082420981e-02
   1.4701094995859032e-01
   1.4592096732277696e-01
   1.0341177941098449e-01
   1.5900071848705868e-01
   1.0123182313168635e-01
   7.5072320803122858e-02
   9.7961884216574840e-02
   1.2630134282443647e-01
   1.5246084515299996e-01
   9.9051862356223902e-02
   7.8342255222070056e-02
   7.0712403748362268e-02
   8.3792154912644023e-02
   1.4047107212836729e-01
   1.4156105026801635e-01
   1.4156105026801635e-01
   9.6871906076925779e-02
   6.8532442972899815e-02
   9.9051862356223902e-02
   9.5781923441112388e-02
   1.6118067926252114e-01
   1.3502117693395765e-01
   1.2085144763002682e-01
   8.2702172276830632e-02
   1.2739132096408554e-01
   1.1104163538085660e-01
   1.4810092809823938e-01
   9.0332028246702736e-02
   1.3611115507360672e-01
   1.7535040856645195e-01
   1.4592096732277696e-01
   1.5246084515299996e-01
   9.4691945301463326e-02
   1.5464080143229811e-01
   1.1104163538085660e-01
   1.5900071848705868e-01
   8.4882133052293085e-02
   7.6162298942771919e-02
   1.3066125987919705e-01
   1.6881053523239323e-01
   1.0123182313168635e-01
   1.6663057445693080e-01
   1.5028088437753753e-01
   7.7252277082420981e-02
   7.7252277082420981e-02
   1.3720113770942011e-01
   9.4691945301463326e-02
   9.4691945301463326e-02
   1.0995165274504320e-01
   1.0014184049587296e-01
   8.8152071967404613e-02
   1.5137086701335090e-01
   1.0232180127133543e-01
   6.9622421112548877e-02
   1.6009070112287208e-01
   1.7317045228715383e-01
   1.0341177941098449e-01
   1.6118067926252114e-01
   1.0341177941098449e-01
   7.7252277082420981e-02
   1.2739132096408554e-01
   1.1213161352050566e-01
   9.4691945301463326e-02
   1.4156105026801635e-01
   6.8532442972899815e-02
   1.3066125987919705e-01
   1.6118067926252114e-01
   9.5781923441112388e-02
   1.1976146949037776e-01
   1.0341177941098449e-01
   1.0014184049587296e-01
   1.2739132096408554e-01
   1.4483098918312790e-01
   1.7535040856645195e-01
   1.3284122065465950e-01
   9.1422006386351798e-02
   1.3284122065465950e-01
   1.3284122065465950e-01
   1.4047107212836729e-01
   1.4047107212836729e-01
   1.1540155243561717e-01
   1.4810092809823938e-01
   1.2521136468478741e-01
   1.5028088437753753e-01
   1.0995165274504320e-01
   1.6445061817763265e-01
   1.2848130359989893e-01
   1.2957128173954799e-01
   1.2739132096408554e-01
   1.2303140390932496e-01
   7.7252277082420981e-02
   1.0232180127133543e-01
   1.3284122065465950e-01
   1.2412138654513835e-01
   1.1213161352050566e-01
   1.3284122065465950e-01
   1.1758150871491531e-01
   1.6445061817763265e-01
   8.8152071967404613e-02
   9.5781923441112388e-02
   1.6227065740217023e-01
   1.1758150871491531e-01
   1.1104163538085660e-01
   1.3938109398871823e-01
   1.7535040856645195e-01
   1.2303140390932496e-01
   7.8342255222070056e-02
   1.5137086701335090e-01
   1.7317045228715383e-01
   9.7961884216574840e-02
   9.2511989022165189e-02
   1.3066125987919705e-01
   1.4919090623788844e-01
   1.6336063554181929e-01
   7.8342255222070056e-02
   1.5355082329264905e-01
   9.7961884216574840e-02
   1.6881053523239323e-01
   1.4156105026801635e-01
   1.3175123801884611e-01
   1.7099049151169141e-01
   1.3284122065465950e-01
   9.3601967161814251e-02
   9.3601967161814251e-02
   1.1213161352050566e-01
   8.7062089331591222e-02
   1.0341177941098449e-01
   1.6881053523239323e-01
   1.6009070112287208e-01
   9.1422006386351798e-02
   1.0014184049587296e-01
   1.6118067926252114e-01
   1.4919090623788844e-01
   1.0014184049587296e-01
   1.4483098918312790e-01
   7.1802381888011343e-02
   1.5464080143229811e-01
   1.1213161352050566e-01
   1.2085144763002682e-01
   1.2848130359989893e-01
   1.4374101104347881e-01
   1.3720113770942011e-01
   9.9051862356223902e-02
   1.0341177941098449e-01
   1.1976146949037776e-01
   1.5137086701335090e-01
   9.2511989022165189e-02
   1.0668171832609601e-01
   1.3284122065465950e-01
   1.7099049151169141e-01
   1.4156105026801635e-01
   8.2702172276830632e-02
   1.5900071848705868e-01
   1.6336063554181929e-01
   9.4691945301463326e-02
   1.2194142576967588e-01
   1.3720113770942011e-01
   7.7252277082420981e-02
   1.4701094995859032e-01
   1.6118067926252114e-01
   6.7442464833250754e-02
   8.4882133052293085e-02
   1.4919090623788844e-01
   7.7252277082420981e-02
   7.8342255222070056e-02
   1.4919090623788844e-01
   1.3175123801884611e-01
   8.7062089331591222e-02
   7.9432237857883448e-02
   1.6009070112287208e-01
   1.2630134282443647e-01
   8.1612194137181571e-02
   8.0522215997532509e-02
   8.5972111191942160e-02
   1.5246084515299996e-01
   9.0332028246702736e-02
   1.4047107212836729e-01
   1.0014184049587296e-01
   7.9432237857883448e-02
   1.1867148685456437e-01
   1.0559173569028261e-01
   1.5137086701335090e-01
   1.0014184049587296e-01
   1.5900071848705868e-01
   1.0777169646574507e-01
   1.6445061817763265e-01
   1.2848130359989893e-01
   7.5072320803122858e-02
   1.1976146949037776e-01
   1.1758150871491531e-01
   1.5246084515299996e-01
   1.1540155243561717e-01
   1.4810092809823938e-01
   1.2739132096408554e-01
   7.5072320803122858e-02
   1.5573078406811150e-01
   1.6227065740217023e-01
   1.2521136468478741e-01
   1.1431156979980378e-01
   1.6009070112287208e-01
   1.2194142576967588e-01
   1.6554059631728174e-01
   1.0123182313168635e-01
   9.6871906076925779e-02
   1.5246084515299996e-01
   1.5246084515299996e-01
   1.2848130359989893e-01
   1.3284122065465950e-01
   1.1649153057526625e-01
   7.2892360027660405e-02
   1.4701094995859032e-01
   9.7961884216574840e-02
   1.0123182313168635e-01
   8.8152071967404613e-02
   1.6990051337204229e-01
   1.2848130359989893e-01
   1.0232180127133543e-01
   1.4374101104347881e-01
   1.0123182313168635e-01
   9.3601967161814251e-02
   9.2511989022165189e-02
   1.5464080143229811e-01
   9.6871906076925779e-02
   1.7535040856645195e-01
   1.5573078406811150e-01
   1.3829111584906917e-01
   8.3792154912644023e-02
   1.5791074034740962e-01
   1.1758150871491531e-01
   6.7442464833250754e-02
   1.1867148685456437e-01
   6.8532442972899815e-02
   1.3502117693395765e-01
   1.4047107212836729e-01
   1.4156105026801635e-01
   7.1802381888011343e-02
   9.4691945301463326e-02
   6.8532442972899815e-02
   9.1422006386351798e-02
   1.3611115507360672e-01
   1.5900071848705868e-01
   1.3066125987919705e-01
   1.0123182313168635e-01
   1.6663057445693080e-01
   1.0995165274504320e-01
   8.2702172276830632e-02
   9.5781923441112388e-02
   1.5137086701335090e-01
   1.1867148685456437e-01
   7.7252277082420981e-02
   1.3611115507360672e-01
   1.3829111584906917e-01
   1.5028088437753753e-01
   1.2957128173954799e-01
   1.4156105026801635e-01
   8.3792154912644023e-02
   6.8532442972899815e-02
   1.1976146949037776e-01
   1.2194142576967588e-01
   1.1322159166015472e-01
   1.4919090623788844e-01
   1.3284122065465950e-01
   8.2702172276830632e-02
   7.0712403748362268e-02
   1.6772055259657986e-01
   8.7062089331591222e-02
   1.5573078406811150e-01
   1.3938109398871823e-01
   1.0886167460539414e-01
   1.5573078406811150e-01
   1.5573078406811150e-01
   1.3720113770942011e-01
   1.1867148685456437e-01
   7.6162298942771919e-02
   1.5573078406811150e-01
   9.7961884216574840e-02
   7.9432237857883448e-02
   1.4483098918312790e-01
   1.3611115507360672e-01
   1.5137086701335090e-01
   1.1867148685456437e-01
   1.2957128173954799e-01
   7.7252277082420981e-02
   1.2412138654513835e-01
   1.4701094995859032e-01
   1.0014184049587296e-01
   1.5573078406811150e-01
   1.2630134282443647e-01
   1.6336063554181929e-01
   1.2521136468478741e-01
   1.2739132096408554e-01
   1.5573078406811150e-01
   9.9051862356223902e-02
   1.0668171832609601e-01
   1.0014184049587296e-01
   1.4047107212836729e-01
   1.3829111584906917e-01
   1.4156105026801635e-01
   1.3284122065465950e-01
   7.7252277082420981e-02
   1.0232180127133543e-01
   1.5246084515299996e-01
   1.0886167460539414e-01
   1.3066125987919705e-01
   1.0014184049587296e-01
   1.2521136468478741e-01
   1.6227065740217023e-01
   8.9242050107053675e-02
   1.3175123801884611e-01
   1.1322159166015472e-01
   8.1612194137181571e-02
   9.1422006386351798e-02
   1.5573078406811150e-01
   1.2085144763002682e-01
   1.5355082329264905e-01
   1.3066125987919705e-01
   1.0777169646574507e-01
   9.2511989022165189e-02
   1.7426043042680289e-01
   9.9051862356223902e-02
   1.5573078406811150e-01
   1.3611115507360672e-01
   1.5246084515299996e-01
   1.6554059631728174e-01
   1.5900071848705868e-01
   1.7426043042680289e-01
   1.1322159166015472e-01
   1.0995165274504320e-01
   8.8152071967404613e-02
   1.0886167460539414e-01
   9.6871906076925779e-02
   1.3611115507360672e-01
   1.3938109398871823e-01
   1.0559173569028261e-01
   1.6881053523239323e-01
   1.1104163538085660e-01
   9.6871906076925779e-02
   8.9242050107053675e-02
   1.3393119879430856e-01
   1.5682076220776056e-01
   1.6336063554181929e-01
   1.5573078406811150e-01
   8.9242050107053675e-02
   1.7208046965134047e-01
   7.8342255222070056e-02
   8.3792154912644023e-02
   8.9242050107053675e-02
   1.6118067926252114e-01
   1.6990051337204229e-01
   8.1612194137181571e-02
   6.9622421112548877e-02
   1.1976146949037776e-01
   1.2848130359989893e-01
   7.2892360027660405e-02
   1.2521136468478741e-01
   7.1802381888011343e-02
   1.0232180127133543e-01
   1.6554059631728174e-01
   1.6445061817763265e-01
   1.0014184049587296e-01
   1.2957128173954799e-01
   1.3611115507360672e-01
   1.1976146949037776e-01
   1.5246084515299996e-01
   1.0995165274504320e-01
   6.7442464833250754e-02
   1.3284122065465950e-01
   1.4701094995859032e-01
   1.4919090623788844e-01
   7.8342255222070056e-02
   9.7961884216574840e-02
   8.5972111191942160e-02
   7.0712403748362268e-02
   1.6772055259657986e-01
   1.5137086701335090e-01
   1.2412138654513835e-01
   1.5028088437753753e-01
   1.2848130359989893e-01
   9.1422006386351798e-02
   9.9051862356223902e-02
   1.6772055259657986e-01
   7.1802381888011343e-02
   1.6118067926252114e-01
   1.4156105026801635e-01
   1.1104163538085660e-01
   1.1649153057526625e-01
   7.5072320803122858e-02
   7.0712403748362268e-02
   1.3284122065465950e-01
   6.9622421112548877e-02
   1.5464080143229811e-01
   1.0668171832609601e-01
   1.1540155243561717e-01
   8.4882133052293085e-02
   9.2511989022165189e-02
   1.4592096732277696e-01
   1.1431156979980378e-01
   1.6554059631728174e-01
   1.1213161352050566e-01
   1.4374101104347881e-01
   7.5072320803122858e-02
   1.6336063554181929e-01
   1.5246084515299996e-01
   1.4592096732277696e-01
   1.4265103290382974e-01
   1.1649153057526625e-01
   1.2739132096408554e-01
   9.2511989022165189e-02
   1.0886167460539414e-01
   8.5972111191942160e-02
   1.5682076220776056e-01
   8.7062089331591222e-02
   1.4156105026801635e-01
   8.1612194137181571e-02
   1.0014184049587296e-01
   1.5682076220776056e-01
   1.1540155243561717e-01
   1.5682076220776056e-01
   1.0450175755063355e-01
   1.1213161352050566e-01
   1.2412138654513835e-01
   1.2303140390932496e-01
   9.3601967161814251e-02
   1.0995165274504320e-01
   1.0995165274504320e-01
   1.1758150871491531e-01
   1.5900071848705868e-01
   8.4882133052293085e-02
   1.4265103290382974e-01
   8.4882133052293085e-02
   8.2702172276830632e-02
   1.3066125987919705e-01
   1.5573078406811150e-01
   1.5682076220776056e-01
   1.4374101104347881e-01
   1.5355082329264905e-01
   1.5573078406811150e-01
   1.3175123801884611e-01
   9.1422006386351798e-02
   6.7442464833250754e-02
   1.0777169646574507e-01
   1.5900071848705868e-01
   1.6445061817763265e-01
   1.0014184049587296e-01
   9.0332028246702736e-02
   1.2194142576967588e-01
   1.2521136468478741e-01
   1.1431156979980378e-01
   1.3938109398871823e-01
   1.7426043042680289e-01
   1.0341177941098449e-01
   8.3792154912644023e-02
   1.6118067926252114e-01
   1.1867148685456437e-01
   1.6009070112287208e-01
   6.9622421112548877e-02
   1.1431156979980378e-01
   1.3284122065465950e-01
   1.4919090623788844e-01
   1.4701094995859032e-01
   1.2303140390932496e-01
   1.2957128173954799e-01
   1.0014184049587296e-01
   1.3284122065465950e-01
   1.6118067926252114e-01
   9.7961884216574840e-02
   1.6009070112287208e-01
   8.3792154912644023e-02
   1.5137086701335090e-01
   1.5246084515299996e-01
   8.3792154912644023e-02
   1.5464080143229811e-01
   1.5900071848705868e-01
   1.1540155243561717e-01
   8.2702172276830632e-02
   1.7208046965134047e-01
   1.4374101104347881e-01
   1.5682076220776056e-01
   6.9622421112548877e-02
   1.0123182313168635e-01
   1.2848130359989893e-01
   1.4810092809823938e-01
   9.4691945301463326e-02
   1.6663057445693080e-01
   8.4882133052293085e-02
   1.5355082329264905e-01
   1.6118067926252114e-01
   1.3393119879430856e-01
   9.0332028246702736e-02
   1.0450175755063355e-01
   1.3393119879430856e-01
   1.2739132096408554e-01
   7.9432237857883448e-02
   1.1649153057526625e-01
   1.0995165274504320e-01
   1.1104163538085660e-01
   1.0668171832609601e-01
   1.7535040856645195e-01
   1.2194142576967588e-01
   1.2303140390932496e-01
   1.3066125987919705e-01
   1.3938109398871823e-01
   1.3393119879430856e-01
   1.1976146949037776e-01
   1.3284122065465950e-01
   1.3284122065465950e-01
   6.7442464833250754e-02
   1.6336063554181929e-01
   1.6227065740217023e-01
   1.2194142576967588e-01
   1.2957128173954799e-01
   1.6227065740217023e-01
   1.3720113770942011e-01
   1.2085144763002682e-01
   9.5781923441112388e-02
   1.7426043042680289e-01
   1.2739132096408554e-01
   1.6336063554181929e-01
   1.7099049151169141e-01
   1.0450175755063355e-01
   8.4882133052293085e-02
   1.2848130359989893e-01
   1.2085144763002682e-01
   7.3982338167309467e-02
   7.7252277082420981e-02
   7.5072320803122858e-02
   7.0712403748362268e-02
   7.5072320803122858e-02
   1.3502117693395765e-01
   8.9242050107053675e-02
   9.2511989022165189e-02
   1.3284122065465950e-01
   8.7062089331591222e-02
   1.4047107212836729e-01
   1.6336063554181929e-01
   1.4265103290382974e-01
   7.9432237857883448e-02
   1.6118067926252114e-01
   7.6162298942771919e-02
   1.0232180127133543e-01
   1.3284122065465950e-01
   9.0332028246702736e-02
   1.0995165274504320e-01
   6.8532442972899815e-02
   1.0668171832609601e-01
   1.6009070112287208e-01
   1.5791074034740962e-01
   1.7535040856645195e-01
   1.0450175755063355e-01
   9.2511989022165189e-02
   1.4265103290382974e-01
   1.1213161352050566e-01
   1.6336063554181929e-01
   1.3393119879430856e-01
   1.5355082329264905e-01
   9.6871906076925779e-02
   1.1322159166015472e-01
   1.3175123801884611e-01
   1.1867148685456437e-01
   1.4810092809823938e-01
   9.5781923441112388e-02
   1.6445061817763265e-01
   1.4483098918312790e-01
   1.5791074034740962e-01
   9.2511989022165189e-02
   1.2303140390932496e-01
   1.1540155243561717e-01
   1.1431156979980378e-01
   8.7062089331591222e-02
   1.5464080143229811e-01
   1.2957128173954799e-01
   1.2848130359989893e-01
   8.3792154912644023e-02
   1.4810092809823938e-01
   7.2892360027660405e-02
   1.7208046965134047e-01
   1.3284122065465950e-01
   1.0450175755063355e-01
   1.4592096732277696e-01
   1.0559173569028261e-01
   1.2848130359989893e-01
   8.9242050107053675e-02
   1.1322159166015472e-01
   1.5028088437753753e-01
   1.0668171832609601e-01
   1.2194142576967588e-01
   1.1213161352050566e-01
   1.6772055259657986e-01
   1.1322159166015472e-01
   1.7099049151169141e-01
   1.6990051337204229e-01
   1.2957128173954799e-01
   1.2303140390932496e-01
   1.3175123801884611e-01
   7.2892360027660405e-02
   1.7317045228715383e-01
   1.1540155243561717e-01
   9.7961884216574840e-02
   7.3982338167309467e-02
   9.2511989022165189e-02
   1.6881053523239323e-01
   1.6990051337204229e-01
   1.2521136468478741e-01
   8.7062089331591222e-02
   1.5137086701335090e-01
   1.0232180127133543e-01
   1.1540155243561717e-01
   8.3792154912644023e-02
   7.6162298942771919e-02
   1.2848130359989893e-01
   1.3611115507360672e-01
   9.3601967161814251e-02
   9.7961884216574840e-02
   1.4265103290382974e-01
   1.0886167460539414e-01
   1.2848130359989893e-01
   1.4374101104347881e-01
   9.1422006386351798e-02
   1.6881053523239323e-01
   1.4156105026801635e-01
   1.0014184049587296e-01
   1.1976146949037776e-01
   1.3066125987919705e-01
   9.3601967161814251e-02
   1.1104163538085660e-01
   9.5781923441112388e-02
   7.1802381888011343e-02
   8.1612194137181571e-02
   1.6881053523239323e-01
   1.7535040856645195e-01
   1.2848130359989893e-01
   8.9242050107053675e-02
   1.0450175755063355e-01
   1.4156105026801635e-01
   1.3938109398871823e-01
   1.3611115507360672e-01
   1.5137086701335090e-01
   1.2412138654513835e-01
   8.5972111191942160e-02
   1.1540155243561717e-01
   1.2412138654513835e-01
   9.1422006386351798e-02
   1.2303140390932496e-01
   1.5791074034740962e-01
   1.5791074034740962e-01
   1.2739132096408554e-01
   7.0712403748362268e-02
   1.6336063554181929e-01
   1.3393119879430856e-01
   8.7062089331591222e-02
   1.5028088437753753e-01
   1.4265103290382974e-01
   1.1867148685456437e-01
   1.0995165274504320e-01
   1.3502117693395765e-01
   1.5464080143229811e-01
   1.6118067926252114e-01
   1.0559173569028261e-01
   7.3982338167309467e-02
   1.4810092809823938e-01
   1.3720113770942011e-01
   1.0886167460539414e-01
   9.3601967161814251e-02
   1.3066125987919705e-01
   1.4483098918312790e-01
   1.3611115507360672e-01
   1.0232180127133543e-01
   8.5972111191942160e-02
   6.7442464833250754e-02
   1.4592096732277696e-01
   1.1867148685456437e-01
   6.8532442972899815e-02
   1.4810092809823938e-01
   1.6336063554181929e-01
   1.3938109398871823e-01
   1.3175123801884611e-01
   1.2303140390932496e-01
   1.6009070112287208e-01
   1.5355082329264905e-01
   1.1213161352050566e-01
   1.6772055259657986e-01
   1.0341177941098449e-01
   1.7317045228715383e-01
   1.5246084515299996e-01
   8.7062089331591222e-02
   1.3720113770942011e-01
   1.0995165274504320e-01
   1.4047107212836729e-01
   1.3284122065465950e-01
   9.2511989022165189e-02
