   1.7567399e-01
   1.7321900e-01
   1.7567311e-01
   1.8255211e-01
   1.8210301e-01
   1.8169315e-01
   1.7580636e-01
   1.7610235e-01
   1.8165982e-01
   1.8184472e-01
   1.8182685e-01
   1.8170547e-01
   1.8167686e-01
   1.7522370e-01
   1.8160570e-01
   1.8037858e-01
   1.8208551e-01
   1.8204269e-01
   1.7571130e-01
   1.8122020e-01
   1.8190683e-01
   1.8225543e-01
   1.8209977e-01
   1.8423974e-01
   1.8138278e-01
   1.7509431e-01
   1.8374441e-01
   1.8462372e-01
   1.8203654e-01
   1.8292906e-01
   2.0656016e-01
   1.8205871e-01
   1.8097018e-01
   1.8314262e-01
   1.8432663e-01
   1.8088896e-01
   1.8399191e-01
   1.9092491e-01
   1.8175005e-01
   1.8322814e-01
   2.0451292e-01
   1.8406932e-01
   1.8116416e-01
   1.9622074e-01
   2.2199639e-01
   2.2243512e-01
   2.1901927e-01
   2.1265629e-01
   2.1919252e-01
   2.0803970e-01
   2.1358578e-01
   2.2387675e-01
   2.2312223e-01
   2.2312223e-01
   2.2419290e-01
   2.0476600e-01
   2.2395690e-01
   2.2214820e-01
   2.1599931e-01
   2.2385301e-01
   2.2325757e-01
   2.2400115e-01
   2.2371275e-01
   2.1299535e-01
   2.2240079e-01
   2.2298497e-01
   2.2254819e-01
   2.2402726e-01
   2.2438293e-01
   2.2297098e-01
   2.2286861e-01
   2.2388319e-01
   2.2192861e-01
   2.4346543e-01
   2.2281676e-01
   2.2436251e-01
   2.3639354e-01
   2.3754789e-01
   2.2302849e-01
   2.2098688e-01
   2.2087721e-01
   2.2375339e-01
   2.2331918e-01
   2.3763708e-01
   2.2282525e-01
   2.3352669e-01
   2.4353098e-01
   2.2423411e-01
   2.3163427e-01
   2.5708831e-01
   2.3847523e-01
   2.3703024e-01
   2.3468077e-01
   2.3784943e-01
   2.3801402e-01
   2.5054295e-01
   2.3755606e-01
   2.3718632e-01
   2.3921238e-01
   2.4756710e-01
   2.3841616e-01
   2.3741234e-01
   2.3701713e-01
   2.3509209e-01
   2.3696743e-01
   2.5722983e-01
   2.4160562e-01
   2.4411141e-01
   2.5033293e-01
   2.5800352e-01
   2.3804850e-01
   2.5229848e-01
   2.7221628e-01
   2.4516455e-01
   2.7286501e-01
   2.4435541e-01
   2.6785352e-01
   2.7287697e-01
   3.0447123e-01
   2.8759411e-01
   2.8491934e-01
   2.9036651e-01
   2.5065634e-01
   3.0141652e-01
   3.3508891e-01
   1.8052310e-01
   1.8171775e-01
