0.137606
0.138133
0.139149
0.137437
0.130745
0.137050
0.137050
0.131895
0.131794
0.131794
0.133025
0.133025
0.133025
0.140312
0.137857
0.136850
0.136850
0.164483
0.131016
0.131962
0.131067
0.137437
0.130988
0.130710
0.140157
0.131689
0.131689
0.135218
0.136850
0.130856
0.132125
0.131178
0.131353
0.133438
0.133185
0.133185
0.133185
0.133185
0.133185
0.133473
0.130824
0.132764
0.132944
0.133344
0.133344
0.179563
0.130333
0.139702
0.169064
0.133108
0.136850
0.136850
0.133626
0.165217
0.189657
0.130984
0.164594
0.189116
0.167979
0.189759
0.189759
0.130651
0.189231
0.169089
0.165312
0.165322
0.164966
0.132100
0.136004
0.136004
0.140555
0.168031
0.164167
0.189403
0.162487
0.189116
0.189116
0.164166
0.131004
0.138462
0.218509
0.218509
0.189795
0.138755
0.164698
0.136744
0.165111
0.182232
0.130452
0.137634
0.135268
0.135268
0.166616
0.132035
0.163861
0.132117
0.132117
0.138463
0.136428
0.135836
0.132190
0.136428
0.137797
0.189293
0.189293
0.137557
0.137193
0.137193
0.137964
0.138268
0.189484
0.135329
0.189657
0.138151
0.138151
0.189274
0.131361
0.215408
0.135739
0.215408
0.137557
0.136210
0.188871
0.197196
0.137915
0.137723
0.166959
0.169319
0.168357
0.167426
0.132100
0.167980
0.132933
0.132286
0.132765
0.218509
0.168313
0.189407
0.135456
0.132473
0.190104
0.164025
0.132722
0.132722
0.180787
0.166953
0.167988
0.223921
0.180440
0.222711
0.192085
0.189274
0.138133
0.166502
0.137225
0.192176
0.131788
0.164594
0.189163
0.218875
0.103275
0.192840
0.167792
0.167597
0.132934
0.206592
0.137140
0.199850
0.192941
0.137140
0.137495
0.137495
0.137495
0.105481
0.105256
0.105256
0.168295
0.133314
0.192311
0.164783
0.224659
0.198164
0.190982
0.166455
0.166455
0.191957
0.224111
0.104577
0.104542
0.223394
0.189414
0.135673
0.224923
0.225438
0.222408
0.167460
0.190908
0.134809
0.133671
0.224294
0.223659
0.223659
0.190186
0.224616
0.224085
0.134956
0.182453
0.224752
0.135527
0.165904
0.104234
0.133442
0.190104
0.223394
0.192648
0.192085
0.182103
0.192841
0.191361
0.222338
0.225185
0.165820
0.224752
0.167128
0.190622
0.168955
0.191750
0.224816
0.225102
0.103982
0.192841
0.192195
0.192195
0.192195
0.192195
0.224772
0.137140
0.137140
0.137140
0.137140
0.222319
0.222517
0.199171
0.225438
0.193321
0.105707
0.105707
0.105707
0.105497
0.192897
0.189781
0.104401
0.104617
0.104617
0.104617
0.105765
0.225438
0.166995
0.225718
0.193164
0.201326
0.194116
0.193047
0.201369
0.104504
0.104815
0.181602
0.217715
0.221688
0.200774
0.191941
0.167050
0.215504
0.225169
0.132719
0.225021
0.225957
0.216166
0.190490
0.167986
0.193938
0.104854
0.104854
0.104985
0.167015
0.215960
0.166976
0.104631
0.224737
0.203394
0.223080
0.225243
0.200515
0.192963
0.225522
0.195002
0.193113
0.102856
0.200507
0.104962
0.167672
0.253494
0.217350
0.181455
0.103731
0.101377
0.104631
0.224613
0.104940
0.104689
0.206812
0.194977
0.192406
0.105346
0.105346
0.105126
0.105346
0.105126
0.105346
0.102856
0.103860
0.103860
0.200342
0.205485
0.204228
0.224737
0.104320
0.191320
0.103982
0.104812
0.224737
0.222275
0.201535
0.104152
0.259077
0.222529
0.201050
0.103615
0.103743
0.193323
0.199967
0.189716
0.103574
0.103574
0.103574
0.199754
0.224350
0.104854
0.104854
0.104854
0.224081
0.104509
0.258724
0.207545
0.225438
0.258639
0.101966
0.221196
0.104504
0.104504
0.104504
0.102522
0.194052
0.204287
0.188936
0.253270
0.225992
0.225348
0.225320
0.103487
0.100408
0.168228
0.218757
0.190681
0.260343
0.103885
0.103885
0.103885
0.104117
0.103218
0.258304
0.223530
0.102971
0.104095
0.104555
0.168152
0.259288
0.200390
0.105401
0.103219
0.200314
0.196228
0.103433
0.103104
0.101778
0.102301
0.254918
0.103676
0.224692
0.100989
0.100362
0.258913
0.259065
0.102458
0.105346
0.105126
0.105126
0.225438
0.170561
0.101013
0.101013
0.258940
0.103347
0.100741
0.253120
0.257968
0.254380
0.259466
0.225438
0.190524
0.101461
0.259641
0.103780
0.255018
0.257553
0.257326
0.102415
0.259907
0.257397
0.100679
0.212600
0.100938
0.260539
0.225913
0.259294
0.101258
0.101258
0.260160
0.260160
0.255294
0.258760
0.253686
0.256350
0.292977
0.102597
0.255960
0.260570
0.258181
0.294536
0.195946
0.295262
0.101483
0.294685
0.101396
0.223539
0.102846
0.291142
0.225423
0.257922
0.289101
0.101579
0.101827
0.101827
0.101827
0.101827
