       0.0658345472492351
       0.0977543265367210
       0.1187016856716375
       0.0857844120470199
       0.1027417938334096
       0.1017442994962779
       0.1017442994962779
       0.1027417938334096
       0.0708220145459238
       0.0957593422514274
       0.0877793963323135
       0.0857844120470199
       0.1296741102131767
       0.1137142183749488
       0.0778044661279060
       0.0778044661279060
       0.1486264762848599
       0.1436390133771411
       0.1576039165411056
       0.1466314919995663
       0.0927668636290021
       0.0877793963323135
       0.0718195044940856
       0.0967568365885591
       0.1486264762848599
       0.0997493152109844
       0.0967568365885591
       0.1226916542422246
       0.0827919290356248
       0.1366565617951589
       0.0977543265367210
       0.1276791215389133
       0.1167066969973741
       0.1286766158760450
       0.1157092026602424
       0.1067317667929666
       0.0748119875054807
       0.0947618479142957
       0.1057342724558349
       0.1017442994962779
       0.1486264762848599
       0.1236891485793563
       0.0807969447503313
       0.0678295315345287
       0.1077292611300983
       0.0768069717907743
       0.1117192297006854
       0.0778044661279060
       0.1216941642940627
       0.0797994504131996
       0.1177041913345058
       0.0877793963323135
       0.0738144931683490
       0.0887768906694452
       0.0668320415863668
       0.0877793963323135
       0.0827919290356248
       0.1206966699569310
       0.0927668636290021
       0.1196991756197994
       0.0847869177098882
       0.0728169988312173
       0.0678295315345287
       0.1147117127120805
       0.1017442994962779
       0.1496239706219916
       0.1117192297006854
       0.0977543265367210
       0.1137142183749488
       0.1007468051591462
       0.1107217397525236
       0.0937643535771640
       0.0778044661279060
       0.0957593422514274
       0.0678295315345287
       0.1246866429164880
       0.1067317667929666
       0.0937643535771640
       0.0877793963323135
       0.1097242454153919
       0.0788019560760679
       0.0977543265367210
       0.0797994504131996
       0.0967568365885591
       0.1167066969973741
       0.0817944390874630
       0.1236891485793563
       0.0917693692918704
       0.1206966699569310
       0.1007468051591462
       0.0987518208738527
       0.1007468051591462
       0.0857844120470199
       0.0788019560760679
       0.0698245202087921
       0.1236891485793563
       0.1167066969973741
       0.0738144931683490
       0.1266816272017816
       0.0927668636290021
       0.1097242454153919
       0.1057342724558349
       0.1486264762848599
       0.0977543265367210
       0.0837894233727565
       0.0778044661279060
       0.0000000000000000
       0.1017442994962779
       0.0907718749547387
       0.1216941642940627
       0.1107217397525236
       0.1196991756197994
       0.1187016856716375
       0.0947618479142957
       0.1037392881705413
       0.1496239706219916
       0.1007468051591462
       0.0947618479142957
       0.1386515460804525
       0.1336640787837638
       0.1206966699569310
       0.1376540517433208
       0.0877793963323135
       0.0997493152109844
       0.1506214649591233
       0.1346615731208955
       0.0857844120470199
       0.1276791215389133
       0.0927668636290021
       0.0837894233727565
       0.1027417938334096
       0.1177041913345058
       0.0698245202087921
       0.0977543265367210
       0.1406465347547158
       0.0947618479142957
       0.0688270258716604
       0.1206966699569310
       0.1027417938334096
       0.0927668636290021
       0.0957593422514274
       0.1147117127120805
       0.0957593422514274
       0.0907718749547387
       0.1087267510782602
       0.1426415190400094
       0.0827919290356248
       0.0698245202087921
       0.0718195044940856
       0.1276791215389133
       0.1536139435815486
       0.0857844120470199
       0.1107217397525236
       0.1246866429164880
       0.1167066969973741
       0.1206966699569310
       0.0877793963323135
       0.0748119875054807
       0.1246866429164880
       0.1067317667929666
       0.0708220145459238
       0.1067317667929666
       0.1057342724558349
       0.0688270258716604
       0.0907718749547387
       0.1426415190400094
       0.0688270258716604
       0.1157092026602424
       0.0768069717907743
       0.1476289863366981
       0.0847869177098882
       0.1147117127120805
       0.1087267510782602
       0.0967568365885591
       0.1127167240378171
       0.0867819019951818
       0.1077292611300983
       0.0867819019951818
       0.0708220145459238
       0.1127167240378171
       0.1107217397525236
       0.0957593422514274
       0.1506214649591233
       0.0778044661279060
       0.1007468051591462
       0.1037392881705413
       0.1097242454153919
       0.0887768906694452
       0.1196991756197994
       0.0917693692918704
       0.0708220145459238
       0.1157092026602424
       0.0668320415863668
       0.1246866429164880
       0.0807969447503313
       0.0897743806176070
       0.1007468051591462
       0.0718195044940856
       0.0937643535771640
       0.1027417938334096
       0.1316690944984702
       0.0997493152109844
       0.0807969447503313
       0.0957593422514274
       0.0967568365885591
       0.0797994504131996
       0.1266816272017816
       0.1446365033253030
       0.0778044661279060
       0.1047367781187032
       0.0997493152109844
       0.1007468051591462
       0.1316690944984702
       0.0837894233727565
       0.0000000000000000
       0.1226916542422246
       0.1446365033253030
       0.1276791215389133
       0.0867819019951818
       0.1087267510782602
       0.0967568365885591
       0.0708220145459238
       0.1236891485793563
       0.0827919290356248
       0.0708220145459238
       0.0758094774536426
       0.1087267510782602
       0.0897743806176070
       0.0857844120470199
       0.1067317667929666
       0.0837894233727565
       0.1346615731208955
       0.1286766158760450
       0.1216941642940627
       0.1296741102131767
       0.1196991756197994
       0.1017442994962779
       0.0768069717907743
       0.0817944390874630
       0.0957593422514274
       0.0877793963323135
       0.1187016856716375
       0.0807969447503313
       0.1376540517433208
       0.0947618479142957
       0.0907718749547387
       0.0957593422514274
       0.1376540517433208
       0.1206966699569310
       0.0847869177098882
       0.0997493152109844
       0.0827919290356248
       0.0698245202087921
       0.1007468051591462
       0.1356590674580272
       0.1077292611300983
       0.0947618479142957
       0.0947618479142957
       0.1276791215389133
       0.1216941642940627
       0.0877793963323135
       0.1017442994962779
       0.0917693692918704
       0.0797994504131996
       0.0807969447503313
       0.0917693692918704
       0.1356590674580272
       0.1386515460804525
       0.1406465347547158
       0.0967568365885591
       0.1306716001613385
       0.0957593422514274
       0.1336640787837638
       0.1396490404175842
       0.0718195044940856
       0.0877793963323135
       0.1127167240378171
       0.0778044661279060
       0.0987518208738527
       0.1047367781187032
       0.0827919290356248
       0.0708220145459238
       0.1236891485793563
       0.1077292611300983
       0.1246866429164880
       0.1226916542422246
       0.1296741102131767
       0.1127167240378171
       0.1067317667929666
       0.1057342724558349
       0.0827919290356248
       0.0718195044940856
       0.1157092026602424
       0.0847869177098882
       0.1436390133771411
       0.1386515460804525
       0.0887768906694452
       0.1117192297006854
       0.1296741102131767
       0.0957593422514274
       0.1286766158760450
       0.1187016856716375
       0.0877793963323135
       0.1256841372536197
       0.1206966699569310
       0.0718195044940856
       0.1087267510782602
       0.1137142183749488
       0.0837894233727565
       0.1286766158760450
       0.0977543265367210
       0.1107217397525236
       0.1177041913345058
       0.0698245202087921
       0.1276791215389133
       0.0797994504131996
       0.0827919290356248
       0.0768069717907743
       0.0997493152109844
       0.0967568365885591
       0.1406465347547158
       0.0867819019951818
       0.1276791215389133
       0.0788019560760679
       0.1107217397525236
       0.1057342724558349
       0.0718195044940856
       0.1216941642940627
       0.1386515460804525
       0.0967568365885591
       0.1376540517433208
       0.1017442994962779
       0.0997493152109844
       0.0927668636290021
       0.0997493152109844
       0.0907718749547387
       0.1167066969973741
       0.0788019560760679
       0.0658345472492351
       0.1446365033253030
       0.1486264762848599
       0.1256841372536197
       0.0698245202087921
       0.1516189592962550
       0.1107217397525236
       0.1007468051591462
       0.1017442994962779
       0.1316690944984702
       0.0837894233727565
       0.1316690944984702
       0.1047367781187032
       0.1117192297006854
       0.0857844120470199
       0.0927668636290021
       0.1466314919995663
       0.0668320415863668
       0.0977543265367210
       0.1067317667929666
       0.0997493152109844
       0.0967568365885591
       0.1516189592962550
       0.0708220145459238
       0.1057342724558349
       0.0997493152109844
       0.0857844120470199
       0.0987518208738527
       0.0748119875054807
       0.1047367781187032
       0.0827919290356248
       0.1067317667929666
       0.1157092026602424
       0.0708220145459238
       0.0738144931683490
       0.0957593422514274
       0.1546114379186803
       0.1296741102131767
       0.0000000000000000
       0.1286766158760450
       0.0748119875054807
       0.0987518208738527
       0.0867819019951818
       0.0967568365885591
       0.0708220145459238
       0.1496239706219916
       0.1306716001613385
       0.1057342724558349
       0.0857844120470199
       0.0947618479142957
       0.0847869177098882
       0.0688270258716604
       0.0967568365885591
       0.1017442994962779
       0.0967568365885591
       0.1057342724558349
       0.1546114379186803
       0.0917693692918704
       0.1306716001613385
       0.1216941642940627
       0.1067317667929666
       0.0797994504131996
       0.0797994504131996
       0.0688270258716604
       0.1196991756197994
       0.1127167240378171
       0.1107217397525236
       0.1107217397525236
       0.1087267510782602
       0.1117192297006854
       0.1167066969973741
       0.0688270258716604
       0.0857844120470199
       0.1206966699569310
       0.0827919290356248
       0.0778044661279060
       0.1266816272017816
       0.1047367781187032
       0.1276791215389133
       0.0947618479142957
       0.0897743806176070
       0.0708220145459238
       0.1306716001613385
       0.1286766158760450
       0.1157092026602424
       0.1336640787837638
       0.1097242454153919
       0.0748119875054807
       0.1087267510782602
       0.0768069717907743
       0.1127167240378171
       0.1516189592962550
       0.0887768906694452
       0.1356590674580272
       0.0907718749547387
       0.1466314919995663
       0.0927668636290021
       0.1007468051591462
       0.0788019560760679
       0.0688270258716604
       0.0857844120470199
       0.0847869177098882
       0.0887768906694452
       0.0728169988312173
       0.1057342724558349
       0.1147117127120805
       0.1127167240378171
       0.1246866429164880
       0.0728169988312173
       0.0857844120470199
       0.1117192297006854
       0.1366565617951589
       0.0738144931683490
       0.1556089278668422
       0.0668320415863668
       0.0698245202087921
       0.1376540517433208
       0.0967568365885591
       0.0837894233727565
       0.1117192297006854
       0.0698245202087921
       0.1097242454153919
       0.1266816272017816
       0.1157092026602424
       0.0967568365885591
       0.1586014108782373
       0.1147117127120805
       0.1246866429164880
       0.1206966699569310
       0.1097242454153919
       0.0788019560760679
       0.1196991756197994
       0.1246866429164880
       0.1187016856716375
       0.0748119875054807
       0.0937643535771640
       0.1316690944984702
       0.0887768906694452
       0.1376540517433208
       0.0817944390874630
       0.0967568365885591
       0.0967568365885591
       0.1117192297006854
       0.1546114379186803
       0.1137142183749488
       0.0947618479142957
       0.1216941642940627
       0.1306716001613385
       0.1376540517433208
       0.1376540517433208
       0.0698245202087921
       0.0977543265367210
       0.1316690944984702
       0.0668320415863668
       0.0987518208738527
       0.1067317667929666
       0.0827919290356248
       0.1196991756197994
       0.0917693692918704
       0.1147117127120805
       0.0668320415863668
       0.1097242454153919
       0.1117192297006854
       0.1496239706219916
       0.0867819019951818
       0.0877793963323135
       0.1376540517433208
       0.1147117127120805
       0.0797994504131996
       0.0748119875054807
       0.0967568365885591
       0.1216941642940627
       0.1107217397525236
       0.0668320415863668
       0.0748119875054807
       0.0827919290356248
       0.0797994504131996
       0.0917693692918704
       0.0748119875054807
       0.0977543265367210
       0.1097242454153919
       0.0987518208738527
       0.0867819019951818
       0.0817944390874630
       0.1276791215389133
       0.1306716001613385
       0.0797994504131996
       0.1216941642940627
       0.1296741102131767
       0.1246866429164880
       0.0827919290356248
       0.0977543265367210
       0.0947618479142957
       0.0947618479142957
       0.1187016856716375
       0.1177041913345058
       0.1087267510782602
       0.0977543265367210
       0.1027417938334096
       0.0917693692918704
       0.0768069717907743
       0.0658345472492351
       0.0797994504131996
       0.1177041913345058
       0.1007468051591462
       0.1087267510782602
       0.1107217397525236
       0.1546114379186803
       0.1546114379186803
       0.1226916542422246
       0.0678295315345287
       0.1376540517433208
       0.1326665888356019
       0.1167066969973741
       0.0857844120470199
       0.1226916542422246
       0.0837894233727565
       0.1216941642940627
       0.0668320415863668
       0.1027417938334096
       0.1496239706219916
       0.1506214649591233
       0.0987518208738527
       0.0987518208738527
       0.1107217397525236
       0.1097242454153919
       0.0867819019951818
       0.0997493152109844
       0.0997493152109844
       0.0897743806176070
       0.0967568365885591
       0.1137142183749488
       0.0937643535771640
       0.1206966699569310
       0.1326665888356019
       0.1187016856716375
       0.1117192297006854
       0.1027417938334096
       0.0877793963323135
       0.0797994504131996
       0.0668320415863668
       0.0768069717907743
       0.0907718749547387
       0.0778044661279060
       0.0797994504131996
       0.1326665888356019
       0.0877793963323135
       0.1256841372536197
       0.0897743806176070
       0.0917693692918704
       0.1147117127120805
       0.0788019560760679
       0.1067317667929666
       0.1087267510782602
       0.1117192297006854
       0.0957593422514274
       0.1266816272017816
       0.1416440247028777
       0.0827919290356248
       0.0897743806176070
       0.1157092026602424
       0.1067317667929666
       0.0927668636290021
       0.1316690944984702
       0.1396490404175842
       0.1077292611300983
       0.1416440247028777
       0.0778044661279060
       0.1266816272017816
       0.1196991756197994
       0.0658345472492351
       0.1097242454153919
       0.1117192297006854
       0.1147117127120805
       0.0658345472492351
       0.0897743806176070
       0.0967568365885591
       0.0728169988312173
       0.0748119875054807
       0.1276791215389133
       0.1027417938334096
       0.0847869177098882
       0.1236891485793563
       0.1157092026602424
       0.0887768906694452
       0.0708220145459238
       0.1196991756197994
       0.1406465347547158
       0.0768069717907743
       0.0807969447503313
       0.1067317667929666
       0.1057342724558349
       0.0947618479142957
       0.1167066969973741
       0.0807969447503313
       0.0897743806176070
       0.1236891485793563
       0.1067317667929666
       0.1196991756197994
       0.0917693692918704
       0.0758094774536426
       0.1326665888356019
       0.0738144931683490
       0.0827919290356248
       0.0867819019951818
       0.0957593422514274
       0.1147117127120805
       0.1436390133771411
       0.0897743806176070
       0.0768069717907743
       0.0997493152109844
       0.1107217397525236
       0.0977543265367210
       0.0788019560760679
       0.0977543265367210
       0.0977543265367210
       0.0708220145459238
       0.0807969447503313
       0.1187016856716375
       0.1017442994962779
       0.1097242454153919
       0.1196991756197994
       0.0797994504131996
       0.0867819019951818
       0.1087267510782602
       0.1087267510782602
       0.1017442994962779
       0.0778044661279060
       0.0728169988312173
       0.1167066969973741
       0.1286766158760450
       0.1266816272017816
       0.0927668636290021
       0.0768069717907743
       0.1077292611300983
       0.0768069717907743
       0.0797994504131996
       0.0718195044940856
       0.0778044661279060
       0.1446365033253030
       0.1017442994962779
       0.0907718749547387
       0.0758094774536426
       0.0907718749547387
       0.0698245202087921
       0.1196991756197994
       0.0897743806176070
       0.1117192297006854
       0.1336640787837638
       0.0897743806176070
       0.1107217397525236
       0.1057342724558349
       0.1177041913345058
       0.1336640787837638
       0.1466314919995663
       0.1246866429164880
       0.0678295315345287
       0.0957593422514274
       0.0807969447503313
       0.0957593422514274
       0.1147117127120805
       0.1087267510782602
       0.1127167240378171
       0.0837894233727565
       0.1336640787837638
       0.0778044661279060
       0.0867819019951818
       0.0987518208738527
       0.0797994504131996
       0.0927668636290021
       0.1107217397525236
       0.0857844120470199
       0.1107217397525236
       0.0817944390874630
       0.0857844120470199
       0.0967568365885591
       0.0987518208738527
       0.0758094774536426
       0.0768069717907743
       0.1536139435815486
       0.0758094774536426
       0.1127167240378171
       0.1117192297006854
       0.1426415190400094
       0.0877793963323135
       0.1047367781187032
       0.1057342724558349
       0.0807969447503313
       0.1057342724558349
       0.1157092026602424
       0.1436390133771411
       0.0937643535771640
       0.0907718749547387
       0.1456339976624347
       0.1256841372536197
       0.1196991756197994
       0.1167066969973741
       0.1087267510782602
       0.0788019560760679
       0.1147117127120805
       0.0817944390874630
       0.0698245202087921
       0.1236891485793563
       0.0688270258716604
       0.1097242454153919
       0.0827919290356248
       0.1406465347547158
       0.1007468051591462
       0.0967568365885591
       0.1107217397525236
       0.0867819019951818
       0.0857844120470199
       0.0778044661279060
       0.0837894233727565
       0.0907718749547387
       0.1446365033253030
       0.1266816272017816
       0.0837894233727565
       0.0708220145459238
       0.1017442994962779
       0.1067317667929666
       0.0758094774536426
       0.1087267510782602
       0.1316690944984702
       0.0797994504131996
       0.0897743806176070
       0.0698245202087921
       0.1326665888356019
       0.0907718749547387
       0.0768069717907743
       0.0688270258716604
       0.0907718749547387
       0.1206966699569310
       0.0947618479142957
       0.0997493152109844
       0.0977543265367210
       0.1187016856716375
       0.1077292611300983
       0.1266816272017816
       0.0897743806176070
       0.0897743806176070
       0.1236891485793563
       0.0827919290356248
       0.1017442994962779
       0.1157092026602424
       0.0797994504131996
       0.0758094774536426
       0.0987518208738527
       0.1157092026602424
       0.1077292611300983
       0.0728169988312173
       0.0718195044940856
       0.0000000000000000
       0.1087267510782602
       0.0897743806176070
       0.1007468051591462
       0.0937643535771640
       0.0778044661279060
       0.0668320415863668
       0.0947618479142957
       0.0778044661279060
       0.1506214649591233
       0.0688270258716604
       0.1107217397525236
       0.1187016856716375
       0.1286766158760450
       0.1486264762848599
       0.1366565617951589
       0.1077292611300983
       0.0698245202087921
       0.1286766158760450
       0.0887768906694452
       0.0967568365885591
       0.0827919290356248
       0.0937643535771640
       0.1316690944984702
       0.0847869177098882
       0.1226916542422246
       0.0797994504131996
       0.1236891485793563
       0.1167066969973741
       0.1416440247028777
       0.0877793963323135
       0.0718195044940856
       0.1017442994962779
       0.1107217397525236
       0.1157092026602424
       0.1027417938334096
       0.1007468051591462
       0.1047367781187032
       0.0837894233727565
       0.1316690944984702
       0.0807969447503313
       0.1187016856716375
       0.0668320415863668
       0.0947618479142957
       0.1027417938334096
       0.0827919290356248
       0.0797994504131996
       0.1137142183749488
       0.0768069717907743
       0.0917693692918704
       0.0788019560760679
       0.0668320415863668
       0.0997493152109844
       0.0837894233727565
       0.1236891485793563
       0.1087267510782602
       0.0927668636290021
       0.0827919290356248
       0.1027417938334096
       0.0957593422514274
       0.0927668636290021
       0.1246866429164880
       0.0997493152109844
       0.0967568365885591
       0.1236891485793563
       0.0837894233727565
       0.1187016856716375
       0.1476289863366981
       0.0977543265367210
       0.1017442994962779
       0.1167066969973741
       0.0867819019951818
       0.0947618479142957
       0.1416440247028777
       0.1326665888356019
       0.1127167240378171
       0.1117192297006854
       0.0927668636290021
       0.1206966699569310
       0.1466314919995663
       0.0797994504131996
       0.0748119875054807
       0.0987518208738527
       0.1496239706219916
       0.0788019560760679
       0.0957593422514274
       0.1067317667929666
       0.1057342724558349
       0.0768069717907743
       0.1177041913345058
       0.0907718749547387
       0.1236891485793563
       0.1226916542422246
       0.1127167240378171
       0.0847869177098882
       0.0887768906694452
       0.1516189592962550
       0.0997493152109844
       0.1256841372536197
       0.0688270258716604
       0.1037392881705413
       0.0768069717907743
       0.1057342724558349
       0.0788019560760679
       0.1007468051591462
       0.0658345472492351
       0.1426415190400094
       0.0997493152109844
       0.0778044661279060
       0.1067317667929666
       0.1246866429164880
       0.1067317667929666
       0.1107217397525236
       0.1246866429164880
       0.1246866429164880
       0.0758094774536426
       0.1306716001613385
       0.0867819019951818
       0.0877793963323135
       0.1007468051591462
       0.1276791215389133
       0.0718195044940856
       0.0698245202087921
       0.0688270258716604
       0.0847869177098882
       0.0688270258716604
       0.1586014108782373
       0.0887768906694452
       0.0937643535771640
       0.1396490404175842
       0.1047367781187032
       0.1077292611300983
       0.0698245202087921
       0.1117192297006854
       0.1027417938334096
       0.1027417938334096
       0.1007468051591462
       0.0937643535771640
       0.0698245202087921
       0.0668320415863668
       0.1236891485793563
       0.1196991756197994
       0.0877793963323135
       0.1057342724558349
       0.0927668636290021
       0.0000000000000000
       0.1316690944984702
       0.1157092026602424
       0.0847869177098882
       0.1196991756197994
       0.0877793963323135
       0.0728169988312173
       0.0937643535771640
       0.1057342724558349
       0.1047367781187032
       0.1586014108782373
       0.1416440247028777
       0.0887768906694452
       0.0947618479142957
       0.1007468051591462
       0.0788019560760679
       0.1047367781187032
       0.1226916542422246
       0.0708220145459238
       0.0917693692918704
       0.0957593422514274
       0.1396490404175842
       0.1137142183749488
       0.1276791215389133
       0.0698245202087921
       0.0987518208738527
       0.0997493152109844
       0.1446365033253030
       0.1007468051591462
       0.0658345472492351
       0.1187016856716375
       0.1256841372536197
       0.1067317667929666
       0.1107217397525236
       0.0907718749547387
       0.0678295315345287
       0.1386515460804525
       0.1107217397525236
       0.0937643535771640
       0.0987518208738527
       0.1167066969973741
       0.0977543265367210
       0.0688270258716604
       0.0907718749547387
       0.0817944390874630
       0.0748119875054807
       0.1077292611300983
       0.1037392881705413
       0.1027417938334096
       0.1027417938334096
       0.0758094774536426
       0.0698245202087921
       0.1316690944984702
       0.1127167240378171
       0.0668320415863668
       0.0947618479142957
       0.1346615731208955
       0.1047367781187032
       0.1177041913345058
       0.1087267510782602
       0.1027417938334096
       0.0768069717907743
       0.1316690944984702
       0.1157092026602424
       0.1416440247028777
       0.0977543265367210
       0.1127167240378171
       0.1216941642940627
       0.1296741102131767
       0.0947618479142957
       0.1516189592962550
       0.0897743806176070
       0.1566064222039739
       0.0758094774536426
       0.1536139435815486
       0.0987518208738527
       0.0857844120470199
       0.1196991756197994
       0.1167066969973741
