-8.3102e-01 1.5977e-01
6.8486e-01 1.4022e-01
7.4204e-01 4.0714e-01
9.2602e-01 -6.8996e-01
-4.5282e-01 3.5648e-01
-1.0091e-01 -6.4979e-01
5.1910e-01 -5.4530e-02
-6.6486e-01 6.0156e-01
-1.4961e-01 8.7540e-01
8.6643e-01 -2.4330e-01
2.5197e-01 -1.3853e-01
8.9008e-01 -8.2680e-01
3.1615e-01 1.2340e-01
4.3449e-01 7.8717e-01
-5.4087e-01 2.6656e-01
2.7121e-01 -4.6822e-01
-2.9238e-01 -4.4016e-01
9.6178e-01 -8.4972e-01
7.7721e-03 3.9612e-01
3.0737e-01 9.5299e-01
-8.5639e-01 8.4001e-01
-9.5100e-01 7.4521e-01
7.0262e-01 3.7837e-01
6.8033e-01 6.0382e-01
8.3095e-01 -1.9077e-01
1.6927e-01 -5.3270e-01
5.5659e-01 -7.0058e-01
-6.7748e-01 8.4097e-01
-7.0204e-01 4.5695e-01
7.2192e-01 9.1960e-01
1.4961e-01 -2.9154e-02
5.6099e-02 2.9055e-02
7.0297e-01 -6.0092e-01
-6.9947e-01 -5.3929e-01
4.0781e-02 9.1405e-01
6.7702e-01 3.4127e-01
-7.3650e-01 -7.6016e-01
2.9557e-01 -8.5818e-01
2.4503e-01 -6.4268e-01
-9.3854e-01 9.6007e-01
-4.5886e-01 -3.5321e-01
6.9300e-01 8.5517e-01
2.9195e-02 3.1889e-01
2.7535e-01 1.9116e-01
-8.4073e-02 -6.5762e-02
6.6159e-01 -7.1501e-01
-4.2559e-01 5.2670e-01
8.9562e-01 9.3749e-01
2.4807e-01 -5.2892e-01
9.6275e-01 -4.5037e-02
5.2355e-01 3.8846e-01
2.6356e-01 -3.5262e-01
-6.2086e-01 -5.2429e-01
2.1692e-01 -6.5697e-01
6.7028e-01 3.7135e-01
-2.6707e-01 -4.3195e-01
-5.8910e-01 -5.9426e-01
-8.3506e-01 4.3304e-01
-6.0838e-01 -4.7107e-01
6.2962e-02 -4.2062e-01
-6.8657e-01 8.8592e-01
9.0711e-01 9.1046e-01
1.4555e-01 -9.6885e-01
6.4831e-01 -5.9875e-01
-8.6877e-01 -1.7515e-01
3.6860e-01 9.9986e-02
-5.7662e-01 -1.9780e-01
-2.4968e-01 -3.1819e-01
-9.6167e-01 -7.7779e-01
-8.7149e-01 -8.6579e-01
-1.0775e-01 -6.2181e-01
9.1317e-01 3.8067e-01
9.2451e-01 -2.0709e-01
-7.6583e-01 7.5970e-02
-1.1091e-01 8.5077e-01
-1.6222e-01 1.9013e-01
-8.5812e-01 -6.4067e-01
-7.3346e-02 -2.2792e-01
3.9233e-01 3.5564e-01
-6.3056e-01 -4.0418e-01
7.2743e-01 -1.3859e-01
-2.9985e-01 -3.1434e-01
5.4428e-01 9.4040e-01
4.5518e-01 8.2055e-01
-2.5578e-01 -1.5395e-01
-5.1319e-01 9.3042e-01
-9.6446e-01 5.1355e-01
9.1553e-01 7.0918e-02
-3.6127e-01 -2.4787e-01
7.9715e-01 8.4732e-01
-5.4321e-01 1.9184e-01
-7.6997e-02 -6.6839e-01
-7.1448e-01 5.0098e-01
-2.2339e-01 -9.2887e-01
1.7001e-01 2.8275e-01
3.1587e-02 1.5065e-01
-3.6492e-01 8.4796e-01
4.1956e-01 2.4256e-01
4.3612e-01 -9.0081e-01
4.2663e-01 -6.1033e-01
7.3600e-01 -7.0241e-01
-6.9161e-01 7.1555e-02
-4.1793e-01 9.1642e-01
-5.9236e-01 8.7870e-01
-9.7644e-01 -8.2854e-01
1.6103e-01 -8.9814e-01
-6.0751e-01 -7.8479e-01
-8.6340e-01 -4.4559e-01
1.8075e-01 1.7324e-01
-6.8897e-01 3.2211e-01
-9.1186e-02 6.6709e-01
3.8903e-01 -6.0590e-01
-8.1064e-01 -4.8575e-02
-8.0368e-01 9.8000e-01
-9.4125e-01 -3.4038e-01
1.3282e-02 -3.6128e-01
2.2880e-01 3.2750e-01
-1.4099e-01 -7.8750e-01
6.3257e-01 -7.4494e-02
-6.1112e-01 7.2130e-01
-4.7160e-01 -7.0562e-01
6.8367e-01 3.1702e-01
1.1759e-02 2.1852e-01
-2.1132e-01 5.8327e-01
-7.7025e-01 -9.3831e-01
-3.3078e-01 -4.8532e-02
2.6354e-01 6.2589e-01
7.3643e-01 -5.2241e-01
1.3549e-01 1.6956e-01
3.1752e-01 8.4518e-01
-8.2230e-01 -6.2670e-01
1.1236e-01 -5.1405e-01
-3.9204e-01 -6.2376e-02
5.1588e-01 -9.2949e-01
-2.2111e-01 4.2414e-01
-1.7808e-02 9.3702e-01
-6.0295e-01 -5.6156e-01
-2.1171e-01 -5.0626e-01
-8.2294e-01 -9.3592e-01
4.8489e-01 3.4361e-01
5.7466e-02 -5.9424e-01
-9.7748e-02 6.2511e-01
4.3616e-01 1.2679e-01
-3.0890e-02 7.2205e-01
9.2502e-01 8.1294e-01
9.1443e-01 1.9064e-01
4.6036e-01 -1.7217e-01
-2.5887e-01 -8.4013e-01
-6.7008e-02 8.2947e-01
-9.0125e-01 -4.8364e-01
-1.8208e-01 -4.2648e-01
-1.5747e-01 8.0085e-01
1.2061e-01 5.5759e-01
-4.1687e-01 -9.5021e-01
6.4255e-02 5.0264e-01
-6.3955e-01 -2.0252e-01
8.5319e-01 -6.1179e-01
-1.9787e-01 3.5672e-01
-4.0414e-01 3.5262e-01
7.1775e-01 3.9891e-01
-4.5890e-01 6.4521e-01
-4.4267e-01 -8.3014e-01
-3.4663e-01 -1.3477e-01
6.7229e-01 -2.0678e-01
-8.7930e-01 -7.5510e-01
4.5140e-01 1.0419e-01
-9.5105e-01 8.3820e-01
-2.8710e-01 3.0980e-01
-9.2365e-01 1.7455e-01
-5.9920e-01 -3.3294e-01
7.3799e-01 -7.5197e-01
9.1541e-02 -5.8454e-01
5.5163e-01 -7.5271e-01
-3.1821e-01 -4.5852e-01
7.3152e-01 5.4665e-02
6.1161e-01 -4.4680e-01
-7.6602e-01 5.3885e-01
1.2408e-01 -4.5969e-01
-7.3645e-01 -1.6538e-01
3.1695e-01 1.7612e-01
-4.3020e-01 -4.3390e-01
-2.0717e-01 1.8741e-01
-4.1298e-01 -7.1015e-01
1.0431e-01 -7.6012e-01
-9.2394e-01 -4.4588e-01
6.4298e-01 5.8053e-01
-1.8317e-01 4.1054e-01
-9.1071e-01 9.1722e-01
-5.6901e-02 5.8554e-01
-8.3181e-01 5.4096e-01
-7.0977e-01 -4.9677e-01
-9.0769e-01 8.4834e-01
6.0536e-01 5.9675e-01
7.2770e-01 -3.4536e-01
7.6317e-01 -8.2080e-01
2.7900e-02 7.4207e-01
9.3809e-01 7.1355e-01
-9.1017e-01 -3.2976e-01
9.3790e-01 -9.6381e-01
-2.1040e-02 1.3833e-01
-9.7398e-01 9.0456e-02
-9.5817e-01 3.3806e-01
-2.9222e-01 7.5419e-01
-8.5286e-01 -5.3508e-01
-4.1438e-01 -8.1009e-01
-8.7610e-01 9.5538e-01
1.1411e-02 5.8458e-01
7.8104e-01 3.7928e-02
-7.7642e-01 8.0966e-01
5.6812e-01 4.7739e-01
-7.9046e-01 3.0555e-01
-2.7627e-01 -2.1965e-01
-7.0919e-01 -8.3581e-01
-3.5250e-01 1.0994e-01
1.7712e-01 3.5675e-01
5.2446e-01 3.0173e-01
-3.0913e-01 9.4119e-01
-9.5022e-01 3.7090e-01
9.7065e-01 5.4975e-01
8.5978e-01 7.4768e-02
-7.9804e-01 -1.9956e-01
-9.0071e-01 1.3722e-01
-1.9905e-01 -5.7117e-02
5.4688e-01 2.1341e-01
-1.4665e-01 -2.4070e-01
-2.1687e-01 3.3996e-01
-1.2786e-01 1.5126e-01
6.4657e-01 -7.3708e-01
5.3081e-02 -6.3025e-01
-4.3383e-01 -4.0022e-01
3.9412e-01 9.1469e-01
-5.3419e-02 1.6644e-01
1.8638e-01 1.4556e-01
-2.9542e-01 -8.4361e-01
6.7131e-01 -3.7210e-01
7.3930e-01 -4.3092e-01
-2.4021e-01 -7.9840e-01
8.2064e-01 -6.4041e-01
6.1410e-01 -2.7775e-01
4.1270e-01 1.8478e-01
-5.3385e-01 -4.0569e-01
2.6109e-01 8.0880e-01
-2.2852e-01 -7.4932e-01
-1.1517e-02 -9.6505e-01
2.5225e-01 -8.9224e-02
7.7333e-01 9.1234e-01
4.7519e-01 -6.8263e-02
-4.7425e-01 -4.8312e-01
7.7771e-01 5.2563e-01
7.7213e-01 -9.3404e-01
8.1828e-01 -2.3581e-01
3.8956e-01 -9.2382e-01
5.2652e-01 -7.6206e-01
-4.1591e-01 -6.5721e-01
3.1678e-01 7.3792e-01
-5.0917e-01 5.7605e-01
-2.9750e-01 5.4929e-01
4.4962e-01 -3.3142e-01
-1.8983e-01 6.0097e-01
-7.2027e-01 1.4604e-01
-2.4669e-01 -2.0403e-01
7.9057e-01 5.6733e-04
-5.1258e-01 5.1708e-01
-4.2162e-01 -3.6037e-01
-8.3670e-01 5.9772e-01
-6.7252e-02 3.2522e-01
5.9967e-01 1.0959e-01
-7.5360e-01 -8.2219e-01
-1.2897e-01 1.7995e-01
8.5027e-01 1.3206e-01
8.1305e-01 7.7818e-01
3.3137e-01 4.8350e-02
-1.3509e-01 -7.3219e-01
-3.7067e-01 -9.0850e-01
9.5943e-01 -2.2902e-01
-9.7303e-01 4.5565e-01
2.3454e-01 7.6428e-01
9.6831e-01 -6.9193e-01
-7.0343e-01 6.0876e-01
-4.5807e-01 1.8708e-01
6.4092e-01 -4.3359e-01
-4.9895e-01 -7.4306e-01
-8.4512e-01 1.0790e-01
5.3290e-01 8.9564e-01
-9.7448e-01 -2.0231e-01
9.0675e-01 5.7961e-01
-3.6940e-01 -4.7867e-01
5.4696e-01 2.5420e-01
3.1162e-01 -1.5163e-01
-1.6523e-01 -4.0830e-01
7.0761e-01 -1.6115e-01
-6.4569e-01 2.5634e-01
-2.6422e-01 7.0600e-01
-4.3601e-01 -1.6603e-01
-8.5505e-01 9.3233e-01
9.4358e-01 5.3549e-01
4.9986e-01 -6.6798e-01
-8.2445e-01 3.4734e-01
4.6154e-01 5.0486e-01
-7.2560e-01 4.4321e-01
4.7360e-01 2.8736e-01
3.6921e-01 -1.3855e-01
-6.2429e-01 -1.4715e-01
-5.2362e-01 6.1949e-01
7.1687e-01 2.7141e-01
3.3853e-01 -2.4230e-02
-7.4742e-01 7.6780e-01
-3.3857e-02 -7.5972e-01
-2.2113e-01 4.5781e-01
-4.8875e-01 1.0591e-01
9.2090e-01 -1.6858e-01
1.6524e-01 -8.0934e-01
6.1939e-01 -2.0635e-01
-5.4635e-01 -6.8525e-01
-5.4675e-01 8.5349e-01
-7.6423e-01 3.1829e-01
3.5029e-01 -4.2188e-01
-7.9857e-01 -3.0058e-01
9.0275e-01 -9.4133e-01
3.5536e-01 8.9367e-01
3.0655e-01 -4.3086e-01
8.7254e-01 -5.4673e-01
-5.1425e-01 6.5981e-01
-9.3093e-01 -2.9577e-01
6.5138e-01 -9.6309e-01
-3.4828e-01 -2.9688e-01
-9.6981e-01 6.8052e-01
-2.8630e-02 -1.5826e-01
3.9437e-01 -7.1228e-01
-4.5819e-01 8.1002e-01
3.3656e-01 6.7628e-01
-7.9309e-01 3.4776e-01
1.0843e-01 7.0629e-01
-1.4360e-01 5.6811e-01
1.0854e-01 -5.6923e-02
-3.8069e-01 -1.3519e-02
3.6213e-01 7.4771e-01
1.2132e-01 -8.9911e-01
-5.7163e-01 -1.2704e-01
-3.1271e-01 9.1538e-01
-5.4436e-03 -5.7001e-01
-7.5087e-01 8.9001e-01
1.8162e-01 5.9961e-01
-4.6423e-01 5.1967e-01
9.9024e-02 1.0062e-01
-9.1988e-01 6.9369e-02
4.8784e-01 -9.2175e-01
-4.6793e-01 5.8567e-01
3.7452e-01 -6.8549e-02
7.7564e-01 -9.7743e-01
7.2030e-02 8.7093e-01
2.7990e-01 5.1946e-02
9.0035e-01 6.9975e-01
6.6950e-01 -8.5838e-02
8.6169e-01 -4.4451e-01
-7.0010e-01 -1.6201e-01
1.1549e-01 -7.1685e-01
5.8551e-01 -4.6088e-02
2.3790e-01 5.3946e-01
-4.0495e-01 6.2567e-01
7.2854e-02 6.9572e-01
-6.5943e-01 -8.6244e-01
-5.1122e-01 -1.7550e-01
6.2584e-01 7.8770e-02
6.3644e-01 3.3950e-02
-4.6390e-01 -5.4049e-01
-5.5378e-01 -2.2163e-01
-9.4114e-01 9.0705e-01
-1.7070e-01 2.9067e-02
-4.9030e-01 -3.9753e-02
1.3430e-01 3.3920e-02
7.1632e-01 -9.1441e-01
6.8829e-01 7.7297e-01
4.8687e-01 -6.2207e-01
6.5850e-01 9.5725e-01
-6.0109e-01 3.3042e-01
4.2393e-01 7.0158e-01
3.8221e-02 8.1345e-01
9.6069e-01 4.4476e-01
1.9537e-01 4.8489e-01
-7.8290e-01 -6.2863e-01
-5.5135e-01 -1.6522e-01
-1.3612e-01 -9.3579e-01
-1.5403e-01 -5.3371e-01
5.2052e-01 3.5390e-01
3.7078e-01 -5.1226e-01
1.6574e-01 -6.4832e-01
-1.6567e-02 8.8305e-01
7.9278e-01 2.5852e-01
8.6777e-01 8.1218e-01
-4.2584e-01 7.9771e-01
-5.2292e-01 -2.8161e-01
-4.9475e-01 4.5070e-02
7.3907e-01 -1.7091e-01
4.2045e-01 -2.8763e-01
-5.9600e-01 4.7044e-01
-8.8644e-01 -3.5189e-01
2.0698e-01 -7.4789e-01
-3.4620e-01 2.7959e-02
-6.3398e-01 -7.0265e-01
-7.1556e-01 1.1408e-01
2.9745e-01 -7.6646e-01
7.8776e-01 -4.0428e-01
9.7965e-01 9.6078e-01
-3.5926e-01 3.6964e-01
-7.9018e-01 -5.7987e-01
-3.9627e-01 3.8054e-01
5.8178e-01 -8.8231e-01
8.6785e-01 -9.5477e-01
7.0816e-01 6.8166e-01
-5.2467e-01 6.8329e-01
2.9375e-01 -7.0082e-01
3.7128e-01 -6.9992e-01
5.0428e-01 -9.5745e-02
-2.0233e-01 -2.1212e-01
-3.4132e-01 2.6093e-01
-9.7969e-01 -4.6679e-01
-3.6974e-01 -1.6702e-01
-3.3107e-01 3.5494e-01
-5.2927e-01 2.1805e-01
-5.1285e-01 -7.7087e-01
-8.9832e-01 -7.7577e-01
7.9821e-01 2.0050e-01
5.2535e-01 4.6886e-01
-3.8882e-01 2.9903e-01
-5.9714e-01 1.8241e-01
3.6053e-01 -6.7009e-01
2.9079e-01 7.6870e-01
7.8689e-02 -9.1452e-01
-2.5369e-01 -2.8001e-01
-6.3654e-01 8.2844e-01
2.4307e-01 -4.8452e-01
4.4486e-01 4.6847e-01
-6.6398e-01 2.1198e-02
-1.4064e-01 6.2859e-01
-6.7921e-01 -9.6707e-01
-3.8124e-01 2.6766e-01
2.4969e-01 4.0763e-01
-7.1543e-01 -3.7573e-01
-8.9214e-01 7.9254e-01
4.1599e-01 -1.8371e-01
5.7674e-01 -5.4553e-01
-8.8212e-01 5.9688e-01
-5.4066e-01 4.2065e-01
-5.7029e-01 8.1722e-01
-4.2714e-01 -2.7824e-01
-1.8279e-01 -2.7904e-01
2.7314e-01 7.4292e-01
-3.2521e-02 -9.0214e-01
-7.4911e-01 1.5194e-01
9.3330e-01 4.9249e-01
7.1164e-01 -6.7518e-01
7.6593e-01 7.5098e-01
5.0851e-01 6.1633e-01
-9.3041e-02 3.9651e-01
-7.9947e-01 3.7685e-01
-1.5726e-01 9.6386e-01
-4.9290e-01 -2.3818e-01
7.6769e-01 3.0844e-01
-6.0259e-01 -1.6354e-01
-7.1889e-01 -1.2409e-01
-3.1369e-01 6.4696e-01
-3.1531e-02 -4.5075e-01
3.2243e-01 3.3706e-01
2.8274e-01 -9.7629e-01
-8.1967e-01 -8.7062e-01
-3.7541e-01 4.3225e-01
7.6718e-01 8.0557e-01
-3.8736e-01 5.9061e-01
-6.2870e-01 6.6689e-01
3.1858e-01 6.0458e-01
-1.7592e-01 -5.6479e-01
5.2222e-01 -5.0569e-01
1.3408e-01 -1.7015e-01
1.8561e-01 -1.1813e-01
3.0366e-01 7.9171e-01
-1.4644e-01 5.3980e-01
3.7168e-01 -3.1282e-01
6.5856e-01 -6.2475e-02
3.8755e-01 1.6404e-01
3.5726e-01 6.5885e-01
-5.9964e-01 6.8514e-01
-7.9013e-01 7.6299e-01
3.0162e-01 7.1236e-01
8.8687e-01 3.9164e-01
6.9266e-01 -9.9458e-02
-7.1010e-02 -4.0539e-02
-7.3622e-02 2.8576e-01
2.1524e-01 1.0477e-01
-8.7189e-01 9.5953e-02
-4.5196e-01 -7.7213e-01
1.8397e-01 -1.9635e-01
-6.5989e-01 -1.2370e-01
4.7153e-01 -3.4556e-01
-3.9058e-01 -6.8072e-01
-4.2027e-01 3.0388e-01
3.2616e-01 4.0697e-01
4.7384e-01 4.2009e-01
-2.9951e-02 -1.1058e-01
9.7050e-01 -1.6917e-01
5.0585e-01 -5.8019e-01
-6.6378e-01 1.1304e-01
-9.5222e-01 5.8129e-01
-9.2066e-01 -1.5734e-01
4.4540e-01 -4.1869e-01
4.6076e-01 -3.9326e-01
3.2442e-01 6.3444e-01
-3.7559e-01 -5.3489e-01
-6.0196e-01 4.3512e-01
-9.5377e-01 -5.0332e-01
7.9008e-01 -3.7564e-01
3.2822e-01 -5.2008e-01
1.4196e-01 -5.9130e-02
-4.4082e-01 -1.1921e-01
7.9203e-01 9.0413e-02
-8.0593e-01 5.1681e-01
-7.0177e-01 6.9169e-01
-2.8592e-01 -8.7570e-01
-7.9129e-01 -4.0020e-01
-9.6322e-01 1.8285e-01
-5.3963e-02 -2.7491e-01
-8.2234e-01 8.0448e-01
6.3081e-02 -8.3806e-01
-3.5636e-01 -3.9354e-01
8.9972e-01 -8.8372e-01
2.5256e-01 -7.1226e-01
6.8146e-01 6.3314e-01
7.0317e-01 -5.1006e-01
1.6246e-01 7.7977e-01
-2.7074e-01 1.5884e-02
-3.8412e-01 2.5663e-02
2.6993e-01 -2.8398e-02
8.8588e-01 -7.7115e-01
-2.5576e-03 7.4462e-02
2.1638e-01 8.1208e-01
-4.1908e-01 -1.5098e-02
4.1552e-01 -8.5418e-01
-4.9586e-01 -5.4626e-01
2.3268e-01 -2.8142e-02
-4.0008e-01 1.3410e-01
-5.7430e-01 -8.5544e-02
-7.3439e-01 8.9774e-02
-4.7080e-01 -8.0297e-01
8.3903e-01 -3.0279e-02
-8.0084e-01 -8.5324e-01
6.1736e-01 3.9517e-01
3.7400e-01 -2.2801e-02
8.8748e-01 6.0376e-01
3.9853e-02 -7.0594e-01
8.5464e-01 4.1072e-01
-3.2841e-01 1.5488e-01
4.8281e-01 -9.7704e-01
1.1481e-01 8.7593e-01
2.9121e-01 -2.5347e-03
-1.6224e-01 -3.6204e-01
1.3334e-01 -1.0920e-01
8.9888e-01 -4.7890e-01
8.4488e-02 -3.3533e-01
-3.8576e-01 -3.0630e-01
-3.1916e-01 3.9091e-01
4.9790e-02 -5.0681e-01
-3.0910e-01 5.1620e-01
9.0797e-01 -6.5285e-01
1.9418e-01 -1.7072e-01
-1.4440e-01 -5.7000e-01
-9.5294e-01 5.5315e-02
-2.4504e-01 -1.2945e-01
6.6209e-01 7.5628e-01
-1.5773e-01 2.6747e-01
-7.1716e-01 -4.7061e-01
2.9483e-02 4.1341e-01
7.3623e-03 -1.7146e-01
-3.8047e-01 7.6634e-01
5.4784e-01 -1.8819e-01
4.7076e-01 -2.4027e-01
2.4986e-01 4.6448e-01
-4.2426e-01 1.7580e-01
9.5316e-01 -7.2197e-01
7.0570e-01 8.9086e-01
9.1136e-01 2.7001e-01
2.7023e-01 -1.6513e-01
-8.8762e-01 4.4657e-01
-9.6680e-01 -1.0233e-02
4.0237e-01 -1.4371e-01
9.3832e-01 5.9837e-01
-4.9240e-01 2.3876e-01
2.6247e-01 2.2721e-02
1.6991e-01 8.5575e-01
1.9546e-02 1.0709e-01
4.2162e-01 -7.3499e-01
5.7737e-01 3.1728e-02
7.6232e-01 -5.8270e-01
4.4767e-01 2.3310e-01
-3.5300e-02 -6.0904e-02
-9.3749e-01 -6.7517e-01
-2.2718e-01 6.9303e-02
-7.2973e-01 2.2512e-01
-9.0892e-01 -4.1392e-01
-7.9782e-01 -1.3289e-01
-6.2013e-01 -8.8844e-01
7.6224e-01 8.4324e-01
4.7305e-01 6.2587e-01
8.3531e-01 4.5922e-01
8.7401e-01 5.3404e-01
9.6794e-02 3.0790e-01
5.8674e-01 -1.7193e-02
1.5964e-01 -6.0172e-01
-6.0360e-01 5.6122e-01
-8.6672e-01 1.2685e-01
-7.1886e-02 8.6898e-01
3.9673e-01 -4.9823e-01
5.7480e-01 8.0468e-01
9.5838e-01 1.2076e-01
-6.1482e-01 3.7337e-01
-9.4129e-01 -5.3855e-01
2.2366e-01 3.9171e-01
-2.4677e-01 3.3218e-01
-7.6952e-01 -3.7899e-01
-8.9278e-01 -1.0890e-01
6.0665e-01 -4.9582e-01
5.5277e-01 -8.7034e-02
2.0502e-01 3.3714e-01
-8.9649e-01 -9.1441e-01
-8.4850e-01 -8.3381e-01
-1.9712e-01 8.2059e-01
-7.6645e-01 5.7141e-01
8.2830e-01 9.1628e-01
-1.3602e-01 3.5367e-01
9.4891e-01 3.1467e-01
9.0782e-01 5.3312e-01
-4.4840e-01 4.6222e-01
-7.0286e-01 -2.1797e-01
-7.7098e-01 1.6801e-01
-3.8198e-01 8.2090e-01
1.3514e-01 -8.1600e-01
-5.8015e-01 -7.1177e-01
-3.0247e-01 -1.9040e-01
-7.4442e-01 -6.2790e-01
4.7274e-01 5.3598e-01
-1.6329e-01 -2.1867e-01
7.9030e-01 9.7351e-01
9.2832e-01 -3.6691e-01
-1.0739e-01 8.7532e-01
2.2290e-01 -3.2204e-01
-3.0244e-01 6.0464e-01
-2.1441e-01 -7.1117e-01
8.8212e-01 8.6522e-01
5.3879e-01 7.4870e-02
4.7896e-01 8.3556e-01
7.7929e-01 -1.8407e-01
9.3140e-01 1.0796e-02
8.2008e-01 -3.4628e-01
-1.0423e-01 -8.3924e-02
-8.5863e-01 2.1831e-01
9.3598e-01 2.2663e-01
-9.6625e-01 2.5278e-02
4.6889e-02 1.7428e-01
-4.1943e-01 -4.6475e-02
5.5481e-01 3.1124e-01
-5.0359e-02 -5.2726e-01
6.6385e-01 -1.1571e-01
1.4704e-02 6.6859e-01
3.0341e-01 -2.2520e-01
-1.0095e-02 -2.6486e-01
1.1527e-01 -4.0071e-01
1.4372e-01 -7.8018e-01
3.1443e-01 -4.7971e-01
5.6421e-01 1.8434e-01
-8.1774e-01 -4.7670e-01
-5.4719e-01 -9.7342e-01
8.0673e-01 3.6762e-01
7.1051e-01 -7.3747e-01
-5.5823e-01 7.0363e-01
-6.0188e-01 -2.7617e-01
-5.1203e-01 1.2004e-02
-2.0688e-01 -3.9259e-01
-6.3150e-01 1.1033e-01
-8.2106e-01 8.6966e-01
-2.4150e-01 1.8126e-01
8.5737e-02 9.2412e-01
7.0370e-01 -9.4898e-01
-9.4676e-01 7.9089e-01
4.1263e-01 6.5977e-01
-8.8860e-01 -3.8636e-01
-7.4481e-01 6.9654e-01
-4.3867e-01 -3.1488e-01
-2.1810e-01 -9.5608e-02
2.7335e-01 4.3810e-01
3.3515e-01 -8.0046e-01
-1.1104e-01 -7.2640e-01
9.5687e-01 -1.4261e-01
-4.0140e-01 -8.3553e-01
6.1797e-02 -7.8584e-01
7.1579e-01 4.9446e-01
-2.1449e-01 1.1749e-02
-8.7298e-01 -2.5209e-01
-2.5631e-01 -6.8014e-01
-3.4301e-01 -7.4762e-01
-9.7158e-01 6.4713e-01
-8.3919e-01 -2.8461e-01
1.8976e-01 7.8904e-01
6.1450e-02 -4.2822e-02
-5.8308e-01 5.9972e-02
4.5322e-02 -8.6253e-01
7.8261e-01 7.7665e-01
-9.7376e-01 -7.1599e-01
3.2682e-01 9.8043e-02
-3.3050e-01 9.6790e-02
-1.6162e-01 -1.0677e-01
7.5818e-01 -5.5411e-01
-2.1983e-01 -5.8321e-01
5.6456e-01 7.7823e-01
4.3942e-01 -2.9722e-02
3.3966e-01 -5.9450e-01
5.4468e-01 -1.1016e-01
7.3558e-01 1.5893e-01
-1.7160e-01 4.5305e-01
-5.3425e-01 -2.7535e-02
7.0626e-01 -7.0330e-01
3.5408e-02 9.3830e-01
7.3031e-01 6.5657e-01
8.2585e-02 -6.4625e-01
-9.0378e-01 7.5203e-01
-8.9756e-03 2.7416e-01
-1.3863e-01 -4.9396e-01
2.8772e-01 -2.8949e-01
-6.7330e-01 -3.2680e-01
-9.1717e-01 -6.9668e-01
7.4822e-01 -4.9657e-01
1.4137e-01 -2.9658e-01
-9.3860e-01 5.2167e-01
7.0398e-01 5.8609e-01
3.0144e-02 -4.9408e-02
5.2267e-01 5.8785e-01
8.8721e-01 7.2085e-01
-7.9122e-01 4.5151e-01
6.9938e-01 -2.8419e-01
9.6967e-01 -1.1825e-01
-6.1116e-01 -6.5910e-01
-8.2498e-01 -3.3753e-01
4.5327e-01 1.9832e-01
2.4757e-01 8.3127e-01
-9.9086e-02 -3.2482e-02
-5.4158e-01 8.9536e-01
3.9923e-02 -3.9695e-01
3.8847e-01 -5.6785e-01
-6.0442e-02 -5.8506e-01
9.2734e-01 -7.4377e-01
-4.0677e-01 8.5375e-01
-1.7248e-01 -1.7379e-01
-2.6472e-01 5.6294e-01
-9.8552e-02 4.9443e-01
7.5087e-01 2.1243e-01
-5.1414e-01 1.0868e-01
7.1716e-01 7.1829e-01
-3.3115e-01 7.3219e-01
-2.4159e-01 8.0070e-01
-5.4292e-01 7.5824e-01
-1.7257e-01 -7.5677e-01
2.4047e-01 2.4931e-01
4.2095e-01 -3.6500e-01
-9.1716e-02 5.7924e-03
-6.9179e-01 -7.5616e-01
-4.1195e-01 6.7879e-01
-3.0633e-01 8.5282e-02
3.2319e-01 -7.3442e-01
5.9971e-01 5.4951e-01
7.2742e-01 -6.2529e-01
-1.7324e-01 1.5462e-01
-2.7013e-01 7.2019e-02
4.2042e-01 3.8205e-01
3.0531e-01 4.7686e-01
-3.9868e-01 9.5285e-01
-6.9202e-01 1.8958e-01
-1.9679e-01 2.9390e-01
-4.1328e-01 7.0779e-01
-5.3500e-01 -5.6550e-01
9.6633e-01 6.9713e-01
8.0214e-01 -7.8345e-01
3.1103e-01 -3.0962e-01
-9.4862e-01 -8.5631e-01
6.5466e-01 9.1420e-01
-9.3862e-01 9.1087e-02
9.4431e-01 9.6263e-01
5.0241e-01 -7.1075e-01
-5.8470e-01 -7.7467e-01
6.0004e-02 4.3559e-01
5.1340e-03 -8.6301e-01
-1.7243e-01 3.4498e-01
6.2818e-02 3.1551e-01
-3.2847e-01 -8.1531e-01
1.4319e-01 6.1254e-01
-6.1797e-01 -3.0328e-01
-4.3839e-01 -5.2853e-01
7.3340e-01 1.4392e-02
-9.1901e-01 5.9030e-01
-9.1763e-01 -1.1960e-01
3.3205e-01 -7.1418e-02
-7.6020e-01 -2.2002e-01
-5.3481e-01 -8.6894e-01
6.7167e-01 -8.6110e-01
-1.0095e-01 -5.2271e-01
6.9000e-01 5.6571e-01
9.7266e-01 -5.9345e-01
-5.0326e-01 -1.4161e-01
8.0228e-01 -2.6127e-01
1.1613e-01 -6.1039e-01
6.2091e-02 -2.1718e-01
-4.2725e-01 5.6553e-01
3.6037e-01 1.4396e-01
9.6713e-01 2.9500e-01
-9.1666e-01 4.8691e-01
2.3034e-01 -7.8145e-01
6.7655e-01 -5.9606e-01
1.1398e-01 9.0295e-01
5.6388e-01 -4.7741e-01
1.4982e-02 4.1092e-02
3.4297e-01 6.1674e-01
-3.9793e-01 -2.2924e-01
-2.9522e-01 3.5313e-01
2.0555e-01 -9.5843e-01
5.1125e-01 9.7605e-01
2.1141e-01 9.7521e-01
-6.2273e-01 -8.0810e-02
-1.7994e-01 -2.4462e-01
-8.6377e-01 5.1265e-01
-1.9282e-01 -3.1889e-01
9.0277e-01 -4.7574e-02
1.0006e-01 -6.7292e-01
5.1294e-01 4.4569e-01
3.6860e-01 4.6912e-01
8.9057e-01 1.0723e-01
9.4931e-01 -5.6912e-01
-4.4796e-01 -3.2033e-02
-4.6183e-01 -9.0818e-01
5.7142e-01 2.8131e-01
-9.0895e-01 -6.5544e-02
-1.0191e-01 2.9479e-01
-3.9390e-01 -1.7421e-01
-1.8068e-01 -9.0871e-01
6.3008e-02 -1.7931e-01
1.6153e-01 9.7245e-01
-9.5999e-01 -3.9576e-01
5.8687e-01 2.0234e-01
4.3161e-03 -1.0024e-01
8.6225e-01 -1.5026e-01
5.6493e-01 -3.9057e-01
-8.3413e-01 7.6676e-01
-4.8762e-01 -9.6750e-01
9.3954e-01 4.4956e-02
7.8979e-01 -8.8026e-01
8.5007e-01 3.1579e-01
-3.1907e-01 -9.1794e-01
-6.6369e-01 2.2089e-01
6.1552e-01 8.3600e-01
7.0616e-01 1.8682e-01
4.1398e-01 2.1039e-01
-4.1733e-02 -4.8601e-01
4.9909e-01 -4.6769e-01
-4.4622e-01 -8.7481e-01
1.6070e-01 7.5181e-01
3.9318e-01 -2.7776e-01
-4.1827e-01 8.8859e-01
-7.2265e-01 -4.2732e-01
-9.1943e-01 -5.7294e-01
7.3509e-01 -2.8825e-01
-3.9848e-01 -1.1379e-01
-8.1336e-02 1.5748e-01
-3.1846e-01 -1.2449e-01
6.0656e-01 -6.4598e-01
-4.9252e-01 4.5182e-01
1.5843e-01 5.9325e-02
4.3382e-01 -8.3473e-01
-1.7804e-01 6.6762e-02
-6.4079e-01 -8.3105e-01
5.1705e-02 5.3481e-01
6.0318e-01 -4.1845e-01
5.9195e-01 -1.7899e-01
-3.1040e-01 4.6009e-01
3.8001e-01 6.2646e-01
-7.5577e-01 4.9878e-01
1.3964e-01 -2.3094e-01
-6.9780e-01 -6.2411e-01
6.0292e-01 -9.4527e-01
-3.4618e-01 9.4397e-01
-8.2183e-01 5.7180e-01
-3.3536e-01 5.8391e-01
7.9804e-01 -9.8672e-02
6.8145e-01 -8.9016e-01
-5.5219e-01 9.4328e-01
9.7514e-01 -6.5045e-01
-6.9616e-01 -8.5471e-03
8.1976e-01 6.0272e-01
-7.3721e-01 3.6138e-01
-2.4933e-01 -5.8856e-02
4.7753e-01 -1.2276e-01
-4.7923e-02 8.6005e-01
5.6115e-01 -6.1455e-01
-4.8993e-01 8.6472e-01
-2.6952e-01 -2.5402e-01
-4.2265e-01 7.3209e-01
2.1587e-01 -8.1167e-01
7.7371e-01 -6.2741e-01
-7.6148e-01 1.0501e-01
3.9706e-01 5.6533e-01
6.3224e-01 4.7861e-01
-9.4736e-01 4.1706e-01
8.4832e-01 -4.0454e-01
5.2801e-01 2.7319e-01
5.8542e-01 3.1351e-01
-8.6904e-01 7.0224e-01
-9.0609e-01 8.1524e-01
-2.0916e-01 1.4923e-01
-6.3377e-01 5.7095e-01
-3.3935e-01 -1.6983e-01
-8.4668e-02 -8.2777e-01
-7.3972e-01 -1.3649e-02
3.1547e-01 1.0281e-02
9.6657e-01 4.1509e-01
5.3645e-01 5.4762e-01
-4.9787e-01 3.2307e-01
4.3774e-01 9.0377e-01
-6.3982e-01 -2.7965e-01
-5.7400e-01 -5.0411e-01
5.1300e-01 9.6627e-02
-8.9014e-01 4.7335e-01
4.8410e-01 7.6075e-02
9.5284e-01 2.4805e-01
-9.0418e-02 5.9526e-01
6.0583e-01 7.5929e-01
1.4725e-01 -2.7008e-03
7.6933e-01 1.2042e-01
6.8914e-02 -6.8896e-01
2.7940e-01 9.5022e-01
-7.5091e-01 -1.0649e-01
5.8529e-01 -8.1161e-01
8.4224e-01 -4.7011e-01
8.2732e-01 6.5480e-01
-5.5183e-01 -5.4176e-01
3.5613e-01 -6.3320e-01
4.7831e-01 3.1634e-01
-2.7849e-01 -5.6418e-02
-4.1659e-01 4.3750e-01
9.1040e-01 -2.7379e-01
-4.9171e-03 6.8775e-01
-5.7011e-01 -6.6103e-01
-2.1573e-01 -2.7232e-01
-6.9312e-02 -6.4318e-01
7.6929e-01 -3.3331e-01
-1.5238e-01 -8.5740e-01
-9.5800e-01 -4.2607e-01
-2.8240e-01 -9.7456e-01
-9.0067e-01 -2.6496e-01
6.7715e-01 -9.2227e-01
-7.2417e-01 -9.0872e-01
-3.0853e-01 1.1909e-01
2.9479e-01 6.3984e-01
3.1083e-01 5.7755e-01
7.4039e-01 3.1765e-01
8.9233e-02 6.2898e-01
2.7919e-01 -4.2072e-01
-4.1767e-01 -4.8944e-01
9.3950e-01 -8.9920e-01
5.5320e-01 4.4553e-01
-8.0125e-02 -7.4932e-01
-1.5290e-01 -1.3947e-01
-2.6455e-01 9.6146e-01
3.7833e-01 2.5554e-01
5.2696e-01 7.5725e-01
8.9965e-01 -2.9828e-01
-6.0265e-01 6.2022e-01
-8.9783e-01 7.0062e-01
-1.5368e-01 6.6750e-01
5.0051e-01 -8.6390e-01
8.7965e-01 -1.1316e-01
-9.0326e-01 -2.0458e-01
2.5818e-01 1.6229e-01
9.9210e-02 5.6890e-02
6.9637e-01 3.7406e-03
-9.7734e-02 5.5380e-01
8.6155e-01 -6.8458e-02
7.8365e-01 -7.1105e-01
-5.3609e-01 7.2793e-01
5.9550e-01 6.9107e-01
-4.6273e-01 -5.7144e-01
-1.1396e-01 9.0759e-01
8.2153e-01 8.3583e-02
9.3094e-01 4.0028e-01
7.8833e-01 -3.1438e-01
6.7699e-01 -4.1530e-01
-6.1703e-01 7.9351e-01
-7.9652e-01 -3.7430e-01
6.1454e-01 -1.6927e-01
-5.5853e-01 2.1985e-01
5.3165e-01 -5.3456e-01
-4.2405e-01 -5.6452e-01
-4.3266e-01 4.1463e-02
-2.3577e-01 -4.4650e-01
7.9690e-01 8.2150e-01
9.5172e-02 -7.3570e-01
5.6904e-01 7.1872e-01
9.6553e-03 8.2000e-01
-1.0380e-01 -4.4498e-01
4.0976e-01 -5.3285e-01
-5.3367e-01 5.7366e-02
-8.3203e-02 4.7334e-01
2.5635e-01 3.2815e-01
-3.3836e-02 -6.6562e-01
-6.9330e-01 6.4376e-01
-7.8371e-01 9.0971e-01
5.3005e-01 -4.4714e-01
4.4545e-01 -2.1709e-01
-1.2874e-01 3.8493e-01
7.6795e-01 5.6924e-01
6.1666e-01 -8.6812e-01
2.2057e-01 -7.0746e-01
-5.6054e-01 3.5996e-01
-8.3987e-01 -2.8943e-02
-5.4447e-02 -3.6403e-01
-6.9097e-01 -6.6415e-01
1.4736e-01 8.9056e-01
-4.3371e-01 8.4426e-01
-4.6004e-01 -6.8257e-01
-4.5670e-01 -9.4749e-01
8.6319e-01 -8.8060e-01
-7.5554e-01 -8.5287e-01
-2.8218e-02 -8.6763e-01
-9.6126e-01 -6.3649e-01
8.2384e-01 6.3010e-01
-2.4344e-01 -4.7102e-01
4.1026e-01 9.7121e-01
8.3602e-01 -7.9347e-01
1.8659e-01 -4.2648e-01
8.1704e-01 -8.2917e-01
-9.4359e-02 9.3263e-02
-5.4201e-01 -8.2076e-01
-7.5756e-01 6.2737e-01
-1.2409e-01 -3.0162e-01
3.0759e-01 8.9277e-01
-2.4164e-01 2.8880e-02
3.3864e-01 -2.4355e-01
-1.2164e-01 7.7569e-01
4.2155e-02 2.8614e-01
7.4830e-01 2.5941e-01
8.8109e-01 5.7463e-02
-6.0503e-01 -5.0773e-02
5.5887e-01 -7.9385e-01
4.4445e-01 7.2467e-01
5.2622e-01 -3.4303e-01
-8.2580e-01 2.5267e-01
1.8006e-01 6.7651e-01
-5.5507e-01 -3.9011e-01
1.1339e-01 5.2407e-01
-7.4321e-01 6.5243e-02
-4.7991e-01 -6.1505e-01
-6.7317e-01 1.5166e-01
7.6068e-01 -6.9267e-01
-8.4666e-01 4.7862e-01
-1.8085e-02 9.1029e-01
6.6915e-02 -3.7002e-01
-2.0359e-01 -4.3816e-01
-6.8527e-01 -4.5618e-01
-3.1955e-01 1.9090e-01
5.6199e-01 6.0694e-01
-2.2670e-01 4.8859e-01
-3.0296e-01 -3.6002e-01
2.8146e-01 -7.9487e-01
-3.7816e-01 5.3933e-01
9.2647e-02 -4.7885e-01
-5.5327e-01 4.8120e-01
-4.2110e-01 4.8254e-01
3.6703e-01 -8.0073e-01
1.2900e-01 7.9791e-01
8.9912e-01 2.3480e-01
-8.7187e-01 3.5618e-01
3.8171e-01 5.2183e-01
2.7200e-01 -6.3099e-01
-2.0852e-01 8.9114e-01
3.7787e-01 5.4498e-02
-5.7822e-01 7.2657e-01
2.0057e-01 -1.4072e-01
7.4756e-01 9.0087e-01
9.7676e-01 -3.3847e-01
5.7228e-01 6.7491e-01
-1.1867e-01 -4.2403e-01
2.1595e-02 3.6441e-01
-3.6158e-01 -7.3754e-02
5.3394e-01 6.2045e-01
-4.9783e-01 -6.8494e-01
-3.1506e-01 -4.0584e-01
2.7674e-01 8.3706e-01
-2.8947e-01 -7.4967e-01
-4.1321e-01 3.2947e-01
7.1349e-01 -4.8558e-01
-6.4739e-01 7.0192e-01
-6.2847e-01 -6.2526e-01
7.9356e-02 -2.4013e-01
-9.6748e-01 5.4144e-01
-6.0084e-01 -2.4853e-01
-6.7456e-01 -2.2994e-01
3.5390e-01 4.0452e-01
-6.4449e-01 -4.5051e-01
3.5723e-01 8.3144e-01
9.7577e-03 -6.6764e-01
-5.6110e-01 4.4707e-01
6.3823e-01 6.4671e-01
4.4201e-01 -7.1782e-01
-8.0999e-01 2.7845e-01
-9.0946e-01 -5.1253e-01
3.5492e-01 -3.7606e-01
9.4524e-01 8.8187e-02
-3.2119e-01 7.9940e-01
-8.4541e-01 -1.3864e-01
5.0829e-01 -2.2248e-01
7.2267e-01 -8.6297e-01
9.0417e-01 3.7593e-02
2.4996e-02 -7.8721e-01
2.7851e-01 7.0414e-01
-2.1826e-01 -5.4897e-01
-2.6554e-01 7.6992e-01
-1.1514e-01 7.4669e-01
-1.4786e-01 -6.5644e-01
6.5708e-01 -1.5340e-01
1.3785e-01 8.4689e-01
-7.2563e-01 4.7141e-01
4.9012e-02 6.0934e-01
-4.2124e-01 1.1737e-01
6.4324e-01 8.4918e-01
1.5234e-01 4.6464e-01
-7.9314e-01 4.6705e-02
3.1473e-01 -6.1985e-01
-3.9415e-01 -6.3650e-01
4.6934e-01 8.9067e-01
-4.7510e-01 -3.1974e-01
8.8087e-01 -6.4547e-01
-3.7413e-03 -1.9673e-02
4.3731e-01 1.5368e-01
-1.0285e-01 4.4792e-01
5.5571e-01 3.5773e-01
8.1904e-01 2.4645e-01
-3.6977e-01 -4.2333e-01
5.5853e-01 -1.3863e-01
9.0529e-01 2.9583e-01
1.6231e-01 -7.3603e-01
-9.1179e-02 -1.2927e-01
-6.2518e-01 1.8374e-01
-5.6524e-01 9.0664e-01
-1.3499e-01 8.6553e-02
-3.8791e-01 4.0763e-01
3.1968e-01 -4.2082e-02
2.8909e-01 2.5861e-02
4.5846e-01 5.8808e-01
9.4664e-01 -5.0401e-01
9.2005e-01 1.5369e-01
9.2206e-01 4.4564e-01
-4.8708e-02 9.0299e-01
-1.9548e-01 -6.3539e-01
1.1132e-01 -3.4929e-01
1.7948e-01 2.0607e-01
-1.8029e-01 8.4832e-01
-2.2271e-01 6.5423e-01
1.2658e-01 2.3598e-01
4.4942e-01 -6.2090e-01
9.7054e-01 5.0470e-02
-3.5564e-01 3.1114e-03
1.7087e-01 -4.5237e-01
-2.5066e-01 9.3061e-01
-8.2717e-01 -1.8856e-01
-2.8112e-01 -1.2085e-01
5.2685e-01 -8.4475e-01
9.3664e-01 -6.0221e-01
-7.2577e-01 6.7052e-01
6.4742e-01 2.1115e-01
-9.4405e-01 6.9478e-01
-5.1378e-01 -8.6299e-02
-8.6528e-01 9.4589e-03
-3.2119e-01 8.5149e-01
-1.9043e-01 7.1717e-01
-2.9520e-01 -6.4900e-01
-2.1409e-01 1.1587e-01
-5.8240e-01 -8.9540e-01
-2.3287e-01 7.5622e-01
6.1686e-01 -1.1788e-01
4.3629e-02 -5.3224e-01
3.5046e-01 -9.6034e-01
2.1022e-01 6.4847e-02
4.4823e-01 7.5046e-01
3.4851e-01 -9.3127e-01
7.5879e-01 -8.5834e-01
-6.3039e-01 3.0148e-01
2.6674e-01 -9.1599e-01
-8.6471e-01 -8.9569e-01
7.7931e-01 4.4045e-01
-4.0287e-01 -2.5841e-01
-3.8659e-02 6.2096e-01
-2.4470e-01 5.1317e-01
-5.9545e-02 -1.0173e-01
2.3469e-01 3.8759e-02
-4.0806e-01 2.1824e-01
-1.7602e-01 9.8904e-02
7.6753e-01 -8.9823e-01
5.4151e-01 4.1751e-01
-7.8892e-01 6.0137e-01
4.7392e-01 2.2153e-01
1.4014e-01 3.4558e-01
6.6769e-01 -1.7708e-01
8.3523e-01 2.9506e-01
2.2774e-01 2.8297e-01
7.4269e-01 7.7071e-01
-8.5675e-01 -3.7602e-01
-2.3663e-01 -3.8038e-01
-2.9250e-02 4.8574e-01
6.1373e-01 3.2157e-01
-6.5305e-01 -1.2381e-02
-3.5881e-01 -3.2584e-01
-1.3336e-01 -9.7440e-01
-5.0302e-01 -3.7174e-01
1.3495e-01 1.0513e-01
9.6882e-01 -4.0479e-01
4.2968e-01 2.6629e-01
-8.0849e-01 8.3984e-01
-1.2854e-01 1.2452e-01
4.0044e-01 8.1923e-01
-8.9621e-01 -6.4769e-01
1.8836e-01 -3.9535e-01
-4.3518e-01 6.2520e-01
-7.9894e-01 -1.0637e-01
4.3590e-01 9.3137e-01
-9.7749e-01 1.5343e-01
-2.5537e-01 2.1437e-01
-2.9957e-01 -6.9975e-01
-5.6366e-01 4.0446e-02
9.2509e-01 6.4959e-01
-6.2846e-02 -8.1150e-01
-3.2614e-02 7.8822e-01
5.1008e-01 1.3892e-01
-2.9783e-01 -4.9940e-01
2.9680e-01 3.0104e-01
-4.6892e-01 9.3645e-01
-6.3581e-01 3.4263e-01
6.3327e-01 1.0877e-01
3.8725e-01 -3.9764e-01
-4.3667e-01 6.7088e-01
-7.5269e-01 9.1583e-01
3.4712e-01 -4.5678e-01
3.9051e-01 8.9047e-01
-8.4781e-01 -5.8933e-01
-1.3492e-01 8.2956e-01
-6.8367e-01 5.2393e-01
-8.1865e-01 -7.3829e-01
8.7401e-01 -3.8095e-01
1.7908e-01 -2.7299e-01
-1.5618e-01 2.3559e-01
-6.7774e-01 -8.2094e-01
7.8965e-01 6.2362e-01
-1.3155e-01 -4.0205e-01
-6.5816e-01 -5.6753e-01
8.3489e-01 5.7623e-01
-3.3608e-01 -2.1553e-01
-6.4755e-01 -9.4584e-01
-7.0941e-01 3.9377e-01
-8.3268e-01 -9.9886e-02
-5.8967e-02 1.2516e-01
-6.5241e-01 3.1683e-01
-6.4205e-01 9.6659e-01
-5.8566e-01 6.5397e-01
1.1383e-01 8.2071e-01
-6.3984e-01 8.8158e-01
2.7380e-01 -5.8470e-01
5.0020e-01 -8.6959e-03
8.9765e-01 9.6970e-01
9.5636e-01 6.2697e-01
-2.8458e-01 4.2403e-01
-3.4567e-01 7.0210e-01
5.6635e-01 6.5051e-01
8.1530e-01 4.8996e-01
4.6664e-01 1.0357e-02
-4.9342e-01 9.6456e-01
2.1802e-01 -8.8729e-01
2.4441e-01 9.2823e-02
6.9181e-01 7.4817e-01
-7.5308e-01 5.9373e-01
-6.2322e-01 4.9605e-01
6.7195e-01 9.7885e-02
-6.1152e-01 2.6190e-01
-6.7194e-01 -2.7792e-01
-8.4489e-01 3.1057e-01
-3.4875e-02 -3.3910e-01
-2.3991e-02 -7.1232e-01
-5.8262e-01 8.4235e-01
2.0146e-01 -3.4706e-01
3.1974e-01 -3.4538e-01
-3.2877e-01 3.0200e-01
-9.3523e-01 6.2089e-01
3.9798e-02 2.1512e-01
-9.3173e-01 1.9885e-01
-1.3102e-01 -2.1795e-02
-1.8392e-01 -8.0340e-01
-6.1935e-01 1.4200e-01
5.9850e-01 5.2349e-02
1.3809e-02 -9.2651e-01
5.0071e-01 1.9579e-01
2.7811e-01 3.4036e-01
-6.3967e-01 9.4130e-01
9.0452e-01 -7.9248e-01
8.6706e-02 1.9186e-01
-8.3060e-01 1.3033e-01
-4.5628e-01 4.0558e-01
-8.4197e-01 -4.6723e-01
-5.2265e-02 -3.1411e-01
-6.3688e-02 -1.2615e-01
-9.2991e-01 -2.3440e-01
2.5121e-01 5.9178e-01
2.7360e-01 -5.3422e-01
6.1938e-01 9.7107e-01
2.4342e-01 -3.6945e-01
-2.7298e-01 -5.4550e-01
9.6122e-01 1.8014e-01
-2.4811e-01 -9.2065e-01
-8.9185e-01 -8.3463e-01
1.7393e-01 -9.2122e-02
-2.7857e-01 7.9158e-01
2.3120e-01 -5.6444e-02
-6.3367e-01 -7.7716e-01
4.6369e-01 -6.7240e-01
6.5876e-01 -3.2365e-01
7.3247e-01 8.7534e-01
2.1465e-01 6.4619e-01
8.6145e-02 8.3084e-01
-6.3618e-01 -5.0260e-01
-8.0784e-01 7.0921e-01
-8.9213e-01 1.7761e-01
1.5604e-01 -3.6674e-01
-8.1992e-02 -4.0214e-01
-4.6941e-01 7.0457e-01
-8.6125e-02 -5.0062e-01
9.2890e-01 8.7251e-01
5.8065e-01 8.5355e-01
2.0474e-01 1.8129e-01
2.8375e-01 3.8153e-01
-7.4476e-01 -2.8640e-01
-5.5194e-01 -1.0548e-01
-9.6118e-03 1.8317e-02
-1.9637e-01 -1.6345e-01
5.4544e-01 -5.8986e-01
-3.6443e-01 4.7844e-01
4.0795e-01 5.4668e-02
2.9687e-01 -1.2010e-01
-9.2009e-01 5.6001e-01
6.9043e-01 7.4178e-02
-7.0467e-01 5.7794e-01
-5.3329e-01 -5.9983e-02
-5.0438e-01 -4.1040e-01
-9.5167e-01 -5.8978e-01
4.5771e-01 -5.3733e-01
-7.2281e-02 -4.5582e-01
7.2202e-01 -9.6626e-01
-7.3485e-01 1.7737e-02
-6.3663e-01 -6.6495e-01
5.3305e-01 -2.4056e-01
-8.8413e-01 -3.2061e-01
-5.3027e-02 -9.7513e-01
9.6101e-01 7.9242e-01
-5.1127e-01 6.9418e-02
8.6827e-01 -4.8563e-01
2.5587e-01 -2.4484e-01
5.5418e-01 1.0923e-01
-1.7005e-01 -5.0405e-01
1.5049e-02 -4.6141e-01
-1.9332e-01 7.6372e-01
-5.0591e-01 -8.7916e-01
-3.3709e-01 6.6177e-01
6.1749e-01 -9.2083e-01
3.4532e-01 9.5637e-01
9.0039e-02 -4.2407e-01
5.7516e-01 5.8435e-01
-9.5162e-01 -1.3133e-01
-5.7519e-02 4.3897e-01
-3.0441e-02 3.3574e-01
9.6464e-01 -2.9287e-01
-3.5881e-02 -9.4652e-01
-6.7557e-01 -4.1011e-01
-2.3978e-01 -4.9753e-01
9.3247e-01 -6.3028e-02
-7.8321e-01 6.5764e-01
-8.7065e-01 -1.4072e-01
-8.1143e-02 7.3213e-01
-8.2542e-01 -5.6404e-01
-9.3859e-01 -1.8352e-01
7.3775e-01 -3.8630e-01
-8.2034e-01 -4.0253e-01
-8.7213e-02 -3.2176e-01
9.5720e-02 6.7161e-01
-7.2837e-01 -5.2049e-02
-5.9996e-01 9.7218e-01
-8.2152e-01 -2.1293e-01
-8.9482e-02 -8.8666e-01
-8.5143e-01 -5.6987e-02
-3.0195e-01 -5.3363e-01
-7.7976e-01 1.2790e-01
5.5714e-01 7.4550e-01
-3.5331e-01 -9.5997e-01
7.4179e-01 6.2085e-01
-5.1474e-01 8.5583e-01
8.6080e-01 -1.9853e-01
-4.0143e-01 -8.9932e-01
8.2219e-01 -5.6501e-02
5.9561e-01 9.0604e-01
2.0018e-02 -2.7270e-01
4.1635e-01 -4.1526e-02
-3.4458e-01 4.1181e-01
-9.5749e-01 -2.2980e-01
4.1829e-01 5.1947e-01
-4.9028e-01 -9.3511e-01
-3.6490e-01 -2.1085e-01
-8.6687e-02 -7.7480e-01
2.2856e-02 -5.7768e-01
5.5689e-01 -8.7107e-01
9.0929e-01 7.3454e-01
-6.0083e-01 6.6387e-03
8.1308e-01 5.5514e-01
6.2271e-01 8.9611e-01
-2.4378e-01 -8.6645e-02
1.3385e-01 -7.5484e-01
8.3142e-01 -5.7553e-01
4.9273e-02 5.6565e-01
-8.0583e-02 2.5662e-01
3.4940e-01 -1.0539e-01
-7.9637e-01 -5.0755e-01
-6.7532e-01 5.0390e-02
6.2678e-01 -4.0450e-01
8.3581e-01 -9.0848e-02
-1.6118e-01 9.1840e-01
-1.2439e-01 3.0577e-01
6.6861e-01 8.7604e-01
-7.5608e-01 -7.4320e-01
3.7675e-01 2.0301e-01
2.6591e-01 -3.1756e-01
-4.5247e-01 9.6400e-01
3.3267e-01 3.0586e-01
7.7657e-01 -7.9607e-01
5.9562e-01 5.0207e-01
-9.7527e-01 -5.5431e-01
3.6078e-01 8.6334e-01
-2.4400e-01 -6.3672e-01
6.7455e-02 -7.4233e-01
-6.7290e-01 -6.1147e-01
1.5930e-01 1.6100e-01
-6.8319e-01 -5.8107e-01
-5.3287e-01 -3.2948e-01
-1.5658e-02 8.1157e-01
4.3866e-01 3.0889e-01
-4.9927e-01 1.8227e-01
-7.4069e-01 -2.5649e-01
6.3745e-01 1.6569e-01
-5.8185e-01 -6.2968e-01
2.5104e-01 6.7076e-01
-8.3352e-01 -9.0863e-01
-1.1763e-01 -2.2388e-01
-3.7101e-01 -8.3958e-01
4.9593e-01 7.3437e-01
-8.0352e-01 4.9044e-01
4.9801e-01 6.5107e-01
-3.8585e-01 -4.4687e-01
4.5354e-01 5.6383e-01
-9.1170e-01 1.0010e-01
-8.8859e-01 5.0950e-01
1.5728e-01 -4.1310e-01
5.4848e-01 -2.9296e-01
-7.4130e-01 -5.9021e-01
8.9218e-01 -5.3093e-01
-1.2199e-01 5.9577e-01
-3.4484e-01 -5.8762e-01
7.9379e-01 3.2987e-01
2.5650e-01 -9.5747e-01
5.7980e-01 -8.4654e-02
1.8257e-01 2.5094e-01
1.1646e-01 9.6793e-03
-1.3019e-01 4.1501e-02
7.7475e-02 -1.1679e-01
7.1205e-01 -1.5172e-02
-7.0195e-02 5.3390e-01
-8.3581e-01 8.0515e-02
-5.4978e-01 -7.7813e-01
8.2526e-01 7.1051e-01
3.1974e-01 5.3200e-01
-1.5292e-01 4.8684e-01
2.7615e-01 -5.6659e-02
-1.3407e-01 -8.2607e-01
-4.8297e-01 -2.8008e-01
9.7585e-01 8.6706e-01
-7.4499e-01 -3.4412e-01
5.8712e-01 3.9607e-01
2.1172e-01 -2.0673e-01
1.5035e-02 -7.4597e-01
8.5604e-01 9.9057e-02
3.7015e-01 4.3901e-01
-8.6401e-01 1.8021e-01
2.7318e-01 -7.6138e-01
-4.7246e-01 6.7134e-01
-8.2745e-01 -4.9956e-01
3.6543e-01 -8.8816e-01
5.8140e-02 7.7199e-01
-5.1482e-01 -4.4502e-01
-3.0725e-02 -1.9204e-01
6.2042e-01 -7.2315e-01
-4.9713e-01 5.5011e-01
-7.3985e-02 3.7945e-02
6.4781e-01 5.8235e-02
-4.9886e-01 1.3219e-01
-3.2391e-01 9.7365e-01
9.0791e-01 -6.1206e-01
9.0341e-01 -3.9643e-01
7.5103e-01 -6.0900e-01
-7.3760e-01 -9.5115e-01
-7.8784e-01 -6.7194e-01
-6.8300e-01 5.5457e-01
5.3705e-01 7.2870e-01
-6.0580e-01 9.0172e-01
-8.5707e-01 -7.8172e-01
-4.6766e-01 -4.1191e-01
-3.1732e-01 -6.3765e-01
4.8559e-01 -7.6571e-01
5.4362e-01 8.2953e-01
-2.1937e-01 -1.7479e-01
3.7984e-01 -2.3703e-01
6.2688e-02 1.1500e-01
-3.7696e-01 8.8736e-01
8.9296e-01 -2.2281e-01
-5.4266e-01 5.3805e-01
3.5769e-02 -1.4797e-01
6.9166e-01 2.4698e-01
3.0574e-01 -5.7164e-01
3.6673e-01 5.7531e-01
6.1771e-01 -3.0881e-02
2.5537e-01 -2.1076e-01
6.2507e-01 3.5518e-01
-8.9252e-01 6.4106e-01
-2.3406e-01 9.8571e-02
9.3587e-01 8.9836e-01
8.4800e-01 8.6655e-03
3.5618e-01 -8.4845e-01
6.3828e-01 8.2278e-01
-4.6924e-01 8.3312e-01
8.4951e-01 -3.1545e-01
-6.8178e-01 -7.1917e-01
5.0152e-01 -3.9341e-01
2.5694e-01 -6.6957e-01
-5.5275e-01 6.6601e-01
6.0093e-01 9.5047e-01
1.8637e-01 6.2958e-01
5.7845e-02 -4.7331e-01
-8.5382e-01 8.8481e-01
-2.8963e-01 6.8925e-01
-6.3542e-01 -1.7184e-01
3.0335e-01 9.7927e-01
1.5596e-01 9.4700e-01
-5.8168e-01 2.8016e-01
9.4453e-01 5.6549e-01
4.9995e-01 7.9291e-01
2.4378e-01 -8.9142e-01
-4.8748e-01 -4.6042e-01
-4.5011e-01 -9.0702e-02
-1.0341e-01 2.3989e-01
4.1362e-01 -8.0797e-02
7.9788e-01 4.6434e-01
-8.2192e-01 1.9629e-01
4.1351e-01 4.7523e-01
-1.9617e-02 5.5922e-01
9.1237e-01 7.8233e-01
4.0596e-01 -2.0620e-01
8.1758e-01 -7.5666e-01
-2.6639e-01 1.7135e-01
-8.1635e-01 -1.2489e-02
7.1865e-01 -8.2071e-01
9.2631e-01 -8.2012e-01
-6.5171e-01 -6.8511e-01
-8.3376e-01 1.4388e-02
-6.4761e-01 -2.3621e-01
5.9385e-01 -3.0634e-01
6.5528e-01 -2.8868e-01
-3.2077e-01 -6.6630e-01
2.5013e-02 4.4416e-01
-5.1234e-01 7.5424e-01
5.5006e-01 7.4108e-03
-3.5820e-01 3.2582e-01
5.3883e-01 -3.3363e-02
-5.4526e-02 -1.7816e-02
8.1442e-01 -4.9210e-01
6.9512e-01 -1.8994e-01
4.7123e-01 -6.4687e-01
6.5226e-01 4.1416e-01
-7.7038e-01 -7.1232e-01
-9.3938e-01 8.7556e-01
4.1588e-01 -4.7415e-01
2.8649e-01 -6.1127e-01
6.6623e-01 5.9237e-04
-9.9592e-02 -3.5587e-01
4.6945e-01 -4.6076e-01
-7.3272e-02 -7.1437e-01
7.6421e-01 -2.1835e-01
8.5415e-01 3.4206e-02
6.0597e-02 8.0010e-01
9.0253e-01 -2.4634e-01
1.6397e-01 -7.0888e-01
8.4604e-03 -5.3043e-01
6.4170e-01 -2.5664e-01
6.0480e-01 2.2257e-01
-1.1316e-02 -5.4552e-01
4.3798e-01 -7.7294e-02
-5.6996e-01 -7.3558e-01
-6.7314e-01 3.8630e-01
9.0839e-02 -1.4959e-01
-6.8409e-01 9.4749e-01
-5.1689e-01 -6.4675e-01
5.8419e-02 -6.0793e-03
8.7626e-01 -3.1214e-01
8.6788e-01 6.2747e-01
2.2199e-01 8.9033e-01
3.0256e-01 4.3803e-01
2.9066e-01 -3.6052e-01
-7.1932e-01 -2.7785e-01
2.6148e-01 1.1932e-01
-8.5163e-01 7.4510e-01
5.7849e-01 -9.3704e-01
-2.3406e-01 3.0040e-01
-2.4873e-01 6.1246e-01
-1.8247e-01 5.0914e-01
-2.7043e-01 -3.4694e-01
-2.5179e-01 2.4938e-01
-5.6771e-01 9.8608e-02
2.1741e-01 7.2410e-01
-4.5841e-01 5.6272e-01
6.8071e-01 -6.5044e-01
-9.7981e-01 -9.6265e-01
1.8580e-01 8.8543e-01
1.8688e-01 8.2900e-01
1.1802e-01 -2.0654e-01
-5.2416e-01 -7.4612e-01
2.1844e-01 -9.4835e-02
-2.4246e-01 -7.8213e-03
2.6360e-01 8.7044e-01
-2.3118e-01 -8.6988e-01
4.0957e-02 -3.6359e-01
-6.6290e-01 -4.9577e-01
9.2160e-02 -8.7211e-01
8.7944e-01 1.5108e-01
6.5757e-01 6.9674e-01
-8.4339e-01 -6.8389e-01
4.2549e-01 -6.5432e-01
-8.0234e-01 4.0917e-01
-3.3171e-01 -5.2835e-01
-4.8076e-01 -8.3519e-01
-2.9143e-01 -1.2495e-02
-9.6372e-01 9.3016e-01
-2.7612e-01 2.6812e-01
-6.4149e-01 1.6141e-01
-6.8495e-01 -1.1811e-01
-1.4773e-01 4.2826e-01
-2.2283e-01 9.5517e-01
8.6718e-01 7.4850e-01
2.3721e-01 -9.1837e-01
-2.1905e-01 -8.3757e-01
-6.1651e-01 -7.5916e-01
-6.7084e-01 8.0553e-01
-8.4031e-02 -2.6503e-01
-7.6258e-01 3.9807e-01
8.6605e-01 -7.5028e-01
3.9498e-01 -9.7281e-01
-1.0354e-01 -1.7626e-01
-2.5335e-01 -5.9465e-01
5.3646e-01 4.3166e-02
2.0140e-01 9.4028e-01
5.8073e-01 -2.5845e-01
-3.0466e-02 4.6803e-03
9.5062e-01 -8.0480e-01
-1.7012e-01 6.9892e-01
4.7675e-01 -4.1462e-01
4.6833e-01 -9.5637e-01
8.5360e-01 2.5190e-01
-9.6295e-01 -2.9749e-01
3.7714e-01 -4.6890e-01
-3.7823e-01 -5.8840e-01
-3.6369e-01 -6.0863e-01
-8.4282e-01 -2.5872e-01
7.0820e-01 8.0711e-01
9.3807e-01 -9.2892e-01
6.4021e-01 -7.6233e-01
-6.6924e-01 4.1501e-01
-1.7799e-01 6.4733e-01
2.9780e-01 -8.9833e-02
9.7410e-01 5.8534e-01
-1.4001e-01 -6.2672e-01
-6.0052e-01 2.3529e-01
5.7758e-01 -8.3595e-01
-1.9107e-01 2.4995e-01
-1.0618e-01 7.9502e-01
5.4058e-01 -5.5850e-01
1.5876e-01 5.8641e-01
-4.2786e-01 3.9945e-01
-3.8783e-01 -3.8851e-01
-5.7790e-01 4.0089e-01
5.8733e-01 -7.8717e-01
-2.4419e-01 9.7904e-01
-2.7506e-01 3.7873e-01
-3.2919e-01 -8.9737e-03
2.5726e-01 5.6673e-01
1.8450e-01 4.3793e-01
6.3467e-01 -6.8142e-01
-3.1415e-01 -1.5272e-01
-4.2812e-01 -4.6360e-01
-2.9680e-01 8.3213e-01
5.1270e-01 -7.8779e-01
2.7641e-03 -8.2507e-01
4.3590e-01 -9.6652e-01
-7.7821e-01 -1.6245e-01
-6.7611e-03 -2.3990e-01
7.5773e-01 4.7052e-01
4.6459e-01 -8.8837e-01
6.4809e-01 -5.6791e-01
3.2751e-01 8.1787e-01
-6.3792e-01 4.1132e-01
-8.1365e-01 6.2386e-01
9.4202e-01 -4.5863e-01
-2.6062e-01 -3.2406e-02
-3.9642e-01 -9.2886e-01
-2.2784e-02 4.7929e-02
-3.6093e-01 -7.1158e-01
1.0441e-01 7.6517e-01
9.5198e-01 7.3705e-01
-7.8231e-01 -2.4900e-01
-7.0324e-01 -3.2371e-01
-7.6986e-01 1.8185e-02
1.2202e-01 7.8089e-02
-1.4517e-01 -8.8559e-01
4.6191e-01 -7.5907e-01
-7.0614e-01 -8.6612e-02
-4.8017e-01 2.8783e-01
-1.7619e-01 -3.8470e-01
2.5785e-02 5.2944e-01
-3.7983e-01 2.1184e-01
6.0100e-01 7.7986e-02
-9.1148e-01 4.3641e-02
8.1880e-01 -6.0615e-01
-6.9230e-01 3.5212e-01
-1.7014e-01 -8.3995e-01
6.7987e-01 9.0993e-01
4.7381e-01 1.5523e-01
6.2248e-01 -7.8501e-01
-7.9372e-02 3.7477e-01
-9.6798e-01 2.5782e-01
-2.1891e-01 7.0704e-01
5.1171e-01 2.0069e-02
5.5426e-02 -9.2667e-01
3.1366e-02 -8.3091e-01
8.0394e-01 6.0563e-02
5.4786e-01 -6.4689e-01
4.3835e-01 4.4152e-01
1.5870e-01 2.2597e-01
-3.0947e-01 5.7635e-01
-2.6713e-01 1.3545e-01
7.7688e-02 3.8455e-01
-9.1842e-01 6.6790e-01
-6.4013e-01 6.0883e-01
4.9509e-01 5.1131e-01
-4.2440e-02 5.1792e-01
4.1371e-01 -3.3163e-01
7.8479e-01 -6.0234e-01
1.9713e-01 -7.9727e-03
4.6600e-02 2.4119e-01
7.6863e-01 2.3776e-01
3.4098e-01 7.9542e-01
1.6405e-01 9.6194e-02
-5.2541e-01 9.7244e-01
5.4722e-01 6.9584e-01
-7.5023e-01 4.4123e-01
-6.7992e-01 2.7817e-01
-9.7523e-01 -2.5050e-01
-5.7753e-01 2.4936e-01
-8.9657e-01 2.2774e-01
-5.7944e-01 7.9118e-01
8.5010e-01 -2.6253e-01
5.1967e-01 8.7165e-01
-7.4938e-01 -1.8685e-01
7.9448e-01 -9.5830e-01
6.2761e-01 -6.2178e-03
7.3138e-01 -3.5930e-02
1.6888e-01 -3.0867e-01
1.1810e-01 -4.3367e-01
4.5142e-01 6.4444e-01
-8.7167e-02 -9.1247e-01
-1.2449e-01 -5.3287e-01
8.2845e-01 2.0301e-01
6.6138e-01 -5.2310e-01
7.9229e-01 -4.3887e-01
-3.6838e-01 -6.6781e-01
-8.0080e-01 -8.9150e-01
9.6734e-01 8.3106e-01
-3.6094e-01 2.3384e-01
5.9591e-01 -9.7178e-01
1.3467e-01 7.3246e-01
-1.7791e-01 -6.9478e-01
-8.7082e-01 9.0955e-01
4.8338e-02 7.2418e-01
-1.8947e-01 5.8997e-03
-2.7052e-01 4.5705e-01
1.0422e-01 7.9615e-01
7.7281e-01 2.8402e-01
-8.7083e-01 -6.9080e-01
9.5134e-01 8.5600e-01
4.9163e-01 5.7331e-01
5.3193e-01 5.0972e-01
2.0986e-01 -5.7783e-01
5.9370e-01 7.8317e-01
2.1841e-01 -3.7158e-01
-7.5750e-02 9.0878e-01
4.8442e-01 -3.0379e-01
5.0206e-01 7.5820e-01
-5.0604e-01 6.0048e-01
6.2788e-01 5.2311e-01
3.6076e-01 2.8266e-01
5.0531e-01 -5.4993e-01
-5.5436e-01 -5.8113e-01
6.8061e-01 5.3891e-01
9.3509e-01 -1.3102e-01
-5.4495e-01 -5.0116e-01
-5.1065e-01 3.5715e-01
6.5515e-01 6.6866e-01
-3.5559e-01 -7.9064e-01
-7.4855e-01 -4.0516e-01
7.4955e-01 -1.9774e-01
-7.2319e-01 3.2572e-01
6.8509e-01 -3.2741e-01
6.2185e-01 -5.6609e-01
2.0904e-01 4.1236e-01
5.7410e-01 -6.5389e-01
7.2868e-01 -2.5379e-01
6.4269e-01 -8.8304e-01
5.4548e-01 4.8864e-01
7.0214e-01 2.2004e-01
-2.3101e-01 -2.9453e-01
3.3093e-01 -8.5654e-01
-6.9832e-01 7.5817e-01
-2.1184e-01 -3.4281e-01
-4.9909e-01 -5.1950e-01
-9.1067e-01 -8.6389e-01
2.6120e-01 -5.0616e-01
-3.4545e-02 -2.9053e-01
-3.9619e-01 -9.6453e-01
9.7697e-01 -7.4886e-02
3.5226e-01 1.4232e-02
6.8074e-01 1.6880e-01
-5.3796e-01 -6.2267e-01
-5.6762e-01 5.4135e-01
7.6240e-01 -1.4063e-01
2.8061e-01 5.1504e-01
1.0445e-01 -8.2763e-01
9.5384e-01 -7.8015e-01
8.9518e-01 -4.4168e-01
-6.0079e-01 1.2119e-01
-4.0696e-01 4.6082e-01
9.5890e-01 5.8753e-03
5.8207e-01 -7.0031e-01
-9.6587e-01 1.1452e-01
5.5056e-01 -9.7447e-01
-1.1866e-01 -5.8874e-01
8.2321e-01 8.6024e-01
-4.1134e-01 -3.1459e-01
8.3560e-01 -9.2726e-01
-9.7779e-01 -1.7280e-01
-4.7785e-01 1.7035e-01
-5.0535e-01 -8.2512e-01
4.4604e-01 -7.9500e-01
-2.5419e-02 -8.3497e-01
9.3900e-01 7.6150e-01
8.0083e-01 6.7294e-01
-8.9161e-01 -5.7019e-01
-5.5581e-01 5.9661e-01
2.5380e-01 2.0680e-01
7.9774e-01 -4.6954e-01
-2.4662e-01 6.4169e-01
3.3931e-01 4.3574e-01
7.8517e-01 -4.9969e-01
6.1058e-01 2.4715e-01
9.5417e-02 3.6549e-01
3.8968e-02 -8.8893e-01
-6.3589e-02 6.4196e-01
9.2495e-01 9.3902e-01
-6.9559e-01 -8.9362e-01
6.6884e-01 -4.4292e-01
8.9581e-01 8.8854e-01
-7.0404e-01 9.6398e-01
-5.7516e-01 -4.6070e-01
-6.5082e-01 1.9114e-01
2.1030e-01 -2.8117e-01
-9.3129e-01 3.3962e-01
7.2610e-01 9.5209e-01
2.1481e-01 2.2733e-01
-9.7775e-01 -3.4827e-01
-1.0141e-01 9.7685e-01
3.8842e-01 7.8010e-01
4.4853e-01 8.4628e-01
7.6421e-01 6.0915e-01
-9.1564e-01 -5.4271e-01
-1.6956e-01 7.3643e-01
-7.6043e-01 -6.5403e-01
-5.7927e-02 -1.7180e-01
-8.8969e-01 5.7123e-01
3.2806e-01 -3.7635e-01
-8.6662e-01 6.2883e-02
6.1297e-02 -9.7293e-01
-8.3498e-01 3.8010e-01
1.5704e-01 5.4552e-01
-7.2188e-03 3.7341e-01
8.2238e-01 -9.5253e-01
-5.1842e-01 7.9733e-01
7.9295e-01 -6.5250e-01
-8.6299e-01 4.3021e-01
-7.7099e-01 -3.4866e-01
6.4843e-01 2.3782e-01
-1.6446e-02 4.3066e-01
3.4754e-01 2.5912e-01
9.0045e-01 -5.5510e-01
6.1171e-01 7.3015e-01
5.7802e-01 -7.2735e-01
4.9995e-01 8.4907e-01
-4.4763e-01 -6.2087e-01
1.0004e-01 1.6038e-01
5.4021e-01 -3.6751e-01
-3.4585e-01 -4.5007e-01
-4.9446e-01 4.2191e-01
-7.7765e-01 -5.3372e-01
-8.4476e-01 -4.2411e-01
4.2743e-01 -5.1378e-01
-3.2043e-01 -8.6661e-01
8.3482e-01 -5.4435e-01
-3.4435e-02 -5.9228e-01
3.8635e-01 -1.8285e-01
9.7831e-02 -9.3126e-01
-7.1448e-01 8.8332e-01
-9.3994e-01 -3.7730e-01
-4.9291e-02 6.8104e-01
-6.4096e-01 7.3748e-01
3.3058e-02 5.0045e-01
2.1613e-01 -4.2086e-01
-1.7162e-01 2.8788e-01
-5.6447e-01 -9.1291e-01
-2.9242e-01 -5.7118e-01
9.3231e-02 5.9127e-01
3.9968e-01 -4.4956e-01
4.2172e-01 -1.2251e-01
2.2160e-01 -5.4336e-01
-7.0708e-01 -3.5216e-01
3.3953e-01 2.3554e-01
-6.6973e-01 9.0422e-01
9.7032e-01 2.6692e-01
-6.8127e-02 -8.5956e-01
-4.5125e-01 -6.4908e-01
3.1752e-01 -8.3190e-01
-1.8429e-01 -7.2764e-01
6.0452e-01 2.4493e-02
3.3665e-01 -6.8465e-01
3.6887e-03 -7.2197e-01
6.6175e-01 4.9837e-01
-4.2881e-01 9.5672e-01
4.8418e-01 3.9067e-01
8.8163e-01 -4.0947e-01
-1.7896e-01 -9.4425e-01
6.3077e-01 7.5091e-01
4.7466e-01 -8.4769e-01
-5.3663e-02 7.3575e-01
6.4018e-01 -8.1775e-01
-2.7349e-01 9.1999e-01
-3.7099e-01 -3.5392e-01
4.0601e-01 -7.9330e-01
-3.5780e-01 -5.0472e-01
7.6682e-01 7.0251e-01
-2.1696e-01 7.8529e-01
-1.1264e-02 6.4776e-01
-7.1025e-01 -6.8088e-01
3.0742e-01 -9.7524e-01
1.7755e-01 -9.4039e-01
1.6229e-01 4.2346e-01
-8.1303e-01 -7.6804e-01
8.8438e-01 1.8703e-01
-9.1651e-01 4.3090e-01
3.4399e-01 -1.5861e-01
4.9727e-01 2.9851e-01
2.6722e-01 9.1987e-01
-3.4153e-02 9.6397e-01
-2.9734e-01 -2.7547e-01
-8.4006e-01 5.0462e-01
-9.0662e-01 4.0304e-01
-4.5457e-01 2.6304e-01
-8.2619e-01 3.8445e-02
8.5133e-01 1.7033e-01
1.2978e-01 -8.4602e-01
5.2714e-01 -8.1317e-01
-7.3066e-01 -8.7181e-01
-2.1256e-01 5.5400e-01
3.0009e-01 8.1772e-01
2.3742e-01 6.1909e-01
1.9277e-01 -4.7415e-01
-7.6698e-01 3.6533e-01
-3.6365e-01 7.2315e-01
-3.3517e-01 7.6399e-01
-8.9397e-01 8.7061e-01
1.1766e-02 -4.2565e-01
2.3503e-01 -8.3621e-01
-8.7872e-01 3.9529e-01
-8.5886e-01 -7.1694e-01
5.9488e-01 4.3752e-01
2.3868e-01 -7.5808e-01
-7.7010e-01 -1.3105e-01
-8.7728e-01 -5.1999e-02
9.9887e-02 9.5903e-01
-7.1251e-01 8.0498e-01
6.7449e-01 -4.7304e-01
6.2339e-02 2.6126e-01
-5.6679e-01 -3.4152e-01
4.8113e-01 -3.8653e-02
5.5132e-01 8.7660e-01
2.5248e-01 -4.5195e-01
2.3690e-01 -2.9357e-01
1.9621e-03 6.2294e-01
-6.0338e-01 -9.2142e-01
2.8407e-01 6.0593e-01
-3.1430e-01 4.8556e-02
-7.9014e-01 7.9213e-02
7.4898e-01 -5.7168e-03
2.8968e-01 -6.5542e-01
-9.3200e-01 -8.7816e-01
-9.5033e-01 4.7270e-01
1.2146e-01 -2.4833e-02
-8.5274e-01 5.6365e-01
-9.0281e-01 -4.5818e-01
-7.0527e-01 2.3480e-01
-3.4332e-01 5.4505e-01
2.8753e-01 9.0154e-02
-7.6497e-01 2.4790e-01
9.7175e-01 -1.5568e-02
-9.5150e-01 -4.6766e-01
1.1641e-01 -8.4813e-02
8.8565e-01 -3.5606e-01
4.4724e-01 3.5767e-02
8.2953e-01 3.3605e-01
-7.6261e-01 -8.8517e-01
8.4689e-01 5.0993e-01
-1.7360e-01 8.9614e-01
-1.2871e-01 4.4660e-01
5.1099e-01 1.6691e-01
4.6283e-01 -4.9927e-01
6.8534e-01 9.5465e-01
-4.1537e-02 6.5575e-01
-3.7480e-01 1.7655e-01
-9.1329e-01 -7.3039e-01
4.1358e-01 -5.7081e-01
-4.1573e-02 -3.9597e-01
8.4690e-01 -8.4006e-01
-4.6524e-01 9.0479e-01
6.6838e-01 -5.4850e-01
-3.0167e-01 -2.1911e-01
-6.0419e-01 7.7654e-02
7.1215e-01 -4.3148e-01
7.6123e-01 -4.6343e-01
-9.3681e-01 2.9329e-01
3.6489e-01 2.2740e-01
6.7815e-01 -6.9266e-01
-5.0402e-01 -6.0944e-01
4.7525e-01 7.4771e-01
-7.1911e-01 2.9028e-01
-4.7971e-01 -8.6831e-01
-8.3062e-01 7.2925e-01
1.7973e-01 -8.4707e-01
4.2570e-01 6.2507e-01
-8.1255e-01 -6.7081e-01
5.2837e-01 -2.6875e-01
8.3400e-02 -7.9831e-01
-7.7612e-01 5.1336e-01
-5.7520e-01 3.3273e-01
-3.3309e-03 -3.0783e-01
8.0028e-01 -6.2524e-01
-4.2410e-01 -2.4104e-01
7.8711e-01 -6.8631e-01
-7.4875e-01 8.1987e-01
-9.2757e-01 -7.6656e-01
2.2843e-01 -9.7351e-01
5.3338e-01 1.8801e-01
3.4237e-01 -7.5025e-01
-3.8826e-01 -7.0526e-01
8.4990e-01 8.4255e-01
3.1532e-02 -6.0664e-01
3.4602e-01 4.9959e-01
4.1179e-01 -6.9735e-03
9.7872e-01 -9.5163e-01
1.0851e-01 1.2392e-01
-5.6495e-01 5.6684e-03
-1.8831e-01 3.8610e-01
-3.3535e-01 8.7981e-01
-7.2604e-01 5.5422e-01
2.9133e-01 1.4837e-01
-4.2595e-01 -8.9788e-01
8.9140e-01 -1.5531e-01
-1.5235e-01 -6.8538e-01
-9.5777e-01 -6.3885e-02
-3.6710e-01 7.9518e-01
-1.3316e-01 9.1781e-03
2.3721e-01 9.2780e-01
-5.4384e-01 8.7779e-02
-8.0282e-01 -7.9216e-01
7.3377e-01 6.9400e-01
9.2928e-01 -7.8331e-01
6.9354e-02 -2.8860e-01
5.9538e-01 -7.4720e-01
7.9571e-01 5.9209e-01
-2.3549e-01 4.0267e-01
-4.1089e-01 9.7929e-01
2.0902e-02 6.9484e-03
4.1063e-01 9.5577e-02
2.8628e-02 6.3103e-01
-5.4540e-01 8.2465e-01
-5.3103e-01 -3.7333e-01
8.8653e-01 6.5429e-01
-2.8901e-01 1.8414e-01
-8.1647e-01 -8.2301e-01
-2.8960e-01 -7.9874e-01
4.8882e-01 -1.9546e-01
-6.7447e-02 8.5374e-02
-9.6647e-01 9.6459e-01
-6.1739e-01 -5.9902e-01
-3.2190e-02 2.4580e-01
1.5834e-02 2.7518e-01
-6.6645e-01 -7.9164e-01
-9.0435e-01 -6.1105e-01
6.2390e-02 -2.6122e-01
-1.8760e-01 -8.7333e-01
-3.3955e-01 8.2220e-01
6.2892e-01 6.9087e-01
5.5459e-01 9.1472e-01
6.2529e-01 7.8956e-01
9.6192e-01 8.9593e-01
-7.1161e-01 1.7034e-01
-9.7897e-02 5.2739e-01
1.3443e-01 6.6518e-01
-7.8114e-01 8.5607e-01
-6.7429e-01 2.4448e-01
6.2322e-01 8.6903e-01
-2.4694e-01 5.4297e-01
4.6485e-01 -1.4420e-01
1.7880e-01 -4.7431e-02
-4.0591e-01 -5.3126e-01
-3.2481e-01 -9.6346e-01
8.8464e-01 8.5228e-03
-8.5092e-01 2.8242e-01
-4.8357e-01 -1.7642e-01
-8.7689e-01 -9.6786e-01
1.3894e-01 -6.9802e-01
-2.2373e-01 -6.1261e-01
1.5912e-01 6.9499e-01
-2.7635e-01 4.8117e-01
3.3426e-01 -2.0529e-01
8.5373e-01 -6.5177e-01
1.3239e-01 2.0417e-01
-1.7273e-01 -9.7211e-01
-3.8792e-01 7.0450e-01
-9.4526e-01 -7.4958e-01
9.4239e-01 -1.7955e-02
4.3588e-01 -9.4156e-01
7.5982e-01 4.2471e-01
-3.0027e-01 9.6746e-01
-3.4189e-01 4.3834e-01
8.9445e-01 -6.8963e-01
-1.2913e-01 -1.8922e-01
8.7250e-01 9.0868e-01
-4.1569e-01 2.7878e-01
9.3263e-01 -3.4059e-01
-2.2734e-01 -6.7258e-01
-4.6983e-01 3.2663e-01
-3.9442e-02 8.8515e-02
4.3676e-01 -2.4815e-01
8.9107e-01 -8.5905e-01
5.6087e-01 -4.3226e-01
1.9155e-01 -6.5280e-01
5.3165e-01 -8.9580e-01
6.0149e-01 -7.3079e-02
7.0967e-01 -5.6445e-02
-3.9197e-01 -8.5988e-01
-7.4923e-01 2.7234e-01
-9.9385e-03 1.7247e-01
-6.6422e-01 -7.4913e-02
4.8815e-01 4.8785e-01
-2.0371e-01 9.1744e-01
-7.7356e-01 2.2487e-01
-2.7744e-01 6.2751e-01
2.0454e-01 2.9114e-01
-4.6025e-01 -4.8308e-03
1.9688e-01 -7.5463e-02
-7.6959e-01 9.4873e-01
-4.3601e-02 -6.4306e-01
-2.7843e-01 -7.1430e-01
6.1208e-01 -3.7645e-01
6.3719e-01 -3.5358e-01
1.9578e-01 -5.3224e-01
4.1578e-01 7.3896e-01
4.9449e-01 -9.4658e-01
2.3827e-01 -6.0151e-01
2.4360e-01 -2.5006e-03
3.0734e-01 -9.1704e-01
-7.9468e-01 2.1027e-01
-6.5765e-01 -1.5495e-01
6.2554e-01 -5.1697e-01
4.0846e-01 8.5428e-01
3.7690e-01 3.1769e-01
-9.5498e-01 -9.0810e-01
-5.9466e-01 -5.2958e-01
2.9817e-01 2.4643e-01
6.2076e-01 -9.7704e-01
3.3556e-01 3.7052e-01
1.0570e-01 4.9071e-01
3.4048e-01 -5.5147e-01
7.3072e-01 5.9244e-01
1.3844e-01 1.3539e-01
2.2032e-01 -8.5926e-01
9.7979e-01 -2.5521e-01
-5.6347e-01 -8.7229e-01
1.8311e-01 5.5546e-01
7.7927e-01 -7.5749e-01
8.7647e-01 -2.7192e-01
1.7693e-01 9.2794e-01
-7.4956e-01 -7.6197e-02
-1.5637e-01 -3.3011e-01
-5.5321e-01 5.6361e-01
9.1137e-01 -1.4016e-01
-4.5280e-01 -4.6862e-01
-3.2392e-01 -3.0099e-01
-8.0062e-01 -5.4494e-01
9.4877e-01 6.7674e-01
3.4290e-03 9.5789e-01
-7.3342e-02 7.9848e-01
6.6749e-01 2.6053e-01
1.5143e-01 -5.5245e-01
-5.1545e-01 8.2757e-01
-7.8034e-01 -7.3496e-01
5.8535e-01 -4.6410e-01
7.0164e-01 -3.8723e-01
-4.4559e-01 -3.7659e-01
7.2895e-01 -9.3877e-02
-2.8716e-01 -9.1121e-01
-8.5025e-01 6.2699e-01
7.1638e-02 7.1367e-02
-5.1162e-01 -3.4859e-01
9.7225e-02 -1.8723e-01
2.3191e-04 -6.2322e-01
9.0017e-01 4.2589e-01
7.5977e-01 -3.3611e-02
-8.7934e-01 -6.0829e-01
9.6512e-01 3.9042e-01
-8.2793e-01 9.4732e-01
-5.9196e-01 -8.7038e-01
6.8764e-01 4.1621e-01
-2.3218e-01 2.0655e-01
-5.6539e-01 -6.0985e-02
-6.9534e-02 9.3964e-01
1.8619e-01 3.1900e-01
-9.2366e-01 2.4094e-01
4.2200e-02 -2.4058e-01
-5.8803e-01 -3.6535e-01
-8.9586e-01 -3.1852e-02
2.7257e-01 -8.7922e-01
-3.5596e-01 9.7632e-01
4.6832e-01 -2.8330e-01
8.4551e-01 -9.6514e-01
-3.7800e-01 -7.4403e-01
1.8592e-01 -5.5850e-01
5.0074e-01 5.4622e-01
9.5658e-02 4.5906e-01
7.3670e-01 1.0403e-01
5.5308e-02 6.3693e-01
3.9627e-01 -3.5129e-01
-1.6546e-01 -7.8673e-02
7.7295e-01 -2.7605e-01
-1.5391e-01 8.4584e-01
-5.6073e-01 -2.3481e-02
6.5280e-04 4.7383e-01
9.7130e-01 3.4797e-01
5.3085e-01 6.4829e-01
8.5949e-01 5.7649e-01
8.3248e-01 -3.7950e-01
-7.9993e-01 -9.2142e-01
-2.7788e-01 -2.9317e-01
-7.7676e-01 7.1039e-01
-1.8493e-02 5.8893e-01
-4.3851e-01 2.1682e-01
3.2519e-02 -9.9919e-02
7.2496e-01 -2.0295e-01
-1.8621e-01 -3.5489e-01
4.4008e-01 3.4968e-01
9.7540e-01 -5.5673e-01
6.9376e-01 -7.8523e-01
8.1112e-01 4.2997e-01
-7.4542e-01 -7.1279e-01
-4.5786e-01 7.4213e-01
-1.2827e-01 5.0328e-01
2.6245e-01 -8.2646e-01
-4.0223e-01 9.2049e-02
3.4276e-01 -2.9504e-01
7.5988e-01 -6.6156e-02
7.5498e-01 -7.2764e-01
2.5413e-02 -1.7773e-02
2.5101e-01 3.5388e-01
-5.1135e-01 2.5564e-01
-1.4074e-02 -5.0455e-01
-7.2928e-01 -8.0168e-01
-2.7146e-01 -6.4162e-01
7.0382e-02 8.9971e-01
-6.2605e-01 5.2387e-01
-5.2875e-01 -9.4658e-01
9.3185e-01 -5.5190e-01
4.9133e-01 -4.9136e-01
-1.8264e-01 2.0551e-01
6.4543e-01 -9.8665e-02
-7.6747e-01 -6.0956e-01
-6.8020e-01 4.8991e-01
5.1093e-01 2.2936e-01
-2.7720e-01 -9.1156e-02
-7.2436e-01 -7.2588e-01
4.7500e-01 -7.0248e-01
-3.3036e-02 2.0835e-01
8.7014e-01 9.6220e-01
-6.4533e-01 -5.9040e-01
-6.6720e-03 -2.1422e-01
-5.1964e-01 -2.3278e-01
-4.2342e-01 -7.4639e-01
4.7505e-01 8.6470e-01
8.6333e-01 -9.1705e-01
-9.4950e-01 -8.1804e-01
6.4921e-01 6.0559e-01
1.3026e-01 -5.8478e-01
1.4558e-01 -5.1055e-01
2.5615e-02 8.5903e-01
-2.7334e-01 6.6264e-01
-6.0969e-01 -8.1024e-01
2.2990e-01 -1.8735e-01
-7.0543e-01 -7.8830e-01
2.4874e-02 7.8316e-01
-9.0988e-01 1.7904e-02
-6.1780e-01 -9.7606e-01
9.2406e-02 5.3830e-01
6.7390e-01 9.7759e-01
2.4746e-01 7.1374e-01
3.5594e-01 -4.9046e-01
-2.5587e-01 -7.6368e-01
7.6061e-01 -4.1880e-01
-5.0659e-02 -9.2019e-01
5.7523e-01 -5.8979e-01
1.2083e-01 4.6789e-01
-4.9047e-02 3.6173e-01
3.0384e-01 -4.5589e-01
5.6601e-01 1.3103e-01
3.2450e-01 -1.3034e-01
-4.9327e-01 7.9135e-01
-8.7329e-01 -2.2090e-01
-9.2015e-01 4.6228e-01
-3.2504e-01 2.3239e-01
7.5828e-01 1.7834e-01
7.6330e-02 -9.4768e-01
-2.1271e-01 -8.9161e-01
8.9371e-01 3.4637e-01
-9.7924e-01 -5.8235e-01
8.0272e-01 -2.0446e-01
4.4247e-01 6.0662e-01
8.3035e-01 -2.8044e-01
-6.5982e-01 5.3288e-01
2.9946e-01 9.2265e-01
8.5200e-01 -1.7327e-01
9.7830e-01 2.0550e-01
8.4213e-01 -6.7332e-01
-8.0333e-01 9.4751e-01
9.4717e-02 -9.6965e-01
-8.2340e-01 -4.4408e-01
-6.1797e-03 5.2830e-01
-6.8686e-01 -1.9327e-01
-4.5291e-01 2.4647e-02
-6.9272e-01 -3.8727e-01
-6.3745e-01 4.5761e-01
-1.4202e-01 7.2373e-01
-4.2194e-01 -9.0886e-02
-6.0231e-01 -1.8999e-01
-5.6293e-02 -2.0684e-01
-1.0603e-01 6.9236e-01
-5.4201e-01 1.1470e-01
-5.3591e-01 -9.1238e-01
5.8049e-01 2.2611e-01
-5.8953e-01 -3.9571e-01
-1.6109e-01 -1.0039e-03
5.9024e-01 -1.4904e-01
9.5313e-01 -5.2765e-01
-5.6041e-01 6.2837e-01
-4.8214e-01 4.8578e-01
8.2426e-01 8.2153e-01
1.7328e-01 1.2123e-01
4.8568e-01 -8.0611e-01
-6.1766e-01 -8.6248e-01
4.7117e-01 -7.3484e-01
2.4129e-02 -4.8512e-01
1.6794e-01 1.9256e-02
4.0842e-01 -6.2789e-01
3.7297e-01 9.4918e-01
7.3816e-01 8.1316e-01
6.8163e-01 -9.6461e-01
-2.0628e-01 -1.4301e-02
1.9329e-01 -6.2518e-01
9.3599e-01 -2.7661e-01
8.4008e-01 3.9012e-01
8.5635e-01 -3.4965e-01
-8.1722e-01 3.0937e-01
4.1124e-01 2.9836e-01
-9.7983e-01 8.3481e-01
1.1767e-01 9.7748e-01
-9.7247e-01 -1.0617e-01
-4.4471e-01 5.9534e-01
2.8095e-01 4.7944e-01
7.1267e-01 4.4676e-01
-7.7107e-01 -2.7852e-01
-9.5837e-01 -6.6111e-01
7.6364e-01 6.3392e-01
1.9382e-01 7.6109e-01
8.5823e-02 7.1781e-01
-2.7777e-01 -1.9416e-01
8.3981e-01 8.9272e-01
6.0579e-01 2.8758e-01
-3.6616e-01 -8.7499e-01
-7.1241e-01 2.6338e-01
6.3616e-01 -6.3966e-01
9.6979e-01 4.9286e-01
7.6327e-01 9.5842e-01
8.7088e-01 2.9345e-01
3.7907e-01 -5.3677e-01
-4.7005e-01 -1.9800e-01
6.4308e-01 5.5537e-01
4.0039e-01 5.9757e-01
-3.1004e-01 4.8550e-01
3.8717e-01 3.8225e-01
3.8453e-02 -6.6156e-01
-5.3053e-01 1.3911e-01
1.9289e-01 -8.7768e-01
8.6925e-01 2.0786e-01
7.4022e-01 -8.8634e-01
2.1498e-01 6.8540e-01
-9.2897e-01 -7.9442e-01
5.4303e-01 -3.2082e-01
-8.0708e-01 6.6495e-01
7.9876e-01 9.2163e-01
2.2393e-01 8.5076e-01
-5.0484e-01 -7.1286e-01
5.0439e-01 -4.2870e-01
-3.1355e-01 -5.8983e-01
-4.8906e-01 -6.4791e-01
9.0388e-01 -7.1582e-01
-8.5647e-01 -2.0171e-01
-5.5990e-01 -2.8181e-01
-6.6347e-01 3.4263e-01
-9.7887e-01 -5.0220e-01
-6.6582e-01 -7.4526e-01
-6.2084e-01 -3.6875e-01
-9.2928e-01 -1.3074e-03
2.0563e-01 8.6910e-01
4.9675e-01 9.3882e-01
-3.6102e-01 6.7969e-01
8.9408e-01 5.0457e-01
4.1465e-01 -9.1559e-01
-1.0557e-01 2.0610e-01
8.3780e-02 -6.0996e-01
6.2129e-01 -3.1124e-01
-3.8109e-01 5.0617e-01
5.1847e-01 -1.2380e-01
6.1746e-01 -2.4181e-01
-8.6453e-01 -8.6007e-02
3.3669e-02 -3.0572e-01
-8.2825e-02 1.9158e-01
3.9151e-01 4.1845e-01
-9.2919e-01 -6.0643e-01
6.5378e-01 2.8349e-01
3.4535e-02 7.3935e-02
-2.4929e-01 -5.5930e-01
7.1156e-01 5.4032e-01
-1.3034e-02 -9.3275e-01
-1.3490e-01 -9.2567e-02
1.4426e-01 5.0919e-01
6.3368e-01 -4.7121e-01
1.5239e-01 6.4118e-01
6.3033e-01 -9.4257e-01
-5.5822e-01 2.8908e-01
-1.4158e-01 -4.6398e-01
-2.9240e-01 3.5253e-02
4.8727e-01 9.6249e-01
8.3301e-02 -5.5573e-01
2.5575e-01 5.2267e-01
1.4031e-01 -6.5861e-01
7.6107e-01 -3.6013e-01
7.5036e-01 3.7348e-01
-3.8184e-01 6.0898e-02
-9.4560e-01 1.3164e-01
-9.0805e-01 9.7188e-01
7.3295e-01 7.4261e-01
-6.6653e-01 7.4860e-01
1.1423e-01 6.1678e-01
-8.3301e-03 -7.7457e-01
3.2311e-01 2.7099e-01
8.6659e-01 -8.1407e-01
-2.7668e-01 8.8887e-01
-4.6956e-01 -2.2267e-01
7.1240e-02 4.6185e-01
8.0182e-01 1.6086e-01
-9.6850e-01 -8.7160e-01
-5.8924e-01 -9.7507e-01
9.1005e-01 -1.7332e-02
7.4079e-01 -9.2866e-01
1.7640e-01 -2.3649e-01
-7.5258e-01 -4.5354e-01
-8.0925e-01 1.4645e-01
-5.4066e-01 3.8005e-01
-5.7027e-01 1.6666e-01
9.6971e-01 6.4994e-01
8.4967e-01 -1.2086e-01
-9.0545e-01 -2.3642e-01
9.9196e-02 4.1232e-01
8.7162e-01 -5.8834e-01
6.8544e-01 -1.3601e-01
-2.5824e-01 4.2761e-01
2.3066e-01 -2.5862e-01
2.5206e-01 8.9589e-01
-8.1510e-01 9.8056e-02
-1.0332e-01 -9.7875e-01
-5.8511e-01 3.6685e-01
-4.7435e-01 -1.0649e-01
2.5598e-01 2.9507e-01
-9.1389e-01 -9.6048e-01
7.8506e-01 -1.2795e-01
-6.8605e-01 7.2609e-01
7.7604e-01 8.6546e-01
-4.2646e-01 -1.9778e-01
-8.5769e-01 -3.1558e-01
8.9136e-01 8.0199e-02
-4.0008e-01 1.7119e-01
9.3955e-01 3.7196e-01
9.7511e-01 -4.8923e-01
-7.7089e-01 -4.8372e-01
-1.6882e-01 -2.4776e-02
-2.3278e-01 8.7666e-01
3.9643e-01 7.1719e-01
-9.6114e-02 -7.0438e-01
5.0824e-01 8.2065e-01
-8.3166e-01 6.8258e-01
-4.4244e-01 8.9399e-01
-2.2377e-01 -2.3495e-01
-3.5245e-01 -5.4311e-01
4.6413e-01 -5.9540e-01
2.3767e-01 -5.6750e-01
-7.7739e-01 -2.6287e-02
-7.6558e-01 -5.1148e-01
-6.4396e-02 -6.1133e-01
-3.4209e-01 -3.5348e-01
1.8830e-01 7.7038e-02
-7.1294e-01 -5.7847e-01
3.6731e-02 6.5790e-01
3.5369e-03 7.1406e-01
2.9895e-01 6.6491e-01
-3.2524e-01 -2.6733e-01
-6.2181e-01 -3.4264e-01
8.5111e-01 7.0316e-01
-2.2451e-01 5.2814e-01
-9.7996e-01 8.0803e-01
-5.2787e-01 3.0713e-01
5.2711e-01 1.1853e-01
1.2612e-01 2.9872e-01
3.8971e-01 -9.9188e-02
5.2975e-01 -6.8055e-01
8.4178e-01 -5.0136e-01
-2.8399e-01 -4.1306e-01
5.6985e-01 5.4408e-01
-8.7720e-01 -5.1206e-01
9.1973e-02 3.2852e-02
-4.1832e-01 -6.0526e-01
1.9636e-01 -6.8086e-01
-2.9542e-01 -9.3734e-01
9.3749e-01 2.8200e-01
7.0321e-01 -5.3565e-01
-3.5332e-01 -2.7272e-01
8.2685e-01 3.4482e-02
-8.9177e-03 7.4743e-01
3.1489e-01 -2.8393e-01
-2.0604e-01 -7.7860e-01
-8.7883e-02 4.2531e-01
-1.5237e-01 7.5856e-01
1.8892e-01 3.7975e-02
-8.9462e-01 7.1747e-02
-6.5830e-01 6.2758e-01
8.7817e-01 2.6296e-01
8.6970e-01 4.5974e-01
-3.6444e-01 6.5319e-01
5.7696e-01 -2.1465e-01
7.4674e-02 1.5606e-01
-2.6214e-01 -8.8465e-01
1.3298e-01 3.8928e-01
-9.0038e-01 2.6187e-01
-7.3404e-01 -5.3026e-01
1.7793e-01 -7.6508e-01
3.3478e-01 7.1938e-01
-9.6405e-01 3.1421e-01
-9.7474e-01 7.7967e-01
5.8190e-01 8.8109e-01
8.5436e-01 7.8771e-01
4.6551e-01 7.0074e-01
3.8101e-01 -3.7340e-01
-7.8666e-01 -7.7229e-01
-7.1083e-01 7.3659e-01
2.5000e-01 9.7229e-01
3.5071e-01 5.3473e-01
6.2989e-01 -8.4479e-01
-5.6217e-01 -3.1097e-01
1.6086e-01 8.1300e-01
2.8565e-01 -2.0193e-01
-1.5461e-01 -6.0061e-01
5.1298e-01 -1.7579e-01
-6.9016e-01 1.2698e-01
9.7131e-01 -4.6335e-01
2.1805e-01 -6.2836e-01
-9.8393e-02 4.5406e-02
-3.7295e-01 9.1181e-01
2.5679e-01 7.8416e-01
-3.2849e-01 -7.5369e-02
5.5640e-01 3.8239e-01
2.6554e-02 -2.0939e-01
2.9577e-01 -3.3631e-01
4.6771e-01 4.5696e-01
6.8717e-01 -2.5697e-01
4.0940e-01 -4.1477e-01
-6.4685e-01 -9.0091e-01
2.2076e-01 -4.4947e-01
-7.9761e-01 8.8836e-01
5.0276e-01 6.9911e-01
-5.8606e-01 -6.7971e-01
-6.6443e-01 -5.3204e-01
8.9964e-01 -1.9541e-01
-5.3433e-01 -2.3754e-03
4.7153e-01 7.9295e-01
3.0917e-01 5.0869e-01
3.6645e-01 6.9154e-01
-5.2735e-01 -5.3837e-01
-4.6072e-01 -5.0665e-01
1.9714e-01 -2.5389e-01
7.7457e-01 3.9236e-01
7.1904e-01 -5.7739e-01
6.6026e-01 8.0625e-01
-2.4009e-01 8.2719e-01
-5.8320e-01 2.1299e-01
-6.6022e-02 -3.4147e-01
8.2066e-01 9.6467e-01
7.5447e-01 6.6208e-02
-3.3594e-01 6.0498e-02
8.5960e-01 3.5245e-01
-5.1161e-01 4.7012e-01
3.2981e-03 9.2427e-01
-2.7107e-01 8.5656e-01
-4.5265e-01 -7.3040e-01
8.2495e-02 7.4611e-01
-1.2882e-01 9.4409e-01
-4.9893e-01 6.3107e-01
8.9730e-01 8.2991e-01
9.7280e-01 1.4321e-01
8.0819e-01 5.2077e-01
-7.3071e-01 8.5748e-01
-5.1341e-01 4.0345e-01
9.3470e-01 -3.0461e-01
1.5474e-01 3.0824e-01
1.2457e-01 2.6568e-01
4.9739e-01 9.0957e-01
6.7103e-01 -4.9908e-01
-3.5939e-01 -2.7259e-02
-7.7743e-01 -4.2468e-01
2.3751e-01 -1.6011e-01
-4.1478e-01 -1.3562e-01
-7.0407e-01 8.3311e-01
5.3957e-01 9.7946e-01
-8.6425e-01 8.0052e-01
9.4413e-02 2.2498e-01
5.6586e-02 -5.6240e-01
6.2763e-01 -6.1404e-01
6.7291e-01 4.5508e-01
9.2328e-01 -8.6275e-01
1.1456e-03 5.0427e-01
-3.9502e-01 -7.9177e-01
-2.2515e-01 6.8066e-01
3.4868e-01 1.8404e-01
-6.1017e-01 -1.1211e-01
-8.1759e-02 -3.7547e-01
-8.2243e-01 4.5431e-01
3.3949e-01 -3.2674e-01
3.3568e-01 5.5767e-01
-9.7471e-01 8.8068e-01
8.1299e-01 -5.1756e-01
-4.4367e-03 -9.0897e-01
-8.9297e-01 3.2261e-01
-5.2713e-01 -1.9711e-01
-6.5663e-01 4.9826e-01
-6.3688e-01 2.2874e-02
5.8828e-01 -3.5583e-01
-4.8661e-01 -5.7973e-01
-6.0661e-01 -4.1901e-01
-7.1284e-01 4.1840e-01
-7.4831e-01 7.4075e-01
5.4842e-01 1.6150e-01
9.2389e-01 6.2340e-01
3.3443e-01 -4.0016e-01
-1.3916e-01 8.9773e-01
-9.3794e-01 -8.8921e-02
-7.8473e-03 -1.3215e-01
9.7525e-01 -7.4438e-01
-5.5338e-01 -8.4829e-01
-1.2054e-01 -1.5221e-01
-1.1664e-01 4.2275e-01
3.8174e-01 3.4440e-03
7.1234e-01 -2.3360e-01
-3.4915e-01 6.1487e-01
3.6440e-01 9.2236e-01
-6.1752e-01 2.1631e-01
4.0098e-01 2.7475e-01
4.3031e-01 5.7352e-01
-8.3353e-01 9.1271e-01
8.9518e-01 -7.4297e-01
-8.7558e-01 1.5091e-01
2.1406e-01 5.8644e-01
8.3645e-01 7.3698e-01
3.4094e-01 7.3597e-02
-9.4573e-01 4.4735e-01
9.3455e-01 -2.3308e-01
6.0407e-01 -5.3978e-01
-9.1428e-02 -1.5465e-01
5.1397e-01 -6.2070e-01
5.2693e-01 -8.4412e-02
8.7658e-02 2.7451e-01
5.7269e-01 6.2293e-02
1.0809e-01 6.4485e-01
1.6815e-01 -1.5382e-01
-9.1587e-01 7.2483e-01
2.6792e-01 6.5084e-01
-5.7715e-01 -5.5591e-01
8.3494e-01 -7.2166e-01
1.8449e-01 7.2987e-01
4.6481e-01 9.2496e-01
4.2622e-01 7.4620e-02
9.3341e-02 -2.8390e-01
7.3683e-01 5.3589e-01
-7.9439e-01 7.8826e-01
-6.5043e-01 -3.1666e-01
-1.9071e-01 9.5186e-01
-5.3581e-01 -7.2113e-01
-3.7147e-01 1.3485e-01
2.9568e-01 -5.1531e-01
1.0874e-01 -2.2936e-01
3.1881e-01 2.0256e-01
4.1013e-02 -9.5390e-01
-9.1952e-02 -9.3729e-01
6.2645e-01 4.3062e-01
-2.0505e-01 8.4655e-01
7.2421e-02 -5.2753e-01
-1.6758e-01 -4.5888e-01
-1.8568e-01 -1.3009e-01
-1.1698e-01 6.6445e-01
-1.0978e-01 3.3611e-01
5.5314e-01 -9.2741e-01
-2.7503e-01 -8.1916e-01
4.5875e-01 3.6920e-01
-7.8771e-01 -3.2982e-01
-1.2576e-01 -8.5161e-01
6.4628e-01 9.7943e-01
-7.2493e-01 5.9351e-01
-4.6930e-01 8.8843e-02
7.6499e-01 -6.5278e-01
-1.2009e-01 2.6191e-01
7.0594e-01 -6.4323e-01
-5.9467e-01 -4.4372e-01
4.5971e-02 8.3960e-01
4.4645e-01 4.1123e-01
-5.2111e-01 -1.1545e-01
-2.2730e-01 2.4127e-01
9.4648e-01 -1.0596e-01
5.3076e-01 -7.2308e-01
-4.7982e-01 3.6701e-01
8.2311e-01 -4.4446e-01
6.6143e-01 -8.3849e-01
4.9126e-01 -8.9353e-01
-3.2244e-01 -7.7784e-01
1.2174e-02 -3.9909e-01
-1.2601e-01 9.7669e-01
-5.9485e-01 -8.3897e-01
6.8084e-01 6.7257e-01
-9.7514e-01 3.7842e-01
8.1721e-01 3.1186e-01
-7.3150e-01 -2.2521e-01
-7.2832e-01 1.9696e-01
-9.7651e-01 7.3128e-01
-2.8540e-01 2.2871e-01
4.3716e-01 -8.7108e-01
2.1168e-01 1.3910e-01
-2.0718e-01 -4.8086e-01
-8.3068e-01 -9.8039e-01
-9.4967e-01 -2.9114e-02
6.4139e-01 4.5471e-01
-4.4266e-01 -7.0617e-01
-7.1212e-01 3.6669e-01
9.3087e-02 5.6308e-01
5.3019e-01 3.2752e-01
6.0966e-01 1.6717e-01
-2.7682e-01 7.2902e-01
1.7059e-01 -4.8961e-01
-3.2300e-01 -7.1905e-01
-5.5730e-01 -2.4999e-01
8.6250e-01 -7.0660e-01
-8.4592e-01 -7.4953e-01
-4.8258e-01 -7.7527e-01
-5.3193e-01 3.3255e-01
-3.3097e-01 -3.7890e-01
3.0190e-01 -1.7520e-01
-5.8876e-01 -9.4444e-01
-1.4308e-01 -6.1024e-02
-7.1541e-01 -9.7058e-01
-8.0875e-01 7.4057e-01
-9.7228e-01 -1.4706e-01
-1.8163e-01 1.2391e-01
4.4000e-01 -4.8091e-01
2.4208e-01 4.9715e-01
8.9023e-01 -8.1821e-02
8.8054e-01 7.7288e-01
-6.4431e-01 4.8367e-02
-7.8121e-01 -8.2318e-02
6.7989e-01 -2.6825e-02
3.3450e-01 -7.7488e-01
-4.9180e-01 9.1790e-01
7.9812e-01 9.4878e-01
6.4320e-01 1.3118e-01
8.5591e-01 9.3846e-01
6.5593e-01 7.2631e-01
-3.2221e-01 2.7761e-01
-4.4251e-01 3.2076e-01
9.1834e-01 -5.8045e-01
-4.5231e-01 -6.4795e-02
-8.8143e-01 7.4071e-01
4.4160e-01 6.7997e-01
9.4000e-01 -4.1542e-01
8.1960e-01 1.1497e-01
-7.6739e-01 6.8432e-01
8.7081e-01 -4.4829e-02
-4.6416e-01 -1.4021e-01
7.9676e-01 7.1352e-01
-3.9964e-01 -4.6904e-01
-5.3898e-03 3.4246e-01
1.3645e-01 9.1291e-01
-2.6730e-01 3.5056e-01
-3.6041e-01 7.5026e-01
-2.4846e-01 -9.5199e-01
4.0499e-02 -7.6608e-01
-3.6529e-01 8.3804e-02
3.8237e-01 -6.4339e-01
1.9551e-01 -7.8450e-01
1.2892e-01 7.5988e-01
-7.1665e-01 -6.0342e-01
-1.0426e-02 -3.4474e-01
-8.5068e-01 9.6456e-01
-6.1560e-01 7.6774e-01
-4.6415e-01 2.2318e-01
-5.0386e-01 7.1405e-01
-1.5424e-01 -9.1491e-01
-2.5515e-01 -4.0182e-01
4.3160e-01 -4.5253e-01
-6.4247e-01 -5.5278e-02
-6.2692e-01 -9.3034e-01
-8.6897e-01 2.5849e-01
-5.6979e-02 2.4272e-01
-9.6036e-01 -6.8938e-01
-3.3095e-01 -5.6152e-01
-1.2674e-02 -3.9312e-01
9.6422e-01 -8.8540e-01
5.6228e-01 9.6105e-01
-3.5965e-01 -7.6583e-01
4.3501e-01 5.4761e-01
-4.4700e-01 2.9374e-01
2.4696e-01 -4.1985e-01
-5.7733e-01 9.3866e-01
7.7771e-01 6.5658e-01
-6.5251e-01 3.7124e-01
2.7008e-01 2.3316e-01
-7.2953e-02 -2.9194e-01
-2.0781e-01 4.8299e-02
6.5574e-01 3.2622e-01
8.9277e-01 4.7988e-01
-6.4634e-01 7.6874e-01
-5.2475e-01 4.4494e-01
-5.6394e-02 4.1222e-01
4.9481e-01 5.2310e-02
-8.6574e-01 -2.7944e-01
7.9914e-01 3.9743e-01
7.0872e-01 1.1616e-01
3.4759e-02 4.6670e-01
-1.1183e-01 -4.7038e-01
-7.6601e-02 -9.6314e-01
-7.5235e-01 -9.1007e-01
7.2703e-01 3.5573e-01
6.8931e-01 7.1425e-01
9.5264e-01 -3.7721e-01
5.7910e-01 1.6092e-01
-5.9732e-01 5.9392e-01
-7.2146e-01 6.3742e-01
-7.3488e-02 6.9087e-01
-6.9330e-01 3.1325e-02
4.1358e-01 7.6751e-01
9.2484e-01 1.2541e-01
6.9523e-01 4.6537e-01
-1.0869e-01 -5.5819e-01
3.9812e-01 -8.8213e-01
4.6875e-01 2.5694e-01
2.9264e-01 8.6042e-01
2.3884e-01 1.8370e-01
-7.3191e-01 -5.5546e-01
-6.1034e-01 8.2868e-01
2.1005e-01 5.0836e-01
-7.2876e-01 9.7931e-01
-8.5225e-01 4.0398e-01
-5.5047e-01 -4.7541e-01
-5.1607e-01 -4.9103e-01
1.3023e-01 -2.6725e-01
4.8984e-01 -5.2959e-01
-1.1867e-01 -8.0184e-01
4.4119e-01 -5.8446e-01
7.4421e-01 4.9459e-01
8.0081e-01 -2.9004e-01
4.7005e-01 1.8035e-01
-4.9352e-01 2.0689e-01
7.5532e-01 3.4202e-01
-1.8641e-01 6.8066e-01
-4.0688e-01 -4.1265e-01
9.7712e-01 7.6542e-01
-6.2880e-01 -5.6492e-01
7.3655e-01 2.8862e-01
-8.0764e-01 2.0545e-02
-4.8784e-01 3.9241e-01
6.4016e-01 -4.2666e-02
-4.2666e-01 -7.7722e-01
1.4281e-01 -3.9058e-01
9.0787e-01 -9.7732e-01
-1.5839e-01 -2.6973e-01
3.9996e-01 2.1169e-02
2.0757e-01 -9.1105e-01
-6.7858e-01 4.4646e-01
-7.6530e-01 -5.0147e-02
-6.4521e-01 7.9460e-01
1.4918e-01 -8.9938e-02
-2.4019e-01 9.0611e-01
5.2806e-01 -4.1414e-01
-1.2238e-01 -6.7349e-01
-8.6559e-01 -5.6205e-01
7.7915e-02 -3.9855e-01
-2.9838e-01 -6.1028e-01
-6.1810e-01 6.3923e-01
-8.5154e-01 6.5615e-01
9.7305e-01 -9.7768e-01
7.0000e-01 -3.4858e-01
-6.6851e-01 9.7085e-01
6.0292e-01 -3.3228e-01
-7.9750e-01 -6.0896e-01
9.3079e-01 3.4848e-01
-8.1492e-01 -2.7949e-01
-1.7837e-01 3.1955e-01
-9.6955e-01 6.1518e-01
8.1717e-02 -1.3963e-02
-9.7774e-01 4.2288e-01
-4.2867e-01 3.7469e-01
-4.6664e-01 1.1742e-01
6.0544e-01 6.6232e-01
-7.5096e-01 -7.8697e-01
5.5936e-01 -5.1164e-01
-5.4048e-01 2.6479e-02
6.1559e-01 5.7125e-01
-3.5513e-01 1.9244e-01
4.3367e-01 -1.4940e-01
1.5395e-01 3.6928e-01
-2.6840e-01 -4.8927e-01
-3.9586e-01 7.8709e-01
-8.3038e-02 -5.7132e-01
-8.5497e-01 -9.4736e-01
-3.2852e-01 -8.9463e-01
-9.0599e-01 5.3061e-01
8.2209e-01 -1.2041e-01
-6.5737e-01 8.5831e-01
-7.3751e-01 -3.1644e-01
6.7026e-01 3.8638e-02
-8.0515e-01 -2.3688e-01
8.5021e-02 3.4123e-01
-9.1171e-01 3.0566e-01
-7.7228e-01 4.6706e-01
2.4482e-01 1.3763e-01
-4.6841e-01 1.4455e-01
7.8463e-01 -5.3556e-01
4.6099e-01 -9.8431e-02
-1.4463e-01 3.2636e-01
3.8561e-01 6.6669e-01
-2.0663e-04 -5.1326e-02
-5.8591e-02 4.7043e-01
1.1608e-01 4.4235e-01
1.2745e-01 -9.3976e-01
9.5231e-01 4.7268e-01
1.4495e-02 -9.5440e-01
3.3610e-01 9.1692e-01
1.2188e-01 3.6689e-01
-6.8756e-01 -8.4949e-01
6.7182e-01 -7.9625e-01
-4.0044e-01 -2.0158e-01
8.1066e-01 -1.3534e-02
2.8597e-01 5.4924e-01
-1.3415e-01 6.9246e-01
-6.9833e-01 -4.2049e-01
4.1399e-01 -7.6806e-01
-4.9637e-01 -3.0484e-01
3.9183e-01 -5.0309e-02
-4.8655e-01 7.5488e-01
-1.0510e-01 9.3093e-01
9.3619e-01 1.7451e-01
-6.1566e-01 9.2677e-01
-7.4915e-02 9.7523e-01
-5.9447e-01 -2.0212e-02
2.9104e-01 1.1540e-01
5.5295e-01 -8.3350e-01
4.2928e-01 8.6805e-01
-5.5173e-01 -4.5026e-01
-7.5780e-01 -9.7497e-01
-8.0096e-01 -6.4864e-01
8.1593e-01 -8.9193e-01
5.8226e-01 3.6435e-01
9.7972e-01 -5.2247e-01
-9.8054e-01 -7.6019e-01
1.6853e-01 -3.3874e-01
-3.2681e-01 -4.2897e-01
-2.7717e-01 5.8841e-01
-3.9671e-01 4.8731e-01
-2.1292e-01 -9.6308e-01
-9.4543e-01 -9.7090e-01
-1.1956e-01 -3.7842e-01
6.0238e-01 -6.0804e-01
-8.3588e-01 -1.6302e-01
-9.7608e-01 -6.0784e-01
2.0990e-01 5.5892e-01
3.5946e-01 -2.6044e-01
5.9285e-02 9.7886e-01
2.9815e-01 -4.0358e-01
-9.7790e-01 2.2140e-01
-3.4300e-01 -8.4005e-01
2.2288e-01 3.6659e-01
9.4495e-01 -6.4407e-01
-1.3587e-02 -4.1768e-01
6.3106e-01 9.2840e-01
-3.5936e-01 -1.1127e-01
3.9904e-01 -7.4571e-01
-8.9797e-01 3.6511e-01
-4.3997e-01 7.3738e-02
7.0403e-01 3.0742e-02
5.8569e-01 6.3140e-01
2.2317e-01 -1.2288e-01
5.7125e-02 3.6347e-01
-3.0041e-01 8.7724e-01
5.2023e-01 -1.4883e-01
6.5563e-01 -2.3181e-01
4.3339e-01 -5.4309e-01
-6.8276e-01 7.7971e-01
7.1869e-01 7.6528e-01
-6.5815e-02 7.7523e-01
-6.1969e-01 -2.5345e-02
1.5792e-03 8.5219e-01
-8.0454e-01 1.7569e-01
1.4422e-01 -3.2963e-01
4.0832e-01 -2.5699e-01
-9.2644e-01 -4.7854e-01
3.2982e-01 4.5919e-01
-6.1698e-01 8.6329e-01
-7.2362e-02 -5.4116e-01
7.8709e-01 4.9571e-01
-3.1527e-01 6.7653e-01
5.1572e-01 -9.7637e-01
3.8705e-01 1.3099e-01
7.0374e-01 3.3683e-01
-6.1081e-01 -7.3120e-01
6.8458e-01 8.1726e-01
-4.1296e-02 -5.6391e-01
5.7817e-01 -1.1252e-01
-9.0644e-01 1.9979e-01
3.7326e-01 9.7632e-01
-5.7982e-01 -1.7262e-01
8.0640e-01 -1.5725e-01
-2.9756e-01 2.0710e-01
-4.2157e-01 -8.7173e-01
4.6199e-02 -8.0822e-01
7.0966e-01 -4.6110e-01
-1.2375e-01 -3.4055e-01
-8.1578e-01 2.2967e-01
2.1139e-01 -5.0608e-01
-1.8037e-01 5.3356e-01
5.3369e-01 -2.1355e-01
8.5572e-01 6.7016e-01
-4.5260e-02 2.9696e-01
-5.9258e-01 -2.2420e-01
1.2648e-01 -5.5385e-01
-8.5966e-01 -3.4265e-01
9.7680e-01 7.2415e-01
9.1233e-01 -9.0729e-01
2.5206e-02 1.9059e-01
-8.3670e-01 -6.5738e-01
-8.6874e-01 3.3035e-01
4.5964e-01 -8.1714e-01
4.7943e-01 1.3117e-01
2.8802e-01 -2.5256e-01
-3.0038e-01 -7.2278e-02
9.0857e-01 -1.0621e-01
-1.6882e-01 3.6989e-01
-1.1271e-01 -9.1099e-01
5.3428e-02 -7.1903e-02
3.2609e-01 -9.6714e-02
-8.9607e-02 -2.0708e-01
8.2554e-01 2.7049e-01
-4.0119e-01 5.6121e-01
1.0479e-01 -3.0648e-01
-6.5924e-01 -3.8746e-01
-3.1487e-02 -6.1970e-01
-7.3598e-01 4.0225e-01
8.9694e-01 -3.2751e-01
7.4070e-01 -8.4190e-01
-2.4565e-01 4.5977e-01
1.0987e-01 -8.0335e-01
1.5873e-01 1.8720e-01
-4.9892e-01 -7.9510e-01
6.1207e-01 -6.9227e-01
6.5569e-01 5.3105e-01
-9.2904e-01 7.7189e-01
2.7560e-02 -5.5244e-01
3.4294e-01 -9.0101e-01
-5.9091e-01 -3.0059e-01
-2.6514e-01 -7.8659e-01
-1.0886e-01 -7.5786e-01
5.6545e-02 6.7748e-01
-9.4221e-01 -9.3253e-01
-6.0319e-01 -5.0091e-01
-7.1422e-01 -1.8466e-01
-4.0001e-01 7.4356e-01
-9.0962e-01 -3.7285e-01
9.7966e-01 -4.3912e-01
1.9910e-01 5.3269e-01
-5.4026e-01 -2.9915e-01
4.8409e-01 -3.6823e-01
2.0069e-01 -8.3102e-01
-7.0006e-01 -2.9486e-01
-4.1191e-01 8.2509e-01
3.7752e-01 -4.3027e-01
-1.2333e-01 -2.4860e-01
4.0394e-01 -6.8724e-01
-8.7413e-01 -8.0673e-01
-5.1215e-01 -9.2230e-01
3.3227e-01 -6.5399e-01
2.7148e-01 -3.9209e-01
-1.5849e-01 6.0748e-01
9.1980e-01 8.4207e-01
3.1414e-01 6.8691e-02
-2.5799e-01 -5.1408e-01
9.5419e-01 9.2896e-01
-6.6726e-01 -3.5302e-01
3.5302e-01 -5.0185e-02
1.9863e-01 -3.0373e-01
-7.3693e-01 -6.8688e-01
-6.6077e-01 4.6863e-01
3.0542e-01 3.6820e-01
6.5342e-02 -7.1458e-01
-9.4169e-01 6.5494e-01
-4.6106e-01 5.3785e-02
5.6891e-01 5.0664e-01
-8.0530e-01 -7.4027e-02
-6.9225e-01 -5.3410e-02
-3.4179e-02 3.8260e-01
1.0699e-01 -6.4435e-01
7.3172e-01 -3.1476e-01
-3.8955e-02 -8.0522e-01
-6.9144e-01 -5.1495e-01
6.3759e-02 -1.3743e-01
7.1380e-01 -7.6666e-01
-2.3871e-01 1.4835e-01
2.1239e-01 4.4838e-01
7.6617e-01 -9.6231e-02
-2.6421e-01 -3.7386e-01
4.1211e-01 9.4680e-01
-7.1330e-01 9.2686e-01
-4.6117e-01 -2.6742e-01
3.6096e-01 -5.7241e-01
-5.5387e-01 7.9242e-01
2.6209e-01 -2.8253e-01
-1.9748e-01 -6.6955e-01
5.0140e-01 -2.7778e-01
3.3132e-02 -1.7910e-01
-7.6170e-01 -6.8615e-01
9.2082e-01 -5.0457e-01
5.0091e-01 -3.3288e-01
7.5169e-01 -2.4197e-01
-1.6869e-01 -6.4353e-01
3.9471e-01 2.2836e-01
2.3669e-01 -3.4484e-01
8.1029e-01 7.4068e-01
6.6863e-01 -7.6631e-01
-7.0700e-01 -9.4577e-01
3.0861e-01 -5.4401e-01
-6.7599e-01 -6.9049e-01
-1.0919e-01 3.6150e-01
-1.0043e-02 1.1380e-01
-9.7755e-01 5.1984e-02
-9.4133e-01 -2.5984e-01
4.7265e-01 6.5741e-01
-6.1641e-02 6.0953e-01
8.3248e-01 5.3872e-01
-6.7952e-01 -9.1842e-01
-5.5529e-01 1.4160e-01
6.9098e-01 2.7954e-01
-5.8705e-01 3.1075e-02
-3.5544e-01 5.1904e-01
-8.3431e-01 8.2833e-01
7.3624e-01 -7.7911e-01
9.7969e-01 -9.1239e-01
8.3679e-02 -7.4362e-02
3.6558e-01 -8.2546e-01
-3.2131e-02 -2.4096e-01
-2.4105e-01 5.7791e-01
-3.9212e-01 6.5210e-01
-5.8498e-02 6.4220e-03
8.4297e-01 7.6228e-01
-6.0219e-01 4.0761e-01
-8.8694e-01 -2.4325e-03
-1.3865e-01 2.0712e-01
3.9843e-02 8.8616e-01
7.3007e-01 2.3025e-01
-7.9740e-01 5.4317e-01
-8.4024e-01 -8.0063e-01
7.5730e-01 -9.6095e-01
-7.8097e-02 -4.2932e-01
1.7603e-01 -2.0592e-02
-3.8030e-01 1.0910e-01
4.2780e-01 8.3225e-01
3.4622e-01 1.1408e-01
3.6316e-01 -7.7554e-01
-7.4340e-01 2.9962e-01
4.8580e-01 6.0209e-01
7.0142e-01 -8.4414e-01
6.7257e-01 2.2790e-01
-4.5978e-01 7.8211e-01
-4.2730e-01 7.6427e-01
9.6437e-01 -1.9672e-01
-2.6970e-01 5.1683e-01
-7.7704e-02 3.4997e-01
-7.7942e-01 -8.3780e-01
-4.1687e-01 1.3877e-02
5.0509e-01 4.1859e-01
-6.9291e-01 -2.4992e-01
7.8954e-01 -6.6037e-02
-1.5329e-01 -7.1031e-01
-9.0435e-01 -8.8893e-01
-3.9378e-02 -4.2746e-01
-4.2224e-01 2.3897e-01
-2.1416e-01 7.3112e-01
7.9728e-01 -5.7230e-01
1.0370e-01 8.5022e-01
-7.9456e-01 -9.5316e-01
-6.4831e-01 8.8103e-02
1.4360e-01 -1.4203e-01
3.2113e-01 1.5133e-01
9.1244e-01 6.7231e-01
8.2387e-01 -8.6000e-01
-3.4188e-01 -6.2158e-01
-7.8975e-01 7.5988e-04
9.6806e-01 7.4871e-02
-4.5657e-02 2.9680e-02
-3.5717e-01 -6.4604e-01
7.4840e-01 1.3586e-01
7.4878e-01 4.4716e-01
-4.7783e-01 -3.7263e-01
-6.5247e-01 -6.4286e-01
-2.9913e-01 1.5922e-01
6.8478e-01 5.1102e-01
-3.8977e-01 -1.4235e-01
-1.6380e-01 -2.9621e-01
-5.8835e-01 5.0372e-01
6.5161e-01 -3.9095e-01
-4.3881e-01 7.0163e-01
5.2995e-01 7.9170e-01
4.9740e-01 2.6704e-01
5.9049e-02 -3.1231e-01
-1.0928e-01 8.2312e-01
-2.7470e-01 -1.6969e-01
-7.7679e-01 -8.6524e-01
-6.5185e-01 -4.2423e-01
-2.0642e-01 8.6135e-02
-2.2903e-01 3.7814e-01
3.7788e-01 -9.5269e-01
-9.7881e-01 7.0360e-01
7.6365e-01 9.6088e-02
-4.9982e-01 -6.3722e-02
-4.4584e-01 -9.7899e-01
6.5431e-02 4.1158e-01
8.7239e-01 -5.1572e-01
-5.6353e-01 -8.0832e-01
4.6047e-01 5.8850e-02
4.3572e-01 -3.8887e-01
-5.7892e-01 5.6604e-01
-2.7197e-01 -6.1444e-01
-4.1294e-01 6.5954e-02
8.6830e-01 -6.7295e-01
-8.6877e-01 -4.7880e-01
9.3890e-02 -3.7586e-01
-2.4435e-01 -5.3516e-01
-2.2354e-01 2.6744e-01
-2.1803e-01 6.1078e-01
-5.4486e-01 5.1172e-01
-2.2381e-01 -4.7560e-02
-6.8939e-01 9.1894e-01
-6.6879e-01 -8.8505e-01
-2.1685e-01 -1.3002e-01
1.5961e-01 -1.9133e-01
-2.4656e-01 -3.5337e-01
3.2743e-01 7.7463e-01
8.2085e-01 -9.7770e-01
3.2113e-01 -9.5276e-01
-6.4311e-03 -5.9781e-01
-3.8092e-01 9.7675e-01
-4.9032e-01 -4.3568e-01
2.4598e-02 5.5693e-01
-1.1398e-01 -1.1261e-01
1.5176e-01 -8.7224e-01
-3.0705e-01 -9.8643e-02
-2.4406e-01 -2.5575e-01
6.2858e-02 1.9956e-01
6.6484e-01 -6.7161e-01
-3.3758e-01 -4.7524e-01
-9.2369e-01 -8.3933e-01
-1.6044e-02 -4.7312e-01
6.8790e-01 -5.6534e-01
-9.4788e-01 1.5771e-01
-1.9361e-01 -5.2706e-01
3.5533e-01 3.3801e-01
1.2901e-01 6.9047e-01
-8.7923e-01 2.8357e-01
6.0362e-01 1.3923e-01
6.2680e-01 1.9012e-01
-5.3193e-01 1.6831e-01
-3.8982e-01 -8.8389e-02
-6.7498e-03 2.4458e-01
-3.8905e-01 -4.9348e-01
-1.1251e-01 -2.7104e-01
6.1668e-02 9.3695e-01
-7.8039e-01 -4.5662e-01
-8.6951e-01 5.4256e-01
8.0526e-01 8.8667e-01
-4.6825e-02 -7.3300e-01
5.3494e-01 -9.4830e-01
-8.6568e-01 -6.6547e-01
-6.4991e-01 -7.2237e-01
-8.2763e-01 -3.6672e-01
7.3336e-01 9.7995e-01
3.2354e-01 -8.8134e-01
-1.5810e-01 3.9886e-01
9.7657e-01 -8.1505e-01
6.5047e-01 3.5163e-01
4.6044e-01 -9.2205e-01
-8.9916e-01 -6.7651e-01
1.7875e-01 3.9287e-01
-2.4576e-01 1.2259e-01
-8.9714e-01 9.4038e-01
4.3355e-01 4.9989e-01
-1.7191e-02 -6.4125e-01
-8.0304e-01 -6.9419e-01
-8.4385e-01 -2.2969e-01
-6.4271e-01 -9.7562e-01
4.1036e-01 4.4142e-01
-3.1678e-01 1.6072e-02
-8.4310e-03 7.8096e-01
-5.7092e-01 8.6392e-01
-9.3530e-01 -6.4251e-01
3.9520e-01 7.5929e-02
7.0340e-01 1.5750e-01
-1.8554e-01 5.6161e-01
8.1889e-01 -4.0146e-01
3.3986e-01 -7.1490e-01
-1.7455e-01 -6.1672e-01
-7.5678e-01 8.4656e-01
-9.0392e-01 -2.9371e-01
5.2505e-01 9.5587e-01
8.5886e-01 -7.7377e-01
-1.8764e-01 9.7950e-01
7.7352e-01 1.5563e-01
-7.3213e-01 9.4245e-01
2.1025e-01 9.1673e-01
-7.5711e-01 -5.4869e-01
-3.6409e-01 5.6822e-01
-7.2063e-01 -6.4172e-01
-5.4628e-02 1.9621e-01
-2.7834e-01 1.0165e-01
1.5477e-01 -6.2587e-01
2.3479e-01 4.3435e-01
9.7932e-01 5.2683e-01
-5.3940e-01 -1.4261e-01
3.8856e-02 -4.3272e-01
-8.5203e-01 -6.1461e-01
-5.5528e-01 9.7943e-01
4.4835e-01 5.2673e-01
3.6867e-01 6.0086e-01
1.0281e-02 8.8686e-01
-5.8816e-01 7.6684e-01
-3.9572e-01 -3.4432e-01
7.2282e-01 2.0625e-01
-1.2684e-01 4.7669e-01
-4.0264e-02 8.3516e-01
6.4975e-01 -9.1044e-01
1.9920e-01 3.7534e-01
-8.5894e-01 3.8242e-02
2.6240e-01 -8.5604e-01
1.5467e-01 -8.3863e-01
-3.4385e-01 9.0321e-01
-8.4774e-01 -8.5933e-01
6.7030e-01 1.9609e-01
-1.7197e-01 7.7582e-01
2.2763e-01 -2.3424e-01
-1.2511e-02 -8.1598e-02
-1.8973e-01 4.8042e-01
-4.5692e-02 8.0991e-01
-4.8704e-01 4.4330e-03
6.7988e-02 2.2724e-01
-7.4454e-01 -1.4072e-01
9.0878e-02 -4.5428e-01
-3.6147e-01 4.5303e-01
-3.1712e-03 3.0174e-01
1.0185e-01 -1.2273e-01
-8.8299e-01 8.4049e-01
5.5911e-01 -3.4740e-01
-2.2485e-01 -4.1764e-01
6.0256e-01 -8.3339e-01
8.1455e-01 -6.7725e-01
1.8728e-01 7.0230e-01
1.8587e-01 -5.0934e-01
-5.0463e-01 8.8607e-01
-7.3917e-01 5.3132e-01
8.0546e-01 -9.1866e-01
-8.2362e-01 -5.3403e-01
8.6137e-01 4.8856e-01
7.9474e-01 -3.4962e-01
1.1335e-01 9.3221e-01
-4.4070e-01 5.0678e-01
-6.0710e-01 -6.9552e-01
-3.6239e-01 2.8336e-01
-9.0066e-01 -1.7975e-01
-6.4360e-01 9.1533e-01
-7.7926e-01 7.3577e-01
2.5501e-01 9.4631e-01
-3.0821e-01 3.2775e-01
3.6899e-01 -3.4356e-01
7.3185e-01 -6.5952e-01
-4.1665e-01 6.0129e-01
7.1164e-01 6.3669e-01
-4.2239e-01 1.4901e-01
-8.7078e-01 -2.2345e-02
-4.7105e-01 6.2196e-01
3.3168e-02 -3.3319e-01
5.3507e-01 -4.7980e-01
7.9060e-01 -2.2935e-01
-7.1317e-01 5.1305e-02
7.2705e-01 4.6691e-01
-2.4328e-01 7.1956e-01
-8.0214e-01 -1.7534e-01
-5.8043e-01 1.4144e-01
8.4442e-01 2.2878e-01
2.9236e-01 2.2134e-01
5.6221e-01 -2.4785e-02
1.9451e-02 -1.2878e-01
8.0028e-01 2.9058e-01
-6.4122e-01 -5.4141e-01
5.6675e-01 4.2171e-01
-2.8981e-01 -4.6567e-01
3.4425e-01 2.1148e-01
-8.9637e-01 -7.1129e-01
6.2134e-01 6.1583e-01
-6.2147e-01 -2.3381e-01
-5.2362e-01 -8.4662e-01
5.7868e-01 -3.2678e-01
-8.8965e-01 -4.3562e-01
5.4785e-01 5.7798e-01
-1.2027e-01 -4.6090e-02
-2.6408e-01 8.1220e-01
7.7762e-01 3.5249e-01
6.3155e-01 3.0240e-01
-8.4082e-01 7.0585e-01
4.8813e-03 1.4665e-01
3.8154e-01 8.4540e-01
4.5001e-01 9.7594e-01
4.1752e-01 -8.1541e-01
-8.7337e-01 9.8007e-01
-1.9680e-01 -5.9386e-01
4.8933e-01 6.7766e-01
2.7902e-01 -9.3992e-01
3.5926e-01 7.2128e-01
-4.9437e-02 2.6815e-01
9.1630e-01 9.5772e-02
6.0155e-01 -8.9893e-01
-8.9066e-01 6.7383e-01
-3.8376e-01 -5.5923e-01
3.9684e-01 4.9333e-01
3.1226e-01 -6.7868e-01
-6.1943e-01 4.5785e-02
-1.1399e-01 6.9624e-02
-7.6452e-01 -3.1773e-01
5.8024e-01 9.2989e-01
8.0960e-01 -5.4457e-01
-3.7840e-01 -2.6556e-01
4.1531e-01 3.2353e-01
-5.8694e-01 3.0451e-01
-9.7581e-01 -3.1918e-01
-3.2452e-01 -4.9670e-01
-1.5359e-01 5.1435e-01
-5.6693e-02 -8.8409e-01
9.8058e-01 -7.8870e-01
-8.8232e-01 7.6979e-01
5.8226e-01 3.3774e-01
2.5395e-01 -7.8938e-01
8.9270e-01 3.2134e-01
4.2953e-01 -6.8540e-01
5.1393e-01 -3.0380e-01
7.1670e-01 8.3312e-01
7.3420e-01 5.6339e-01
5.9939e-01 4.6627e-01
-2.4061e-01 -7.0164e-01
-5.5160e-01 -9.3619e-01
1.2413e-01 4.1769e-01
1.2321e-01 5.8240e-01
5.8002e-01 2.5158e-01
-5.9966e-01 5.3529e-01
-7.4171e-01 -3.7197e-01
-7.4234e-01 -4.8812e-01
-4.5366e-01 4.3384e-01
6.4762e-02 -8.8891e-01
7.0426e-01 -8.8125e-01
7.1739e-02 -4.9369e-01
-6.0501e-02 -6.8912e-01
-2.5629e-02 -3.7424e-02
-1.4396e-01 -4.2842e-01
2.8223e-01 -4.9184e-01
8.5830e-01 4.3552e-01
6.4870e-01 3.8285e-01
-4.0307e-01 -2.8468e-01
-1.9859e-01 -7.4897e-01
-7.8945e-01 2.4584e-01
3.7995e-01 -8.6175e-01
5.6298e-01 -2.3517e-01
-1.4026e-01 -7.5902e-01
-5.7431e-01 -4.3013e-01
-8.6607e-01 6.7666e-01
-8.2997e-01 -7.0673e-01
-4.4837e-01 1.6102e-01
2.4588e-01 6.1206e-02
3.0483e-01 -8.0707e-01
3.7269e-02 -7.3283e-01
9.7441e-01 2.3364e-01
-2.5837e-02 4.5760e-01
-8.8163e-02 -8.0004e-01
7.8335e-01 -8.5563e-01
-1.4877e-01 1.0999e-01
6.6316e-01 -6.2109e-01
-7.6084e-01 9.7883e-01
-2.5092e-01 -2.3123e-01
-8.2868e-01 -3.1279e-01
4.4104e-01 5.2604e-03
6.3109e-02 -9.5099e-02
3.6776e-01 3.6154e-01
8.3284e-01 6.8589e-01
-2.3822e-01 -9.7863e-01
-4.5814e-01 -4.3870e-01
-7.2362e-01 7.1255e-01
1.2354e-01 -4.8635e-01
-4.4629e-02 5.4493e-01
-4.4139e-01 -7.9709e-01
2.7393e-01 -1.0414e-01
8.2579e-01 1.3886e-01
4.7981e-01 -5.6168e-01
-5.4897e-01 -7.5234e-01
3.0049e-01 -8.9260e-01
-6.7165e-01 6.7757e-01
-9.5012e-01 -5.6464e-01
8.6614e-01 -1.3368e-02
-7.9080e-01 -8.1451e-01
-6.5165e-01 4.3384e-01
-8.8380e-01 2.7136e-02
-4.5542e-01 -2.9221e-01
-9.4185e-01 2.0327e-02
7.9223e-01 1.3828e-01
9.8039e-01 1.0432e-01
-5.6928e-02 -7.7358e-01
-6.6021e-01 -1.8895e-01
7.9457e-01 -8.1866e-01
4.8377e-01 1.0392e-01
3.6321e-01 7.7229e-01
4.8955e-01 -1.6112e-01
-4.5040e-01 -5.9361e-01
-3.0362e-01 7.2995e-01
9.7495e-01 3.2006e-01
8.5684e-01 -5.6832e-01
-9.3420e-01 9.3138e-01
9.6667e-01 -6.1799e-01
8.8017e-01 -7.2352e-01
3.3827e-02 6.9814e-01
2.1279e-01 1.3767e-02
-3.4635e-01 -6.8726e-01
5.3528e-01 8.5275e-01
9.4320e-01 4.2328e-01
-9.7809e-01 -2.7622e-01
1.7275e-01 -5.7937e-01
1.7493e-01 5.1185e-01
-4.3666e-01 -9.2574e-01
2.6027e-01 2.6688e-01
-4.5057e-01 8.6953e-01
7.8671e-01 -3.8943e-02
6.2747e-01 -1.4338e-01
9.7956e-01 9.2436e-01
-9.7418e-01 5.6605e-01
3.0024e-01 4.0279e-01
8.7241e-01 6.8958e-01
-6.4336e-01 -7.9978e-01
-7.4341e-01 6.5314e-01
-8.0386e-01 -9.7708e-01
3.7157e-01 -2.0839e-01
1.6377e-01 -6.7727e-01
-8.4333e-02 1.2495e-01
4.5234e-01 -5.5720e-02
-5.2371e-01 -8.0429e-01
1.7002e-01 -9.7077e-01
5.7003e-01 -1.6696e-01
-2.5909e-01 3.0990e-01
-8.6007e-01 3.7909e-01
-4.8766e-01 -8.9753e-01
-9.6467e-01 -5.2591e-01
-5.0130e-01 -1.9963e-01
-5.4190e-01 -6.5330e-01
-7.1294e-01 5.2866e-01
5.8237e-01 -5.0180e-01
-3.7596e-01 -9.4565e-01
-4.9937e-01 6.7960e-01
-2.9446e-01 -3.8607e-01
8.9707e-01 5.5522e-01
2.0146e-01 -6.0128e-01
1.3017e-01 -3.6879e-01
-9.4691e-01 2.2366e-01
-4.9311e-01 8.3957e-01
1.7567e-02 -7.4588e-02
-1.2221e-02 -6.8870e-01
-5.9056e-02 -2.4884e-01
5.9894e-01 -5.7657e-01
8.2393e-01 -3.1069e-01
-7.1585e-01 7.7899e-01
-6.4159e-01 -7.5227e-01
3.7552e-01 8.0959e-01
6.3623e-01 -1.8810e-01
8.9800e-01 4.5378e-01
-8.9901e-01 -8.0887e-01
-6.3443e-01 -1.1925e-01
3.3585e-01 8.6980e-01
6.7034e-01 8.4409e-01
7.6571e-01 1.3908e-02
7.6049e-01 -7.7335e-01
-9.7836e-01 2.8424e-01
2.1401e-01 2.5425e-01
1.7562e-02 9.7806e-01
-8.1478e-01 -5.8946e-01
-9.2853e-01 8.2639e-01
3.6366e-01 -7.3762e-01
-2.9651e-01 -3.8820e-02
-5.1446e-01 2.8123e-01
-8.2958e-01 9.7962e-01
-6.7818e-01 7.0169e-01
5.1172e-01 -3.0651e-02
-7.5266e-01 1.9343e-01
-2.5405e-01 2.8299e-01
5.1767e-01 6.7117e-01
8.4400e-01 9.7441e-01
-2.5230e-01 -7.3581e-01
-5.2475e-01 -5.9553e-01
-3.7703e-01 6.3168e-01
4.7375e-02 3.8973e-01
4.6179e-01 -1.5436e-02
-9.1686e-01 -9.3579e-01
6.8890e-01 -6.2367e-01
-3.1539e-01 -2.4282e-01
-6.8117e-01 9.5442e-02
5.4445e-02 8.9210e-02
-1.6898e-02 -7.3944e-01
4.0282e-01 -3.0552e-01
1.9143e-01 -7.2637e-01
-7.7463e-01 2.8180e-01
7.4919e-01 9.2907e-01
7.6080e-01 -3.0145e-01
-6.2121e-01 6.9677e-01
4.1980e-02 3.3977e-01
-2.7366e-01 -9.4996e-01
3.9237e-01 7.4999e-01
9.1772e-01 -4.6314e-01
-8.9768e-01 6.1630e-01
-3.0118e-01 2.6077e-01
2.2569e-01 9.5027e-01
-5.0877e-01 -2.5909e-01
2.9577e-01 -7.3944e-01
2.8226e-01 8.9610e-01
1.1514e-01 3.4269e-01
9.5747e-01 5.1492e-01
-8.0096e-01 -4.3303e-01
-7.8055e-01 4.2523e-01
-7.9096e-01 5.6687e-01
2.2824e-01 -6.8206e-01
9.1880e-01 -5.2994e-01
-3.9476e-01 -7.6613e-01
8.3295e-01 3.6604e-01
-3.4537e-01 -9.2244e-01
1.5922e-01 -2.5809e-01
-4.3561e-02 9.3823e-01
7.9546e-01 2.2788e-01
3.3629e-01 5.8630e-01
8.1039e-01 -7.3245e-01
5.2439e-01 -2.2103e-03
-3.8067e-01 3.3986e-01
-2.3741e-01 8.5169e-01
3.8941e-01 -8.3340e-01
-5.0848e-01 -1.3054e-02
-5.2805e-01 4.9093e-01
-1.5225e-01 1.4006e-01
4.1378e-01 1.4295e-01
6.3069e-01 2.7046e-01
7.0711e-01 -1.1968e-01
-5.7256e-01 4.2486e-01
-4.1844e-01 6.4757e-01
-9.2961e-01 -4.7096e-02
1.9184e-02 2.4214e-01
4.3700e-01 -3.0828e-01
-3.1375e-01 4.2029e-01
8.2424e-01 1.7862e-01
5.8482e-01 -6.2605e-01
-3.1320e-01 7.0314e-01
2.6533e-01 -5.5889e-01
3.3260e-01 9.8025e-01
-4.4468e-01 9.2853e-01
8.8027e-01 -4.6255e-01
5.0390e-01 -7.4217e-01
2.2567e-01 -3.9607e-01
-4.5129e-02 6.3522e-02
-3.7316e-01 9.4078e-01
-8.5752e-01 4.5512e-01
9.5522e-01 -2.5988e-01
7.0653e-01 9.7466e-01
-1.0681e-01 -4.0021e-01
-3.3860e-01 4.7646e-01
9.4188e-01 2.0214e-01
-2.0924e-01 3.1623e-01
5.8508e-01 7.4138e-01
5.7120e-01 -9.0892e-01
1.8870e-02 -9.7928e-01
5.7266e-01 -2.8768e-01
2.0632e-01 -3.8831e-02
-9.2415e-01 1.4629e-01
-5.0910e-01 -9.8031e-01
5.1604e-01 -3.7295e-01
-7.1050e-02 5.6396e-01
8.9794e-01 6.2689e-01
-5.6375e-01 -6.0803e-01
4.2030e-01 4.1105e-01
4.0749e-01 -9.4637e-01
2.7903e-01 -1.4213e-01
-9.2904e-01 3.8703e-01
7.5430e-01 6.7349e-01
-8.6034e-01 -1.1561e-01
-1.3026e-02 -8.0031e-01
-2.0298e-01 -2.9471e-01
-4.4604e-01 -2.1385e-01
-4.2334e-01 -6.8575e-01
3.7859e-02 9.6371e-01
-1.9439e-01 -8.4533e-01
8.7715e-01 -6.2058e-01
2.8797e-01 2.7191e-01
-2.1737e-01 -3.1832e-01
4.1663e-01 -2.3054e-01
9.5797e-01 -6.6940e-01
4.4967e-01 -3.6093e-01
8.2213e-02 7.8360e-01
2.1774e-01 -9.3478e-01
-3.1922e-01 -3.3840e-01
-3.2948e-01 5.0181e-01
-1.1684e-01 7.1568e-01
7.8659e-01 5.5030e-01
-5.2382e-01 -6.9640e-01
1.8731e-01 9.8050e-01
-2.1008e-01 2.1808e-01
-9.3671e-01 2.6728e-01
-1.1057e-01 -4.9850e-01
6.2665e-02 -4.4693e-01
-9.3343e-02 -5.9822e-01
-8.6952e-01 -4.0723e-01
-1.5365e-01 -1.9469e-01
-1.2087e-01 -8.7751e-01
2.1398e-01 7.8144e-01
-1.5877e-01 -8.1479e-01
-1.4898e-01 -1.6623e-01
-6.4600e-01 -9.4348e-02
2.1189e-01 6.1823e-01
-9.7414e-01 -4.3069e-02
1.0713e-01 7.3856e-01
6.1157e-01 -8.0832e-01
5.0417e-01 3.7260e-01
-1.8836e-01 -9.2306e-02
-7.4047e-01 7.9499e-01
-8.2753e-03 1.9837e-01
-3.3400e-01 1.2689e-01
-9.4313e-01 -7.1921e-01
1.0199e-01 -2.6015e-01
5.5474e-01 -2.6135e-01
-7.5115e-01 3.4108e-01
-9.7473e-01 -9.3366e-01
-9.6368e-02 -8.4951e-01
-9.7452e-01 4.9014e-01
8.1308e-01 1.2187e-02
5.5017e-01 -5.5348e-02
6.9785e-01 9.3284e-01
-9.8059e-01 -4.1474e-01
2.7160e-01 -7.3207e-01
-4.4434e-01 1.3494e-01
7.3619e-01 -4.5592e-01
6.8170e-01 -5.4161e-02
6.7749e-01 -7.4233e-01
-8.2124e-01 -1.2468e-01
-1.0966e-01 -9.5461e-01
-9.7099e-02 7.7134e-01
-6.0593e-02 -9.4369e-01
-9.3684e-01 -4.0822e-01
-3.8351e-01 -8.1534e-01
5.7415e-01 8.8809e-02
-9.3650e-01 -2.0931e-01
-5.7587e-01 9.6617e-01
2.9866e-01 3.2592e-01
9.6551e-02 -3.5517e-02
-5.0845e-01 1.5561e-01
-7.8414e-02 2.2878e-01
-8.8070e-01 -5.4096e-01
-4.5244e-01 -2.4132e-01
7.0555e-01 -3.0988e-01
-8.8427e-01 -9.4137e-01
5.4446e-01 6.6905e-01
-2.9673e-01 -6.7406e-01
2.7844e-01 -2.2969e-01
-2.0743e-01 5.0649e-01
-7.7916e-01 -9.0578e-01
-1.8210e-01 8.0107e-01
-3.9267e-01 -6.0915e-01
9.6356e-01 9.8017e-01
9.7710e-01 2.3191e-02
5.9044e-01 -3.8920e-01
7.1402e-01 6.1066e-01
-1.3142e-01 8.0387e-01
-1.4576e-01 6.1146e-02
3.7370e-01 2.9930e-02
1.8197e-01 4.6250e-01
-3.9085e-01 -3.7861e-02
2.7753e-01 6.7704e-01
-7.4277e-01 1.2590e-01
-2.9708e-02 7.6357e-01
-9.0403e-02 9.5296e-01
-6.1379e-01 -9.5164e-01
2.2795e-01 4.7635e-01
2.4411e-02 -6.3181e-01
9.1864e-01 3.2232e-01
-6.5932e-01 6.5497e-01
6.4460e-01 8.8250e-01
-5.3686e-01 6.4165e-01
-7.6004e-01 4.0593e-02
7.1501e-01 3.0721e-01
-9.7870e-01 5.9045e-01
6.8230e-01 -2.2970e-01
5.8596e-02 -3.4308e-01
-6.5659e-02 5.0448e-01
-9.1143e-01 -9.1576e-02
9.7790e-01 -3.6690e-01
-1.5281e-01 -9.5555e-01
9.5622e-01 -3.1645e-01
-6.4656e-01 -4.7752e-01
-7.8206e-01 6.2993e-01
2.3473e-01 -7.3115e-01
-6.0654e-01 2.8684e-01
5.9282e-01 -2.3715e-01
5.8471e-01 9.8002e-01
8.5141e-01 6.0146e-01
-7.7020e-01 7.8144e-01
1.1830e-01 -8.6799e-01
-4.8719e-01 5.1039e-01
6.8803e-01 -8.2206e-01
1.4970e-01 -4.6713e-01
-5.3869e-01 9.2216e-01
-3.5364e-01 1.6242e-01
-2.8472e-01 9.4710e-01
-1.4414e-01 2.8869e-01
-8.9640e-01 -1.5312e-01
-8.1088e-01 9.2265e-01
8.7436e-01 -9.7960e-01
-1.9654e-01 6.2864e-01
5.8653e-01 -4.3756e-01
1.8135e-01 -9.1251e-01
-4.0297e-01 -5.8009e-01
-6.6591e-01 -3.9302e-02
8.4379e-01 -2.2979e-01
-3.1814e-01 -7.4307e-01
7.4071e-02 6.5400e-01
-1.7041e-01 8.2448e-01
-4.2348e-01 -6.3217e-01
1.1612e-02 -8.8766e-01
-2.9093e-01 3.9923e-01
-2.5120e-01 6.7420e-01
8.6269e-01 3.7687e-01
-9.1685e-01 8.8669e-01
3.5643e-01 -1.8106e-01
-6.8550e-01 -4.8314e-01
6.8581e-02 5.9362e-01
8.7860e-01 -1.7929e-01
6.6961e-01 9.3462e-01
6.0508e-01 8.0542e-01
1.5797e-01 -1.2062e-01
5.8999e-01 -8.5703e-01
9.2620e-01 -6.2834e-01
6.7695e-01 -3.0040e-01
-9.7951e-01 9.1025e-01
-1.0492e-01 1.7148e-01
-1.6944e-01 5.8434e-01
7.5257e-01 4.0471e-02
3.1624e-01 -2.5815e-01
-1.3133e-01 2.3341e-01
-8.5476e-01 -5.0090e-01
4.4721e-01 -1.2034e-01
1.8010e-01 -3.7219e-01
1.4424e-01 -4.3544e-01
-9.4328e-01 5.5112e-01
-4.5898e-01 -8.5083e-01
7.3889e-01 -8.0615e-01
1.5633e-01 2.5078e-01
9.4613e-01 -1.6457e-01
-2.1472e-01 -8.1341e-01
-3.0360e-02 -3.7147e-01
-5.9527e-02 -6.8014e-02
-8.0423e-01 -3.5110e-01
-1.0325e-01 1.4235e-01
1.8163e-02 -2.3564e-01
-3.9868e-01 5.2450e-01
-9.2897e-01 -9.0765e-01
-6.6679e-01 5.7453e-01
2.7683e-01 9.7624e-01
-1.9081e-01 8.7306e-01
8.0961e-01 -7.0423e-01
9.4469e-01 1.4872e-01
5.2272e-01 -6.5114e-01
1.4918e-01 -9.2651e-01
-9.7804e-01 -8.0004e-02
-5.1931e-02 -8.3638e-01
-5.5883e-01 -3.6561e-01
4.2307e-01 3.1330e-02
-1.0982e-01 2.2671e-02
-4.0171e-01 4.2759e-02
-8.5862e-02 6.9099e-02
8.5588e-01 -2.8687e-01
8.4870e-01 8.6783e-01
-2.1442e-01 -3.6845e-01
6.6565e-01 -3.4831e-01
-3.9973e-01 2.4856e-01
-4.7716e-01 -7.3406e-02
1.6514e-01 -6.8777e-02
4.7310e-01 3.6720e-02
1.4107e-01 -7.2385e-01
2.9550e-01 -3.1491e-02
-2.8190e-01 -5.1925e-01
5.8089e-01 7.2260e-03
2.7122e-01 -6.8967e-01
-7.7300e-01 -1.9461e-01
4.1658e-01 8.9132e-01
4.9995e-01 -8.3144e-01
-1.3082e-01 -6.9867e-01
7.4935e-01 7.2194e-01
4.9958e-01 -2.4908e-01
-6.3024e-01 6.9356e-02
3.9336e-01 4.6011e-01
5.4180e-01 -1.6445e-01
6.0625e-01 3.7192e-01
-8.6890e-02 -4.7544e-01
-9.4786e-01 7.2023e-01
2.4215e-01 7.4032e-01
2.9038e-01 -8.3258e-01
-1.9921e-01 4.4475e-01
8.3412e-01 -1.4628e-01
9.1913e-01 4.7164e-01
-2.5869e-01 5.0043e-02
3.8831e-01 -7.6849e-01
-2.8532e-01 -1.4765e-01
-4.4707e-01 1.0246e-01
8.8697e-02 -7.0616e-01
7.6219e-01 -3.9249e-01
8.7235e-01 2.3506e-01
-5.7233e-02 7.0930e-01
-3.7257e-01 -9.7604e-01
7.2024e-01 -4.0736e-01
-5.2481e-01 -4.6745e-01
-9.7869e-01 -4.4063e-01
3.0701e-01 -6.6389e-02
9.2088e-01 9.7877e-01
5.5372e-01 -6.7457e-01
4.5770e-01 3.3158e-01
-8.4623e-02 -1.0088e-01
7.2639e-01 7.9006e-01
5.7649e-01 -7.6477e-01
-4.7998e-01 7.2677e-01
-8.1378e-01 6.8894e-02
-7.1040e-01 -2.9563e-02
4.9838e-01 4.6547e-01
9.1069e-01 -8.4167e-01
4.9351e-01 8.8161e-01
-1.6685e-01 -5.1715e-02
3.7253e-01 4.9718e-01
3.8525e-01 -6.6860e-01
9.7859e-01 6.7549e-01
-5.3094e-01 5.9115e-01
-9.7902e-01 -8.9883e-01
5.7815e-01 -4.1346e-01
-7.2380e-01 -4.0240e-01
-6.9878e-01 8.6212e-01
-2.1674e-01 9.8013e-01
2.4203e-01 -8.1127e-01
-5.4468e-01 2.4206e-01
-6.4416e-01 1.3507e-01
5.9234e-01 -6.7521e-01
8.8249e-02 4.3568e-01
-9.8032e-01 -8.0150e-01
9.1325e-01 -4.2060e-01
-3.6481e-01 3.9381e-01
-6.6508e-01 9.3098e-01
-8.0068e-02 -1.8432e-01
-3.0345e-01 7.7758e-01
9.4392e-02 -9.7604e-02
-6.2654e-01 4.3405e-01
6.3766e-01 -5.4083e-01
3.6397e-01 -6.0634e-01
-7.3043e-01 -9.2484e-02
7.1289e-01 8.4069e-02
-5.2262e-01 5.5308e-01
5.1903e-01 9.2821e-01
-2.4782e-01 -1.7711e-01
3.9690e-01 6.9248e-01
-5.4979e-01 -4.2551e-01
-8.5940e-01 -9.2269e-01
7.4629e-01 -1.1563e-01
1.2029e-01 -9.6791e-01
-5.9799e-01 -7.6213e-02
6.6846e-02 2.9116e-01
-5.8139e-01 -4.1209e-02
2.8214e-01 5.7796e-01
-8.4462e-01 8.6208e-01
-9.7893e-02 -2.3843e-01
2.7581e-01 4.0787e-01
7.6088e-01 -5.2144e-01
-3.2135e-01 6.2325e-01
3.3066e-01 -1.8070e-01
1.1041e-01 1.8453e-01
6.4614e-01 -4.9279e-01
6.5817e-01 7.8066e-01
-3.9558e-01 9.2804e-01
1.7199e-02 -6.9233e-01
-1.8622e-02 4.0251e-01
-5.4550e-01 -8.1674e-02
6.5488e-01 -2.2263e-02
8.4090e-01 -8.9772e-01
3.6673e-01 -9.1426e-01
-6.5371e-01 2.8376e-01
3.5490e-01 -5.3096e-01
-5.1934e-01 9.0666e-01
7.3627e-02 9.5836e-01
-4.2419e-01 -8.4713e-01
2.2794e-01 2.0621e-01
8.7431e-01 8.3836e-01
2.4105e-01 6.4823e-01
-6.8093e-01 -1.4488e-01
3.9490e-02 1.2663e-01
7.3161e-01 -5.5619e-01
